0	15	20	0	0
0.1	15	20	0.423413	0.444284
0.2	15	20	0.828044	0.88771
0.3	15	20	1.22135	1.33031
0.4	15	20	1.60567	1.77211
0.5	15	20	1.98233	2.21311
0.6	15	20	2.35225	2.65332
0.7	15	20	2.71608	3.09274
0.8	15	20	3.07435	3.53139
0.9	15	20	3.42745	3.96926
1	15	20	3.77575	4.40637
1.1	15	20	4.11952	4.84272
1.2	15	20	4.45902	5.27831
1.3	15	20	4.79446	5.71314
1.4	15	20	5.12603	6.14723
1.5	15	20	5.4539	6.58058
1.6	15	20	5.77823	7.01319
1.7	15	20	6.09915	7.44505
1.8	15	20	6.41679	7.87619
1.9	15	20	6.73125	8.3066
2	15	20	7.04266	8.73628
2.1	15	20	7.3511	9.16524
2.2	15	20	7.65667	9.59347
2.3	15	20	7.95944	10.021
2.4	15	20	8.2595	10.4478
2.5	15	20	8.55693	10.8739
2.6	15	20	8.85178	11.2993
2.7	15	20	9.14413	11.724
2.8	15	20	9.43403	12.148
2.9	15	20	9.72155	12.5712
3	15	20	10.0067	12.9938
3.1	15	20	10.2896	13.4157
3.2	15	20	10.5703	13.8369
3.3	15	20	10.8488	14.2574
3.4	15	20	11.1252	14.6773
3.5	15	20	11.3994	15.0964
3.6	15	20	11.6716	15.5149
3.7	15	20	11.9418	15.9326
3.8	15	20	12.21	16.3497
3.9	15	20	12.4763	16.7662
4	15	20	12.7407	17.1819
4.1	15	20	13.0031	17.597
4.2	15	20	13.2638	18.0114
4.3	15	20	13.5226	18.4252
4.4	15	20	13.7648	18.8297
4.5	15	20	13.9441	19.1231
4.6	15	20	14.0817	19.3439
4.7	15	20	14.1876	19.5092
4.8	15	20	14.2698	19.633
4.9	15	20	14.3343	19.7258
5	15	20	14.3856	19.7953
5.1	15	20	14.4268	19.8474
5.2	15	20	14.4606	19.8865
5.3	15	20	14.4887	19.9158
5.4	15	20	14.5126	19.9378
5.5	15	20	14.5331	19.9544
5.6	15	20	14.5511	19.9668
5.7	15	20	14.5672	19.9761
5.8	15	20	14.5818	19.9831
5.9	15	20	14.5951	19.9884
6	15	20	14.6075	19.9925
6.1	15	20	14.6192	19.9955
6.2	15	20	14.6302	19.9978
6.3	15	20	14.6406	19.9995
6.4	15	20	14.6506	20.0009
6.5	15	20	14.6602	20.0019
6.6	15	20	14.6694	20.0027
6.7	15	20	14.6783	20.0033
6.8	15	20	14.6869	20.0037
6.9	15	20	14.6953	20.0041
7	15	20	14.7034	20.0044
7.1	15	20	14.7112	20.0046
7.2	15	20	14.7189	20.0048
7.3	15	20	14.7263	20.0049
7.4	15	20	14.7335	20.0051
7.5	15	20	14.7405	20.0051
7.6	15	20	14.7474	20.0052
7.7	15	20	14.754	20.0053
7.8	15	20	14.7605	20.0053
7.9	15	20	14.7668	20.0054
8	15	20	14.7729	20.0054
8.1	15	20	14.7789	20.0054
8.2	15	20	14.7847	20.0054
8.3	15	20	14.7904	20.0054
8.4	15	20	14.7959	20.0054
8.5	15	20	14.8012	20.0054
8.6	15	20	14.8065	20.0054
8.7	15	20	14.8115	20.0054
8.8	15	20	14.8165	20.0054
8.9	15	20	14.8213	20.0054
9	15	20	14.826	20.0054
9.1	15	20	14.8306	20.0053
9.2	15	20	14.835	20.0053
9.3	15	20	14.8394	20.0053
9.4	15	20	14.8436	20.0052
9.5	15	20	14.8477	20.0052
9.6	15	20	14.8517	20.0052
9.7	15	20	14.8556	20.0051
9.8	15	20	14.8594	20.0051
9.9	15	20	14.8631	20.0051
10	15	20	14.8667	20.005
10.1	15	20	14.8702	20.005
10.2	15	20	14.8736	20.0049
10.3	15	20	14.8769	20.0049
10.4	15	20	14.8801	20.0049
10.5	15	20	14.8833	20.0048
10.6	15	20	14.8864	20.0048
10.7	15	20	14.8893	20.0047
10.8	15	20	14.8923	20.0047
10.9	15	20	14.8951	20.0046
11	15	20	14.8978	20.0046
11.1	15	20	14.9005	20.0045
11.2	15	20	14.9031	20.0045
11.3	15	20	14.9057	20.0044
11.4	15	20	14.9082	20.0044
11.5	15	20	14.9106	20.0043
11.6	15	20	14.9129	20.0042
11.7	15	20	14.9152	20.0042
11.8	15	20	14.9174	20.0041
11.9	15	20	14.9196	20.0041
12	15	20	14.9217	20.004
12.1	15	20	14.9238	20.004
12.2	15	20	14.9258	20.0039
12.3	15	20	14.9277	20.0039
12.4	15	20	14.9296	20.0038
12.5	15	20	14.9315	20.0038
12.6	15	20	14.9333	20.0037
12.7	15	20	14.935	20.0037
12.8	15	20	14.9367	20.0036
12.9	15	20	14.9384	20.0036
13	15	20	14.94	20.0035
13.1	15	20	14.9416	20.0034
13.2	15	20	14.9431	20.0034
13.3	15	20	14.9446	20.0033
13.4	15	20	14.9461	20.0033
13.5	15	20	14.9475	20.0032
13.6	15	20	14.9489	20.0032
13.7	15	20	14.9502	20.0031
13.8	15	20	14.9515	20.0031
13.9	15	20	14.9528	20.003
14	15	20	14.954	20.003
14.1	15	20	14.9552	20.003
14.2	15	20	14.9564	20.0029
14.3	15	20	14.9576	20.0029
14.4	15	20	14.9587	20.0028
14.5	15	20	14.9598	20.0028
14.6	15	20	14.9608	20.0027
14.7	15	20	14.9619	20.0027
14.8	15	20	14.9629	20.0026
14.9	15	20	14.9638	20.0026
15	15	20	14.9648	20.0025
15.1	15	20	14.946	20.0024
15.2	15	20	14.9341	20.0022
15.3	15	20	14.9254	20.002
15.4	15	20	14.9193	20.0018
15.5	15	20	14.9152	20.0016
15.6	15	20	14.9127	20.0015
15.7	15	20	14.9114	20.0013
15.8	15	20	14.9109	20.0012
15.9	15	20	14.9111	20.0011
16	15	20	14.9118	20.001
16.1	15	20	14.9128	20.001
16.2	15	20	14.9141	20.0009
16.3	15	20	14.9157	20.0009
16.4	15	20	14.9173	20.0009
16.5	15	20	14.919	20.0009
16.6	15	20	14.9208	20.0009
16.7	15	20	14.9227	20.0009
16.8	15	20	14.9245	20.0009
16.9	15	20	14.9264	20.0009
17	15	20	14.9282	20.0009
17.1	15	20	14.93	20.0009
17.2	15	20	14.9318	20.001
17.3	15	20	14.9335	20.001
17.4	15	20	14.9353	20.001
17.5	15	20	14.9369	20.001
17.6	15	20	14.9386	20.001
17.7	15	20	14.9402	20.001
17.8	15	20	14.9418	20.001
17.9	15	20	14.9433	20.001
18	15	20	14.9448	20.0011
18.1	15	20	14.9462	20.0011
18.2	15	20	14.9477	20.0011
18.3	15	20	14.949	20.0011
18.4	15	20	14.9504	20.0011
18.5	15	20	14.9517	20.0011
18.6	15	20	14.953	20.0011
18.7	15	20	14.9542	20.0011
18.8	15	20	14.9554	20.0011
18.9	15	20	14.9566	20.0011
19	15	20	14.9578	20.0011
19.1	15	20	14.9589	20.0011
19.2	15	20	14.96	20.0011
19.3	15	20	14.961	20.0011
19.4	15	20	14.9621	20.0011
19.5	15	20	14.9631	20.0011
19.6	15	20	14.9641	20.0011
19.7	15	20	14.965	20.0011
19.8	15	20	14.9659	20.0011
19.9	15	20	14.9668	20.0011
20	15	20	14.9677	20.0011
20.1	15	20	14.9686	20.0011
20.2	15	20	14.9694	20.0011
20.3	15	20	14.9702	20.001
20.4	15	20	14.971	20.001
20.5	15	20	14.9718	20.001
20.6	15	20	14.9725	20.001
20.7	15	20	14.9733	20.001
20.8	15	20	14.974	20.001
20.9	15	20	14.9747	20.001
21	15	20	14.9753	20.001
21.1	15	20	14.976	20.001
21.2	15	20	14.9766	20.001
21.3	15	20	14.9772	20.001
21.4	15	20	14.9778	20.001
21.5	15	20	14.9784	20.0009
21.6	15	20	14.979	20.0009
21.7	15	20	14.9796	20.0009
21.8	15	20	14.9801	20.0009
21.9	15	20	14.9806	20.0009
22	15	20	14.9811	20.0009
22.1	15	20	14.9816	20.0009
22.2	15	20	14.9821	20.0009
22.3	15	20	14.9826	20.0009
22.4	15	20	14.9831	20.0008
22.5	15	20	14.9835	20.0008
22.6	15	20	14.9839	20.0008
22.7	15	20	14.9844	20.0008
22.8	15	20	14.9848	20.0008
22.9	15	20	14.9852	20.0008
23	15	20	14.9856	20.0008
23.1	15	20	14.986	20.0008
23.2	15	20	14.9863	20.0008
23.3	15	20	14.9867	20.0007
23.4	15	20	14.9871	20.0007
23.5	15	20	14.9874	20.0007
23.6	15	20	14.9877	20.0007
23.7	15	20	14.9881	20.0007
23.8	15	20	14.9884	20.0007
23.9	15	20	14.9887	20.0007
24	15	20	14.989	20.0007
24.1	15	20	14.9893	20.0007
24.2	15	20	14.9896	20.0007
24.3	15	20	14.9898	20.0006
24.4	15	20	14.9901	20.0006
24.5	15	20	14.9904	20.0006
24.6	15	20	14.9906	20.0006
24.7	15	20	14.9909	20.0006
24.8	15	20	14.9911	20.0006
24.9	15	20	14.9913	20.0006
25	15	20	14.9916	20.0006
25.1	15	20	14.9918	20.0006
25.2	15	20	14.992	20.0006
25.3	15	20	14.9922	20.0005
25.4	15	20	14.9924	20.0005
25.5	15	20	14.9926	20.0005
25.6	15	20	14.9928	20.0005
25.7	15	20	14.993	20.0005
25.8	15	20	14.9932	20.0005
25.9	15	20	14.9934	20.0005
26	15	20	14.9936	20.0005
26.1	15	20	14.9937	20.0005
26.2	15	20	14.9939	20.0005
26.3	15	20	14.9941	20.0005
26.4	15	20	14.9942	20.0005
26.5	15	20	14.9944	20.0004
26.6	15	20	14.9945	20.0004
26.7	15	20	14.9947	20.0004
26.8	15	20	14.9948	20.0004
26.9	15	20	14.9949	20.0004
27	15	20	14.9951	20.0004
27.1	15	20	14.9952	20.0004
27.2	15	20	14.9953	20.0004
27.3	15	20	14.9955	20.0004
27.4	15	20	14.9956	20.0004
27.5	15	20	14.9957	20.0004
27.6	15	20	14.9958	20.0004
27.7	15	20	14.9959	20.0004
27.8	15	20	14.996	20.0004
27.9	15	20	14.9961	20.0003
28	15	20	14.9962	20.0003
28.1	15	20	14.9963	20.0003
28.2	15	20	14.9964	20.0003
28.3	15	20	14.9965	20.0003
28.4	15	20	14.9966	20.0003
28.5	15	20	14.9967	20.0003
28.6	15	20	14.9968	20.0003
28.7	15	20	14.9969	20.0003
28.8	15	20	14.997	20.0003
28.9	15	20	14.997	20.0003
29	15	20	14.9971	20.0003
29.1	15	20	14.9972	20.0003
29.2	15	20	14.9973	20.0003
29.3	15	20	14.9973	20.0003
29.4	15	20	14.9974	20.0003
29.5	15	20	14.9975	20.0003
29.6	15	20	14.9976	20.0002
29.7	15	20	14.9976	20.0002
29.8	15	20	14.9977	20.0002
29.9	15	20	14.9977	20.0002
30	15	20	14.9978	20.0002
30.1	15	20	15.0196	20.0003
30.2	15	20	15.0331	20.0004
30.3	15	20	15.0429	20.0006
30.4	15	20	15.0497	20.0008
30.5	15	20	15.0543	20.0009
30.6	15	20	15.0573	20.0011
30.7	15	20	15.059	20.0012
30.8	15	20	15.0599	20.0012
30.9	15	20	15.0602	20.0013
31	15	20	15.0599	20.0013
31.1	15	20	15.0594	20.0013
31.2	15	20	15.0586	20.0013
31.3	15	20	15.0576	20.0013
31.4	15	20	15.0565	20.0012
31.5	15	20	15.0553	20.0012
31.6	15	20	15.0541	20.0012
31.7	15	20	15.0528	20.0011
31.8	15	20	15.0516	20.0011
31.9	15	20	15.0503	20.001
32	15	20	15.0491	20.001
32.1	15	20	15.0478	20.0009
32.2	15	20	15.0466	20.0009
32.3	15	20	15.0454	20.0008
32.4	15	20	15.0442	20.0008
32.5	15	20	15.0431	20.0007
32.6	15	20	15.042	20.0007
32.7	15	20	15.0409	20.0006
32.8	15	20	15.0398	20.0006
32.9	15	20	15.0388	20.0006
33	15	20	15.0378	20.0005
33.1	15	20	15.0368	20.0005
33.2	15	20	15.0358	20.0004
33.3	15	20	15.0349	20.0004
33.4	15	20	15.034	20.0004
33.5	15	20	15.0331	20.0003
33.6	15	20	15.0322	20.0003
33.7	15	20	15.0313	20.0003
33.8	15	20	15.0305	20.0003
33.9	15	20	15.0297	20.0002
34	15	20	15.0289	20.0002
34.1	15	20	15.0282	20.0002
34.2	15	20	15.0274	20.0002
34.3	15	20	15.0267	20.0001
34.4	15	20	15.026	20.0001
34.5	15	20	15.0253	20.0001
34.6	15	20	15.0247	20.0001
34.7	15	20	15.024	20
34.8	15	20	15.0234	20
34.9	15	20	15.0228	20
35	15	20	15.0222	20
35.1	15	20	15.0216	20
35.2	15	20	15.021	20
35.3	15	20	15.0205	20
35.4	15	20	15.0199	19.9999
35.5	15	20	15.0194	19.9999
35.6	15	20	15.0189	19.9999
35.7	15	20	15.0184	19.9999
35.8	15	20	15.0179	19.9999
35.9	15	20	15.0175	19.9999
36	15	20	15.017	19.9999
36.1	15	20	15.0165	19.9999
36.2	15	20	15.0161	19.9999
36.3	15	20	15.0157	19.9999
36.4	15	20	15.0153	19.9999
36.5	15	20	15.0149	19.9998
36.6	15	20	15.0145	19.9998
36.7	15	20	15.0141	19.9998
36.8	15	20	15.0137	19.9998
36.9	15	20	15.0134	19.9998
37	15	20	15.013	19.9998
37.1	15	20	15.0127	19.9998
37.2	15	20	15.0123	19.9998
37.3	15	20	15.012	19.9998
37.4	15	20	15.0117	19.9998
37.5	15	20	15.0114	19.9998
37.6	15	20	15.0111	19.9998
37.7	15	20	15.0108	19.9998
37.8	15	20	15.0105	19.9998
37.9	15	20	15.0102	19.9998
38	15	20	15.01	19.9998
38.1	15	20	15.0097	19.9998
38.2	15	20	15.0095	19.9998
38.3	15	20	15.0092	19.9998
38.4	15	20	15.009	19.9998
38.5	15	20	15.0087	19.9998
38.6	15	20	15.0085	19.9998
38.7	15	20	15.0083	19.9998
38.8	15	20	15.0081	19.9998
38.9	15	20	15.0079	19.9998
39	15	20	15.0076	19.9998
39.1	15	20	15.0074	19.9998
39.2	15	20	15.0072	19.9998
39.3	15	20	15.0071	19.9998
39.4	15	20	15.0069	19.9998
39.5	15	20	15.0067	19.9998
39.6	15	20	15.0065	19.9998
39.7	15	20	15.0063	19.9998
39.8	15	20	15.0062	19.9998
39.9	15	20	15.006	19.9998
40	15	20	15.0059	19.9998
40.1	15	20	15.0057	19.9998
40.2	15	20	15.0056	19.9998
40.3	15	20	15.0054	19.9998
40.4	15	20	15.0053	19.9998
40.5	15	20	15.0051	19.9998
40.6	15	20	15.005	19.9998
40.7	15	20	15.0049	19.9998
40.8	15	20	15.0047	19.9998
40.9	15	20	15.0046	19.9998
41	15	20	15.0045	19.9998
41.1	15	20	15.0044	19.9998
41.2	15	20	15.0043	19.9998
41.3	15	20	15.0041	19.9998
41.4	15	20	15.004	19.9998
41.5	15	20	15.0039	19.9998
41.6	15	20	15.0038	19.9998
41.7	15	20	15.0037	19.9998
41.8	15	20	15.0036	19.9998
41.9	15	20	15.0035	19.9998
42	15	20	15.0034	19.9998
42.1	15	20	15.0033	19.9998
42.2	15	20	15.0033	19.9998
42.3	15	20	15.0032	19.9998
42.4	15	20	15.0031	19.9998
42.5	15	20	15.003	19.9998
42.6	15	20	15.0029	19.9998
42.7	15	20	15.0029	19.9998
42.8	15	20	15.0028	19.9999
42.9	15	20	15.0027	19.9999
43	15	20	15.0026	19.9999
43.1	15	20	15.0026	19.9999
43.2	15	20	15.0025	19.9999
43.3	15	20	15.0024	19.9999
43.4	15	20	15.0024	19.9999
43.5	15	20	15.0023	19.9999
43.6	15	20	15.0022	19.9999
43.7	15	20	15.0022	19.9999
43.8	15	20	15.0021	19.9999
43.9	15	20	15.0021	19.9999
44	15	20	15.002	19.9999
44.1	15	20	15.002	19.9999
44.2	15	20	15.0019	19.9999
44.3	15	20	15.0019	19.9999
44.4	15	20	15.0018	19.9999
44.5	15	20	15.0018	19.9999
44.6	15	20	15.0017	19.9999
44.7	15	20	15.0017	19.9999
44.8	15	20	15.0016	19.9999
44.9	15	20	15.0016	19.9999
45	15	20	15.0015	19.9999
45.1	15	20	15.0015	19.9969
45.2	15	20	15.0015	19.9949
45.3	15	20	15.0014	19.9934
45.4	15	20	15.0014	19.9923
45.5	15	20	15.0014	19.9916
45.6	15	20	15.0013	19.9911
45.7	15	20	15.0013	19.9907
45.8	15	20	15.0013	19.9905
45.9	15	20	15.0012	19.9904
46	15	20	15.0012	19.9904
46.1	15	20	15.0012	19.9905
46.2	15	20	15.0011	19.9906
46.3	15	20	15.0011	19.9907
46.4	15	20	15.0011	19.9909
46.5	15	20	15.001	19.991
46.6	15	20	15.001	19.9912
46.7	15	20	15.001	19.9914
46.8	15	20	15.001	19.9916
46.9	15	20	15.0009	19.9918
47	15	20	15.0009	19.992
47.1	15	20	15.0009	19.9922
47.2	15	20	15.0009	19.9924
47.3	15	20	15.0008	19.9926
47.4	15	20	15.0008	19.9928
47.5	15	20	15.0008	19.993
47.6	15	20	15.0008	19.9932
47.7	15	20	15.0008	19.9933
47.8	15	20	15.0007	19.9935
47.9	15	20	15.0007	19.9937
48	15	20	15.0007	19.9938
48.1	15	20	15.0007	19.994
48.2	15	20	15.0007	19.9942
48.3	15	20	15.0006	19.9943
48.4	15	20	15.0006	19.9945
48.5	15	20	15.0006	19.9946
48.6	15	20	15.0006	19.9948
48.7	15	20	15.0006	19.9949
48.8	15	20	15.0006	19.995
48.9	15	20	15.0005	19.9952
49	15	20	15.0005	19.9953
49.1	15	20	15.0005	19.9954
49.2	15	20	15.0005	19.9955
49.3	15	20	15.0005	19.9957
49.4	15	20	15.0005	19.9958
49.5	15	20	15.0005	19.9959
49.6	15	20	15.0005	19.996
49.7	15	20	15.0004	19.9961
49.8	15	20	15.0004	19.9962
49.9	15	20	15.0004	19.9963
50	15	20	15.0004	19.9964
50.1	15	20	15.0004	19.9965
50.2	15	20	15.0004	19.9966
50.3	15	20	15.0004	19.9967
50.4	15	20	15.0004	19.9968
50.5	15	20	15.0004	19.9969
50.6	15	20	15.0003	19.9969
50.7	15	20	15.0003	19.997
50.8	15	20	15.0003	19.9971
50.9	15	20	15.0003	19.9972
51	15	20	15.0003	19.9972
51.1	15	20	15.0003	19.9973
51.2	15	20	15.0003	19.9974
51.3	15	20	15.0003	19.9975
51.4	15	20	15.0003	19.9975
51.5	15	20	15.0003	19.9976
51.6	15	20	15.0003	19.9977
51.7	15	20	15.0003	19.9977
51.8	15	20	15.0003	19.9978
51.9	15	20	15.0002	19.9978
52	15	20	15.0002	19.9979
52.1	15	20	15.0002	19.998
52.2	15	20	15.0002	19.998
52.3	15	20	15.0002	19.9981
52.4	15	20	15.0002	19.9981
52.5	15	20	15.0002	19.9982
52.6	15	20	15.0002	19.9982
52.7	15	20	15.0002	19.9983
52.8	15	20	15.0002	19.9983
52.9	15	20	15.0002	19.9983
53	15	20	15.0002	19.9984
53.1	15	20	15.0002	19.9984
53.2	15	20	15.0002	19.9985
53.3	15	20	15.0002	19.9985
53.4	15	20	15.0002	19.9986
53.5	15	20	15.0002	19.9986
53.6	15	20	15.0002	19.9986
53.7	15	20	15.0002	19.9987
53.8	15	20	15.0001	19.9987
53.9	15	20	15.0001	19.9987
54	15	20	15.0001	19.9988
54.1	15	20	15.0001	19.9988
54.2	15	20	15.0001	19.9988
54.3	15	20	15.0001	19.9989
54.4	15	20	15.0001	19.9989
54.5	15	20	15.0001	19.9989
54.6	15	20	15.0001	19.999
54.7	15	20	15.0001	19.999
54.8	15	20	15.0001	19.999
54.9	15	20	15.0001	19.999
55	15	20	15.0001	19.9991
55.1	15	20	15.0001	19.9991
55.2	15	20	15.0001	19.9991
55.3	15	20	15.0001	19.9991
55.4	15	20	15.0001	19.9992
55.5	15	20	15.0001	19.9992
55.6	15	20	15.0001	19.9992
55.7	15	20	15.0001	19.9992
55.8	15	20	15.0001	19.9992
55.9	15	20	15.0001	19.9993
56	15	20	15.0001	19.9993
56.1	15	20	15.0001	19.9993
56.2	15	20	15.0001	19.9993
56.3	15	20	15.0001	19.9993
56.4	15	20	15.0001	19.9994
56.5	15	20	15.0001	19.9994
56.6	15	20	15.0001	19.9994
56.7	15	20	15.0001	19.9994
56.8	15	20	15.0001	19.9994
56.9	15	20	15.0001	19.9994
57	15	20	15.0001	19.9995
57.1	15	20	15.0001	19.9995
57.2	15	20	15.0001	19.9995
57.3	15	20	15.0001	19.9995
57.4	15	20	15.0001	19.9995
57.5	15	20	15.0001	19.9995
57.6	15	20	15.0001	19.9995
57.7	15	20	15.0001	19.9995
57.8	15	20	15.0001	19.9996
57.9	15	20	15	19.9996
58	15	20	15	19.9996
58.1	15	20	15	19.9996
58.2	15	20	15	19.9996
58.3	15	20	15	19.9996
58.4	15	20	15	19.9996
58.5	15	20	15	19.9996
58.6	15	20	15	19.9996
58.7	15	20	15	19.9997
58.8	15	20	15	19.9997
58.9	15	20	15	19.9997
59	15	20	15	19.9997
59.1	15	20	15	19.9997
59.2	15	20	15	19.9997
59.3	15	20	15	19.9997
59.4	15	20	15	19.9997
59.5	15	20	15	19.9997
59.6	15	20	15	19.9997
59.7	15	20	15	19.9997
59.8	15	20	15	19.9997
59.9	15	20	15	19.9997
60	15	20	15	19.9998
60.1	15	20	15	20.0031
60.2	15	20	15	20.0052
60.3	15	20	15	20.0067
60.4	15	20	15	20.0078
60.5	15	20	15	20.0085
60.6	15	20	15	20.009
60.7	15	20	15	20.0092
60.8	15	20	15	20.0094
60.9	15	20	15	20.0094
61	15	20	15	20.0094
61.1	15	20	15	20.0093
61.2	15	20	15	20.0092
61.3	15	20	15	20.009
61.4	15	20	15	20.0088
61.5	15	20	15	20.0086
61.6	15	20	15	20.0085
61.7	15	20	15	20.0083
61.8	15	20	15	20.0081
61.9	15	20	15	20.0079
62	15	20	15	20.0077
62.1	15	20	15	20.0075
62.2	15	20	15	20.0073
62.3	15	20	15	20.0071
62.4	15	20	15	20.0069
62.5	15	20	15	20.0067
62.6	15	20	15	20.0066
62.7	15	20	15	20.0064
62.8	15	20	15	20.0062
62.9	15	20	15	20.0061
63	15	20	15	20.0059
63.1	15	20	15	20.0057
63.2	15	20	15	20.0056
63.3	15	20	15	20.0054
63.4	15	20	15	20.0053
63.5	15	20	15	20.0052
63.6	15	20	15	20.005
63.7	15	20	15	20.0049
63.8	15	20	15	20.0048
63.9	15	20	15	20.0046
64	15	20	15	20.0045
64.1	15	20	15	20.0044
64.2	15	20	15	20.0043
64.3	15	20	15	20.0042
64.4	15	20	15	20.0041
64.5	15	20	15	20.0039
64.6	15	20	15	20.0038
64.7	15	20	15	20.0037
64.8	15	20	15	20.0036
64.9	15	20	15	20.0035
65	15	20	15	20.0035
65.1	15	20	15	20.0034
65.2	15	20	15	20.0033
65.3	15	20	15	20.0032
65.4	15	20	15	20.0031
65.5	15	20	15	20.003
65.6	15	20	15	20.0029
65.7	15	20	15	20.0029
65.8	15	20	15	20.0028
65.9	15	20	15	20.0027
66	15	20	15	20.0026
66.1	15	20	15	20.0026
66.2	15	20	15	20.0025
66.3	15	20	15	20.0024
66.4	15	20	15	20.0024
66.5	15	20	15	20.0023
66.6	15	20	15	20.0023
66.7	15	20	15	20.0022
66.8	15	20	15	20.0021
66.9	15	20	15	20.0021
67	15	20	15	20.002
67.1	15	20	15	20.002
67.2	15	20	15	20.0019
67.3	15	20	15	20.0019
67.4	15	20	15	20.0018
67.5	15	20	15	20.0018
67.6	15	20	15	20.0017
67.7	15	20	15	20.0017
67.8	15	20	15	20.0016
67.9	15	20	15	20.0016
68	15	20	15	20.0015
68.1	15	20	15	20.0015
68.2	15	20	15	20.0015
68.3	15	20	15	20.0014
68.4	15	20	15	20.0014
68.5	15	20	15	20.0014
68.6	15	20	15	20.0013
68.7	15	20	15	20.0013
68.8	15	20	15	20.0013
68.9	15	20	15	20.0012
69	15	20	15	20.0012
69.1	15	20	15	20.0012
69.2	15	20	15	20.0011
69.3	15	20	15	20.0011
69.4	15	20	15	20.0011
69.5	15	20	15	20.001
69.6	15	20	15	20.001
69.7	15	20	15	20.001
69.8	15	20	15	20.001
69.9	15	20	15	20.0009
70	15	20	15	20.0009
70.1	15	20	15	20.0009
70.2	15	20	15	20.0009
70.3	15	20	15	20.0008
70.4	15	20	15	20.0008
70.5	15	20	15	20.0008
70.6	15	20	15	20.0008
70.7	15	20	15	20.0008
70.8	15	20	15	20.0007
70.9	15	20	15	20.0007
71	15	20	15	20.0007
71.1	15	20	15	20.0007
71.2	15	20	15	20.0007
71.3	15	20	15	20.0006
71.4	15	20	15	20.0006
71.5	15	20	15	20.0006
71.6	15	20	15	20.0006
71.7	15	20	15	20.0006
71.8	15	20	15	20.0006
71.9	15	20	15	20.0005
72	15	20	15	20.0005
72.1	15	20	15	20.0005
72.2	15	20	15	20.0005
72.3	15	20	15	20.0005
72.4	15	20	15	20.0005
72.5	15	20	15	20.0005
72.6	15	20	15	20.0005
72.7	15	20	15	20.0004
72.8	15	20	15	20.0004
72.9	15	20	15	20.0004
73	15	20	15	20.0004
73.1	15	20	15	20.0004
73.2	15	20	15	20.0004
73.3	15	20	15	20.0004
73.4	15	20	15	20.0004
73.5	15	20	15	20.0004
73.6	15	20	15	20.0003
73.7	15	20	15	20.0003
73.8	15	20	15	20.0003
73.9	15	20	15	20.0003
74	15	20	15	20.0003
74.1	15	20	15	20.0003
74.2	15	20	15	20.0003
74.3	15	20	15	20.0003
74.4	15	20	15	20.0003
74.5	15	20	15	20.0003
74.6	15	20	15	20.0003
74.7	15	20	15	20.0003
74.8	15	20	15	20.0003
74.9	15	20	15	20.0002
75	15	20	15	20.0002
75.1	15	20	14.9804	19.9971
75.2	15	20	14.9676	19.995
75.3	15	20	14.958	19.9933
75.4	15	20	14.9511	19.9921
75.5	15	20	14.9462	19.9912
75.6	15	20	14.9429	19.9905
75.7	15	20	14.9408	19.99
75.8	15	20	14.9395	19.9897
75.9	15	20	14.939	19.9896
76	15	20	14.9389	19.9895
76.1	15	20	14.9393	19.9895
76.2	15	20	14.9399	19.9896
76.3	15	20	14.9407	19.9898
76.4	15	20	14.9417	19.9899
76.5	15	20	14.9428	19.9901
76.6	15	20	14.944	19.9903
76.7	15	20	14.9452	19.9906
76.8	15	20	14.9464	19.9908
76.9	15	20	14.9477	19.991
77	15	20	14.949	19.9913
77.1	15	20	14.9502	19.9915
77.2	15	20	14.9515	19.9918
77.3	15	20	14.9527	19.992
77.4	15	20	14.9539	19.9922
77.5	15	20	14.9551	19.9925
77.6	15	20	14.9563	19.9927
77.7	15	20	14.9574	19.9929
77.8	15	20	14.9585	19.9931
77.9	15	20	14.9596	19.9933
78	15	20	14.9607	19.9935
78.1	15	20	14.9617	19.9937
78.2	15	20	14.9627	19.9939
78.3	15	20	14.9637	19.9941
78.4	15	20	14.9647	19.9943
78.5	15	20	14.9656	19.9945
78.6	15	20	14.9665	19.9947
78.7	15	20	14.9674	19.9948
78.8	15	20	14.9683	19.995
78.9	15	20	14.9691	19.9951
79	15	20	14.9699	19.9953
79.1	15	20	14.9707	19.9954
79.2	15	20	14.9715	19.9956
79.3	15	20	14.9722	19.9957
79.4	15	20	14.973	19.9959
79.5	15	20	14.9737	19.996
79.6	15	20	14.9744	19.9961
79.7	15	20	14.9751	19.9962
79.8	15	20	14.9757	19.9964
79.9	15	20	14.9764	19.9965
80	15	20	14.977	19.9966
80.1	15	20	14.9776	19.9967
80.2	15	20	14.9782	19.9968
80.3	15	20	14.9788	19.9969
80.4	15	20	14.9793	19.997
80.5	15	20	14.9799	19.9971
80.6	15	20	14.9804	19.9972
80.7	15	20	14.9809	19.9973
80.8	15	20	14.9814	19.9974
80.9	15	20	14.9819	19.9975
81	15	20	14.9824	19.9975
81.1	15	20	14.9829	19.9976
81.2	15	20	14.9833	19.9977
81.3	15	20	14.9838	19.9978
81.4	15	20	14.9842	19.9978
81.5	15	20	14.9846	19.9979
81.6	15	20	14.985	19.998
81.7	15	20	14.9854	19.998
81.8	15	20	14.9858	19.9981
81.9	15	20	14.9862	19.9982
82	15	20	14.9866	19.9982
82.1	15	20	14.9869	19.9983
82.2	15	20	14.9873	19.9983
82.3	15	20	14.9876	19.9984
82.4	15	20	14.9879	19.9984
82.5	15	20	14.9883	19.9985
82.6	15	20	14.9886	19.9985
82.7	15	20	14.9889	19.9986
82.8	15	20	14.9892	19.9986
82.9	15	20	14.9894	19.9987
83	15	20	14.9897	19.9987
83.1	15	20	14.99	19.9988
83.2	15	20	14.9903	19.9988
83.3	15	20	14.9905	19.9988
83.4	15	20	14.9908	19.9989
83.5	15	20	14.991	19.9989
83.6	15	20	14.9913	19.999
83.7	15	20	14.9915	19.999
83.8	15	20	14.9917	19.999
83.9	15	20	14.9919	19.9991
84	15	20	14.9921	19.9991
84.1	15	20	14.9924	19.9991
84.2	15	20	14.9926	19.9991
84.3	15	20	14.9928	19.9992
84.4	15	20	14.9929	19.9992
84.5	15	20	14.9931	19.9992
84.6	15	20	14.9933	19.9993
84.7	15	20	14.9935	19.9993
84.8	15	20	14.9937	19.9993
84.9	15	20	14.9938	19.9993
85	15	20	14.994	19.9994
85.1	15	20	14.9942	19.9994
85.2	15	20	14.9943	19.9994
85.3	15	20	14.9945	19.9994
85.4	15	20	14.9946	19.9994
85.5	15	20	14.9948	19.9995
85.6	15	20	14.9949	19.9995
85.7	15	20	14.995	19.9995
85.8	15	20	14.9952	19.9995
85.9	15	20	14.9953	19.9995
86	15	20	14.9954	19.9995
86.1	15	20	14.9955	19.9996
86.2	15	20	14.9957	19.9996
86.3	15	20	14.9958	19.9996
86.4	15	20	14.9959	19.9996
86.5	15	20	14.996	19.9996
86.6	15	20	14.9961	19.9996
86.7	15	20	14.9962	19.9996
86.8	15	20	14.9963	19.9997
86.9	15	20	14.9964	19.9997
87	15	20	14.9965	19.9997
87.1	15	20	14.9966	19.9997
87.2	15	20	14.9967	19.9997
87.3	15	20	14.9968	19.9997
87.4	15	20	14.9969	19.9997
87.5	15	20	14.9969	19.9997
87.6	15	20	14.997	19.9997
87.7	15	20	14.9971	19.9997
87.8	15	20	14.9972	19.9998
87.9	15	20	14.9972	19.9998
88	15	20	14.9973	19.9998
88.1	15	20	14.9974	19.9998
88.2	15	20	14.9975	19.9998
88.3	15	20	14.9975	19.9998
88.4	15	20	14.9976	19.9998
88.5	15	20	14.9977	19.9998
88.6	15	20	14.9977	19.9998
88.7	15	20	14.9978	19.9998
88.8	15	20	14.9978	19.9998
88.9	15	20	14.9979	19.9998
89	15	20	14.998	19.9998
89.1	15	20	14.998	19.9999
89.2	15	20	14.9981	19.9999
89.3	15	20	14.9981	19.9999
89.4	15	20	14.9982	19.9999
89.5	15	20	14.9982	19.9999
89.6	15	20	14.9983	19.9999
89.7	15	20	14.9983	19.9999
89.8	15	20	14.9983	19.9999
89.9	15	20	14.9984	19.9999
90	15	20	14.9984	19.9999
90.1	15	20	15.0203	20.0033
90.2	15	20	15.0337	20.0056
90.3	15	20	15.0435	20.0073
90.4	15	20	15.0503	20.0085
90.5	15	20	15.0549	20.0094
90.6	15	20	15.0578	20.01
90.7	15	20	15.0596	20.0103
90.8	15	20	15.0604	20.0105
90.9	15	20	15.0607	20.0106
91	15	20	15.0604	20.0106
91.1	15	20	15.0598	20.0105
91.2	15	20	15.059	20.0104
91.3	15	20	15.058	20.0102
91.4	15	20	15.0569	20.01
91.5	15	20	15.0557	20.0098
91.6	15	20	15.0545	20.0096
91.7	15	20	15.0532	20.0093
91.8	15	20	15.052	20.0091
91.9	15	20	15.0507	20.0088
92	15	20	15.0494	20.0086
92.1	15	20	15.0482	20.0083
92.2	15	20	15.047	20.0081
92.3	15	20	15.0458	20.0079
92.4	15	20	15.0446	20.0076
92.5	15	20	15.0434	20.0074
92.6	15	20	15.0423	20.0072
92.7	15	20	15.0412	20.007
92.8	15	20	15.0401	20.0068
92.9	15	20	15.0391	20.0066
93	15	20	15.038	20.0064
93.1	15	20	15.037	20.0062
93.2	15	20	15.0361	20.006
93.3	15	20	15.0351	20.0058
93.4	15	20	15.0342	20.0056
93.5	15	20	15.0333	20.0055
93.6	15	20	15.0324	20.0053
93.7	15	20	15.0316	20.0051
93.8	15	20	15.0308	20.005
93.9	15	20	15.0299	20.0048
94	15	20	15.0292	20.0047
94.1	15	20	15.0284	20.0045
94.2	15	20	15.0276	20.0044
94.3	15	20	15.0269	20.0043
94.4	15	20	15.0262	20.0041
94.5	15	20	15.0255	20.004
94.6	15	20	15.0249	20.0039
94.7	15	20	15.0242	20.0038
94.8	15	20	15.0236	20.0036
94.9	15	20	15.0229	20.0035
95	15	20	15.0223	20.0034
95.1	15	20	15.0218	20.0033
95.2	15	20	15.0212	20.0032
95.3	15	20	15.0206	20.0031
95.4	15	20	15.0201	20.003
95.5	15	20	15.0196	20.0029
95.6	15	20	15.019	20.0028
95.7	15	20	15.0185	20.0028
95.8	15	20	15.0181	20.0027
95.9	15	20	15.0176	20.0026
96	15	20	15.0171	20.0025
96.1	15	20	15.0167	20.0024
96.2	15	20	15.0162	20.0024
96.3	15	20	15.0158	20.0023
96.4	15	20	15.0154	20.0022
96.5	15	20	15.015	20.0021
96.6	15	20	15.0146	20.0021
96.7	15	20	15.0142	20.002
96.8	15	20	15.0138	20.0019
96.9	15	20	15.0135	20.0019
97	15	20	15.0131	20.0018
97.1	15	20	15.0128	20.0018
97.2	15	20	15.0124	20.0017
97.3	15	20	15.0121	20.0017
97.4	15	20	15.0118	20.0016
97.5	15	20	15.0115	20.0016
97.6	15	20	15.0112	20.0015
97.7	15	20	15.0109	20.0015
97.8	15	20	15.0106	20.0014
97.9	15	20	15.0103	20.0014
98	15	20	15.0101	20.0013
98.1	15	20	15.0098	20.0013
98.2	15	20	15.0095	20.0012
98.3	15	20	15.0093	20.0012
98.4	15	20	15.009	20.0012
98.5	15	20	15.0088	20.0011
98.6	15	20	15.0086	20.0011
98.7	15	20	15.0083	20.0011
98.8	15	20	15.0081	20.001
98.9	15	20	15.0079	20.001
99	15	20	15.0077	20.001
99.1	15	20	15.0075	20.0009
99.2	15	20	15.0073	20.0009
99.3	15	20	15.0071	20.0009
99.4	15	20	15.0069	20.0008
99.5	15	20	15.0067	20.0008
99.6	15	20	15.0066	20.0008
99.7	15	20	15.0064	20.0008
99.8	15	20	15.0062	20.0007
99.9	15	20	15.0061	20.0007
100	15	20	15.0059	20.0007
100.1	15	20	15.0057	20.0007
100.2	15	20	15.0056	20.0007
100.3	15	20	15.0054	20.0006
100.4	15	20	15.0053	20.0006
100.5	15	20	15.0052	20.0006
100.6	15	20	15.005	20.0006
100.7	15	20	15.0049	20.0006
100.8	15	20	15.0048	20.0005
100.9	15	20	15.0046	20.0005
101	15	20	15.0045	20.0005
101.1	15	20	15.0044	20.0005
101.2	15	20	15.0043	20.0005
101.3	15	20	15.0042	20.0005
101.4	15	20	15.0041	20.0004
101.5	15	20	15.004	20.0004
101.6	15	20	15.0039	20.0004
101.7	15	20	15.0038	20.0004
101.8	15	20	15.0037	20.0004
101.9	15	20	15.0036	20.0004
102	15	20	15.0035	20.0004
102.1	15	20	15.0034	20.0003
102.2	15	20	15.0033	20.0003
102.3	15	20	15.0032	20.0003
102.4	15	20	15.0031	20.0003
102.5	15	20	15.003	20.0003
102.6	15	20	15.003	20.0003
102.7	15	20	15.0029	20.0003
102.8	15	20	15.0028	20.0003
102.9	15	20	15.0027	20.0003
103	15	20	15.0027	20.0003
103.1	15	20	15.0026	20.0002
103.2	15	20	15.0025	20.0002
103.3	15	20	15.0025	20.0002
103.4	15	20	15.0024	20.0002
103.5	15	20	15.0023	20.0002
103.6	15	20	15.0023	20.0002
103.7	15	20	15.0022	20.0002
103.8	15	20	15.0021	20.0002
103.9	15	20	15.0021	20.0002
104	15	20	15.002	20.0002
104.1	15	20	15.002	20.0002
104.2	15	20	15.0019	20.0002
104.3	15	20	15.0019	20.0002
104.4	15	20	15.0018	20.0002
104.5	15	20	15.0018	20.0002
104.6	15	20	15.0017	20.0001
104.7	15	20	15.0017	20.0001
104.8	15	20	15.0016	20.0001
104.9	15	20	15.0016	20.0001
