0	0	0	0	3	0	3	0	0.01533	0.0041023
0	0	0	0	3	3	3	3	0.010715	0.0071701
0.42341	0	0.44428	0	3	3	3	3	0.0021884	0.0065097
0.82804	0.42341	0.88771	0.44428	3	3	3	3	-0.00043842	0.0049678
1.2213	0.82804	1.3303	0.88771	3	3	3	3	-0.0014611	0.0037845
1.6057	1.2213	1.7721	1.3303	3	3	3	3	-0.0017885	0.00279
1.9823	1.6057	2.2131	1.7721	3	3	3	3	-0.0017477	0.0019479
2.3523	1.9823	2.6533	2.2131	3	3	3	3	-0.0015454	0.0012213
2.7161	2.3523	3.0927	2.6533	3	3	3	3	-0.0012492	0.00061159
3.0743	2.7161	3.5314	3.0927	3	3	3	3	-0.00095427	7.5587e-05
3.4274	3.0743	3.9693	3.5314	3	3	3	3	-0.00064182	-0.00036723
3.7757	3.4274	4.4064	3.9693	3	3	3	3	-0.00037708	-0.00074503
4.1195	3.7757	4.8427	4.4064	3	3	3	3	-0.00013985	-0.0010651
4.459	4.1195	5.2783	4.8427	3	3	3	3	4.7403e-05	-0.001333
4.7945	4.459	5.7131	5.2783	3	3	3	3	0.00018911	-0.0015343
5.126	4.7945	6.1472	5.7131	3	3	3	3	0.00028739	-0.0016934
5.4539	5.126	6.5806	6.1472	3	3	3	3	0.0003523	-0.0018145
5.7782	5.4539	7.0132	6.5806	3	3	3	3	0.00037209	-0.0019111
6.0991	5.7782	7.4451	7.0132	3	3	3	3	0.00036312	-0.0019471
6.4168	6.0991	7.8762	7.4451	3	3	3	3	0.00031034	-0.0019656
6.7313	6.4168	8.3066	7.8762	3	3	3	3	0.00025723	-0.0019595
7.0427	6.7313	8.7363	8.3066	3	3	3	3	0.00016643	-0.0019215
7.3511	7.0427	9.1652	8.7363	3	3	3	3	6.8864e-05	-0.0018747
7.6567	7.3511	9.5935	9.1652	3	3	3	3	-5.5115e-05	-0.0017813
7.9594	7.6567	10.021	9.5935	3	3	3	3	-0.00017654	-0.0017041
8.2595	7.9594	10.448	10.021	3	3	3	3	-0.00029678	-0.0015847
8.5569	8.2595	10.874	10.448	3	3	3	3	-0.00043836	-0.001456
8.8518	8.5569	11.299	10.874	3	3	3	3	-0.00056461	-0.0013196
9.1441	8.8518	11.724	11.299	3	3	3	3	-0.00069921	-0.0011775
9.434	9.1441	12.148	11.724	3	3	3	3	-0.00081678	-0.0011315
9.7216	9.434	12.571	12.148	3	3	3	3	-0.00097207	-0.00088334
10.007	9.7216	12.994	12.571	3	3	3	3	-0.0010516	-0.00073545
10.29	10.007	13.416	12.994	3	3	3	3	-0.0011203	-0.00058746
10.57	10.29	13.837	13.416	3	3	3	3	-0.0012249	-0.00044203
10.849	10.57	14.257	13.837	3	3	3	3	-0.0012627	-0.0002004
11.125	10.849	14.677	14.257	3	3	3	3	-0.0014308	-0.0001633
11.399	11.125	15.096	14.677	3	3	3	3	-0.0014276	6.8503e-05
11.672	11.399	15.515	15.096	3	3	3	3	-0.0014502	9.3835e-05
11.942	11.672	15.933	15.515	3	3	3	3	-0.0014967	0.00031194
12.21	11.942	16.35	15.933	3	3	3	3	-0.0014666	0.00052175
12.476	12.21	16.766	16.35	3	3	3	3	-0.0014577	0.00052391
12.741	12.476	17.182	16.766	3	3	3	3	-0.0015693	0.0007174
13.003	12.741	17.597	17.182	3	3	3	3	-0.0014021	0.00080221
13.264	13.003	18.011	17.597	2.8992	3	2.9428	3	-0.0013611	0.00088151
13.523	13.264	18.425	18.011	2.485	2.8992	2.1967	2.9428	-0.00063815	0.00019686
13.765	13.523	18.83	18.425	2.2105	2.485	1.7094	2.1967	-0.00069319	0.0013416
13.944	13.765	19.123	18.83	2.0022	2.2105	1.337	1.7094	-0.00063883	0.0015851
14.082	13.944	19.344	19.123	1.8469	2.0022	1.0588	1.337	-0.00068152	0.0014392
14.188	14.082	19.509	19.344	1.7308	1.8469	0.85016	1.0588	-0.00078254	0.0011692
14.27	14.188	19.633	19.509	1.6439	1.7308	0.69382	0.85016	-0.00082209	0.0010064
14.334	14.27	19.726	19.633	1.5788	1.6439	0.57661	0.69382	-0.000787	0.00077799
14.386	14.334	19.795	19.726	1.5298	1.5788	0.48869	0.57661	-0.00094666	0.00064748
14.427	14.386	19.847	19.795	1.493	1.5298	0.42271	0.48869	-0.00086238	0.00057846
14.461	14.427	19.887	19.847	1.4651	1.493	0.37316	0.42271	-0.0009067	0.00046227
14.489	14.461	19.916	19.887	1.444	1.4651	0.33592	0.37316	-0.00081783	0.00041584
14.513	14.489	19.938	19.916	1.4279	1.444	0.3079	0.33592	-0.0009467	0.00044947
14.533	14.513	19.954	19.938	1.4156	1.4279	0.28679	0.3079	-0.00093662	0.00032164
14.551	14.533	19.967	19.954	1.406	1.4156	0.27085	0.28679	-0.00089521	0.00027372
14.567	14.551	19.976	19.967	1.3986	1.406	0.25878	0.27085	-0.00087898	0.00026131
14.582	14.567	19.983	19.976	1.3927	1.3986	0.24963	0.25878	-0.00098071	0.0002768
14.595	14.582	19.988	19.983	1.388	1.3927	0.24265	0.24963	-0.00092261	0.00036451
14.607	14.595	19.992	19.988	1.3841	1.388	0.23731	0.24265	-0.00084422	0.00023161
14.619	14.607	19.995	19.992	1.381	1.3841	0.23319	0.23731	-0.00089987	0.00025777
14.63	14.619	19.998	19.995	1.3783	1.381	0.23	0.23319	-0.0009593	0.00020387
14.641	14.63	20	19.998	1.3761	1.3783	0.2275	0.23	-0.00089782	0.00031542
14.651	14.641	20.001	20	1.3741	1.3761	0.22553	0.2275	-0.00089505	0.00022575
14.66	14.651	20.002	20.001	1.3723	1.3741	0.22394	0.22553	-0.00093755	0.00026028
14.669	14.66	20.003	20.002	1.3707	1.3723	0.22266	0.22394	-0.00091686	0.00023827
14.678	14.669	20.003	20.003	1.3693	1.3707	0.2216	0.22266	-0.0009231	0.00017339
14.687	14.678	20.004	20.003	1.368	1.3693	0.22071	0.2216	-0.00085348	0.0002764
14.695	14.687	20.004	20.004	1.3667	1.368	0.21996	0.22071	-0.00090004	0.00025513
14.703	14.695	20.004	20.004	1.3656	1.3667	0.2193	0.21996	-0.00096193	0.0002162
14.711	14.703	20.005	20.004	1.3645	1.3656	0.21873	0.2193	-0.00083765	0.00026385
14.719	14.711	20.005	20.005	1.3634	1.3645	0.21821	0.21873	-0.00092128	0.00020064
14.726	14.719	20.005	20.005	1.3624	1.3634	0.21774	0.21821	-0.00091594	0.00032995
14.733	14.726	20.005	20.005	1.3614	1.3624	0.21731	0.21774	-0.00091651	0.00015366
14.741	14.733	20.005	20.005	1.3605	1.3614	0.21691	0.21731	-0.00082547	0.00027268
14.747	14.741	20.005	20.005	1.3596	1.3605	0.21654	0.21691	-0.00094123	0.00028774
14.754	14.747	20.005	20.005	1.3587	1.3596	0.21619	0.21654	-0.00086215	0.00020111
14.761	14.754	20.005	20.005	1.3579	1.3587	0.21585	0.21619	-0.00088779	0.00031189
14.767	14.761	20.005	20.005	1.3571	1.3579	0.21553	0.21585	-0.00091961	0.00022117
14.773	14.767	20.005	20.005	1.3562	1.3571	0.21523	0.21553	-0.00085697	0.00022958
14.779	14.773	20.005	20.005	1.3555	1.3562	0.21493	0.21523	-0.0008965	0.00023642
14.785	14.779	20.005	20.005	1.3547	1.3555	0.21465	0.21493	-0.00084343	0.0002427
14.79	14.785	20.005	20.005	1.354	1.3547	0.21438	0.21465	-0.00089239	0.00024808
14.796	14.79	20.005	20.005	1.3533	1.354	0.21411	0.21438	-0.0009458	0.00025334
14.801	14.796	20.005	20.005	1.3526	1.3533	0.21385	0.21411	-0.00080354	0.0002584
14.806	14.801	20.005	20.005	1.3519	1.3526	0.21361	0.21385	-0.00096544	0.00026243
14.812	14.806	20.005	20.005	1.3512	1.3519	0.21337	0.21361	-0.00083127	0.00026683
14.816	14.812	20.005	20.005	1.3506	1.3512	0.21313	0.21337	-0.00089965	0.00027058
14.821	14.816	20.005	20.005	1.3499	1.3506	0.21291	0.21313	-0.00087115	0.00027413
14.826	14.821	20.005	20.005	1.3493	1.3499	0.21269	0.21291	-0.00084763	0.0001775
14.831	14.826	20.005	20.005	1.3487	1.3493	0.21248	0.21269	-0.00092615	0.00028017
14.835	14.831	20.005	20.005	1.3482	1.3487	0.21227	0.21248	-0.00080789	0.00028324
14.839	14.835	20.005	20.005	1.3476	1.3482	0.21207	0.21227	-0.00089366	0.0001858
14.844	14.839	20.005	20.005	1.3471	1.3476	0.21188	0.21207	-0.00088096	0.00028815
14.848	14.844	20.005	20.005	1.3465	1.3471	0.21169	0.21188	-0.000872	0.00029055
14.852	14.848	20.005	20.005	1.346	1.3465	0.2115	0.21169	-0.00086656	0.00019309
14.856	14.852	20.005	20.005	1.3455	1.346	0.21132	0.2115	-0.00086316	0.00029492
14.859	14.856	20.005	20.005	1.345	1.3455	0.21115	0.21132	-0.00086216	0.00029688
14.863	14.859	20.005	20.005	1.3445	1.345	0.21098	0.21115	-0.00086468	0.00019882
14.867	14.863	20.005	20.005	1.344	1.3445	0.21082	0.21098	-0.00086924	0.0003005
14.87	14.867	20.005	20.005	1.3436	1.344	0.21066	0.21082	-0.0008762	0.00020216
14.874	14.87	20.005	20.005	1.3432	1.3436	0.2105	0.21066	-0.00088656	0.00030363
14.877	14.874	20.005	20.005	1.3427	1.3432	0.21035	0.2105	-0.0008993	0.0003051
14.88	14.877	20.005	20.005	1.3423	1.3427	0.21021	0.21035	-0.00081262	0.00020684
14.883	14.88	20.005	20.005	1.3419	1.3423	0.21007	0.21021	-0.00082865	0.00030774
14.886	14.883	20.005	20.005	1.3415	1.3419	0.20993	0.21007	-0.00094868	0.00020871
14.889	14.886	20.005	20.005	1.3411	1.3415	0.2098	0.20993	-0.00076997	0.00031019
14.892	14.889	20.005	20.005	1.3407	1.3411	0.20966	0.2098	-0.00089189	0.00021062
14.895	14.892	20.005	20.005	1.3404	1.3407	0.20954	0.20966	-0.00091682	0.00031157
14.898	14.895	20.005	20.005	1.34	1.3404	0.20942	0.20954	-0.00084401	0.00021287
14.9	14.898	20.005	20.005	1.3397	1.34	0.2093	0.20942	-0.00087379	0.00031341
14.903	14.9	20.005	20.005	1.3393	1.3397	0.20918	0.2093	-0.00080461	0.00021417
14.906	14.903	20.004	20.005	1.339	1.3393	0.20907	0.20918	-0.00083655	0.00031447
14.908	14.906	20.004	20.004	1.3387	1.339	0.20896	0.20907	-0.00087101	0.00021498
14.911	14.908	20.004	20.004	1.3383	1.3387	0.20885	0.20896	-0.00090593	0.00021545
14.913	14.911	20.004	20.004	1.338	1.3383	0.20875	0.20885	-0.00084459	0.00031588
14.915	14.913	20.004	20.004	1.3377	1.338	0.20865	0.20875	-0.00088325	0.00021626
14.917	14.915	20.004	20.004	1.3375	1.3377	0.20855	0.20865	-0.00082543	0.00031682
14.92	14.917	20.004	20.004	1.3372	1.3375	0.20846	0.20855	-0.00086772	0.00021695
14.922	14.92	20.004	20.004	1.3369	1.3372	0.20837	0.20846	-0.00081206	0.00031726
14.924	14.922	20.004	20.004	1.3366	1.3369	0.20828	0.20837	-0.0008565	0.00021714
14.926	14.924	20.004	20.004	1.3364	1.3366	0.20819	0.20828	-0.00090301	0.00031735
14.928	14.926	20.004	20.004	1.3361	1.3364	0.20811	0.20819	-0.00085191	0.0002177
14.93	14.928	20.004	20.004	1.3359	1.3361	0.20802	0.20811	-0.00080191	0.00031787
14.931	14.93	20.004	20.004	1.3356	1.3359	0.20794	0.20802	-0.00085216	0.0002177
14.933	14.931	20.004	20.004	1.3354	1.3356	0.20787	0.20794	-0.00090446	0.00031755
14.935	14.933	20.004	20.004	1.3352	1.3354	0.20779	0.20787	-0.00085915	0.00021784
14.937	14.935	20.004	20.004	1.335	1.3352	0.20772	0.20779	-0.00081348	0.00031796
14.938	14.937	20.004	20.004	1.3347	1.335	0.20765	0.20772	-0.00086951	0.00021758
14.94	14.938	20.003	20.004	1.3345	1.3347	0.20758	0.20765	-0.00082613	0.00021753
14.942	14.94	20.003	20.003	1.3343	1.3345	0.20751	0.20758	-0.00088421	0.00031702
14.943	14.942	20.003	20.003	1.3341	1.3343	0.20745	0.20751	-0.0008447	0.0002171
14.945	14.943	20.003	20.003	1.3339	1.3341	0.20738	0.20745	-0.00080482	0.00031687
14.946	14.945	20.003	20.003	1.3337	1.3339	0.20732	0.20738	-0.00086517	0.00021643
14.947	14.946	20.003	20.003	1.3336	1.3337	0.20726	0.20732	-0.00082759	0.00031632
14.949	14.947	20.003	20.003	1.3334	1.3336	0.20721	0.20726	-0.00089158	0.00021593
14.95	14.949	20.003	20.003	1.3332	1.3334	0.20715	0.20721	-0.00085615	0.00031586
14.951	14.95	20.003	20.003	1.333	1.3332	0.20709	0.20715	-0.0008223	0.00021566
14.953	14.951	20.003	20.003	1.3329	1.333	0.20704	0.20709	-0.00088821	0.00031522
14.954	14.953	20.003	20.003	1.3327	1.3329	0.20699	0.20704	-0.00085518	0.00031514
14.955	14.954	20.003	20.003	1.3325	1.3327	0.20694	0.20699	-0.00082336	0.00021507
14.956	14.955	20.003	20.003	1.3324	1.3325	0.20689	0.20694	-0.00079145	0.00031467
14.958	14.956	20.003	20.003	1.3322	1.3324	0.20684	0.20689	-0.00086123	0.00021393
14.959	14.958	20.003	20.003	1.3321	1.3322	0.2068	0.20684	-0.0008316	0.00031351
14.96	14.959	20.003	20.003	1.3319	1.3321	0.20675	0.2068	-0.00090354	0.0002131
14.961	14.96	20.003	20.003	1.3318	1.3319	0.20671	0.20675	-0.00077459	0.00031302
14.962	14.961	20.003	20.003	1.3317	1.3318	0.20667	0.20671	-0.00084787	0.00021224
14.963	14.962	20.003	20.003	1.3316	1.3317	0.20663	0.20667	-0.0009204	0.00031172
14.964	14.963	20.003	20.003	1.3314	1.3316	0.20659	0.20663	-0.00079532	0.00021177
14.965	14.964	20.003	20.003	1.3374	1.3314	0.20657	0.20659	-0.0032742	0.00031064
14.963	14.965	20.003	20.003	1.3334	1.3374	0.20655	0.20657	-0.00066233	0.00022001
14.965	14.963	20.002	20.003	1.3396	1.3334	0.20653	0.20655	-0.0033568	0.00031241
14.964	14.965	20.002	20.002	1.3321	1.3396	0.20651	0.20653	0.00041925	0.00021961
14.967	14.964	20.002	20.002	1.338	1.3321	0.20648	0.20651	-0.0029481	0.00030576
14.966	14.967	20.002	20.002	1.3332	1.338	0.20645	0.20648	-0.00034009	0.00031297
14.969	14.966	20.002	20.002	1.3283	1.3332	0.20639	0.20645	0.00089714	0.00020548
14.972	14.969	20.002	20.002	1.3224	1.3283	0.20631	0.20639	0.0022375	0.00029729
14.975	14.972	20.002	20.002	1.3268	1.3224	0.20624	0.20631	-0.00085802	0.0002886
14.975	14.975	20.002	20.002	1.3247	1.3268	0.20619	0.20624	0.00017724	0.00029844
14.976	14.975	20.002	20.002	1.3307	1.3247	0.20616	0.20619	-0.0023977	0.00019916
14.974	14.976	20.002	20.002	1.3333	1.3307	0.20616	0.20616	-0.0024033	0.00031056
14.973	14.974	20.002	20.002	1.3291	1.3333	0.20615	0.20616	4.3662e-06	0.00021586
14.975	14.973	20.002	20.002	1.3292	1.3291	0.20612	0.20615	-0.00055635	0.00030783
14.976	14.975	20.002	20.002	1.3312	1.3292	0.2061	0.20612	-0.0014715	0.00030585
14.976	14.976	20.002	20.002	1.3372	1.3312	0.2061	0.2061	-0.0035704	0.0002078
14.974	14.976	20.002	20.002	1.3267	1.3372	0.20608	0.2061	0.001641	0.00031689
14.978	14.974	20.002	20.002	1.3375	1.3267	0.20607	0.20608	-0.0038786	0.00019853
14.975	14.978	20.002	20.002	1.338	1.3375	0.20609	0.20607	-0.0029055	0.00031184
14.975	14.975	20.002	20.002	1.3303	1.338	0.20607	0.20609	0.00073564	0.0002129
14.979	14.975	20.002	20.002	1.3324	1.3303	0.20603	0.20607	-0.0012071	0.00029796
14.979	14.979	20.002	20.002	1.3379	1.3324	0.20603	0.20603	-0.0035237	0.00029794
14.977	14.979	20.002	20.002	1.3271	1.3379	0.206	0.20603	0.0016581	0.00020769
14.981	14.977	20.002	20.002	1.3274	1.3271	0.20594	0.206	0.00018399	0.00029053
14.983	14.981	20.002	20.002	1.3312	1.3274	0.20591	0.20594	-0.0020484	0.00028888
14.982	14.983	20.002	20.002	1.3277	1.3312	0.20589	0.20591	-2.9252e-05	0.00029757
14.983	14.982	20.002	20.002	1.3283	1.3277	0.20585	0.20589	-0.00068917	0.00029383
14.984	14.983	20.002	20.002	1.3216	1.3283	0.2058	0.20585	0.0018261	0.00019572
14.987	14.984	20.002	20.002	1.3262	1.3216	0.20576	0.2058	-0.0011639	0.00028626
14.986	14.987	20.002	20.002	1.3306	1.3262	0.20576	0.20576	-0.0024626	0.00029474
14.984	14.986	20.002	20.002	1.3353	1.3306	0.20578	0.20576	-0.0033197	0.00030374
14.982	14.984	20.002	20.002	1.3403	1.3353	0.20582	0.20578	-0.0042309	0.00021079
14.98	14.982	20.001	20.002	1.33	1.3403	0.20582	0.20582	0.0010233	0.00031677
14.984	14.98	20.001	20.001	1.3293	1.33	0.20579	0.20582	-2.6178e-05	0.00019674
14.986	14.984	20.001	20.001	1.32	1.3293	0.20573	0.20579	0.0028888	0.00029171
14.99	14.986	20.001	20.001	1.3187	1.32	0.20565	0.20573	0.0015894	0.00027735
14.991	14.99	20.001	20.001	1.3171	1.3187	0.20559	0.20565	0.00149	0.00027767
14.992	14.991	20.001	20.001	1.3217	1.3171	0.20555	0.20559	-0.00096046	0.00027943
14.991	14.992	20.001	20.001	1.3318	1.3217	0.20556	0.20555	-0.0041613	0.00029113
14.987	14.991	20.001	20.001	1.3308	1.3318	0.2056	0.20556	-0.0018753	0.00021029
14.987	14.987	20.001	20.001	1.3319	1.3308	0.20562	0.2056	-0.0017321	0.00030871
14.987	14.987	20.001	20.001	1.326	1.3319	0.20562	0.20562	0.00080793	0.00030687
14.989	14.987	20.001	20.001	1.3185	1.326	0.20557	0.20562	0.002907	0.0002951
14.993	14.989	20.001	20.001	1.3166	1.3185	0.20551	0.20557	0.0019373	0.00028113
14.994	14.993	20.001	20.001	1.3239	1.3166	0.20548	0.20551	-0.0017776	0.00017879
14.992	14.994	20.001	20.001	1.3216	1.3239	0.20547	0.20548	3.0764e-05	0.00029344
14.992	14.992	20.001	20.001	1.3262	1.3216	0.20547	0.20547	-0.0016362	0.0002931
14.991	14.992	20.001	20.001	1.3296	1.3262	0.2055	0.20547	-0.0023276	0.00030018
14.989	14.991	20.001	20.001	1.3364	1.3296	0.20554	0.2055	-0.0040327	0.00020492
14.987	14.989	20.001	20.001	1.3417	1.3364	0.20561	0.20554	-0.0047682	0.00031225
14.984	14.987	20.001	20.001	1.3286	1.3417	0.20563	0.20561	0.0018515	0.00021723
14.989	14.984	20.001	20.001	1.3239	1.3286	0.20558	0.20563	0.0018246	0.00029067
14.992	14.989	20.001	20.001	1.3257	1.3239	0.20555	0.20558	-0.00046485	0.00027769
14.992	14.992	20.001	20.001	1.3303	1.3257	0.20554	0.20555	-0.0023458	0.00028074
14.991	14.992	20.001	20.001	1.3362	1.3303	0.20556	0.20554	-0.0038388	0.0002897
14.988	14.991	20.001	20.001	1.3274	1.3362	0.20556	0.20556	0.00088851	0.00020018
14.992	14.988	20.001	20.001	1.3235	1.3274	0.20552	0.20556	0.0013127	0.00028516
14.994	14.992	20.001	20.001	1.3188	1.3235	0.20547	0.20552	0.0019987	0.00027688
14.996	14.994	20.001	20.001	1.3312	1.3188	0.20545	0.20547	-0.0039895	0.0002701
14.992	14.996	20.001	20.001	1.3179	1.3312	0.20544	0.20545	0.0029472	0.00029326
14.996	14.992	20.001	20.001	1.3175	1.3179	0.20538	0.20544	0.0015572	0.00027591
14.998	14.996	20.001	20.001	1.3276	1.3175	0.20537	0.20538	-0.0031886	0.00027463
14.994	14.998	20.001	20.001	1.3191	1.3276	0.20537	0.20537	0.001698	0.00029436
14.997	14.994	20.001	20.001	1.3309	1.3191	0.20537	0.20537	-0.0037355	0.00028312
14.993	14.997	20.001	20.001	1.3205	1.3309	0.20538	0.20537	0.0019987	0.00030125
14.996	14.993	20.001	20.001	1.3303	1.3205	0.20538	0.20538	-0.0030408	0.00018434
14.993	14.996	20.001	20.001	1.3361	1.3303	0.20544	0.20538	-0.0042184	0.00029652
14.99	14.993	20.001	20.001	1.3225	1.3361	0.20544	0.20544	0.0027178	0.00030627
14.995	14.99	20.001	20.001	1.3311	1.3225	0.20543	0.20544	-0.0025505	0.00028129
14.993	14.995	20.001	20.001	1.337	1.3311	0.20547	0.20543	-0.0041322	0.00019033
14.99	14.993	20.001	20.001	1.3224	1.337	0.20546	0.20547	0.002976	0.00030013
14.996	14.99	20.001	20.001	1.3183	1.3224	0.2054	0.20546	0.0024834	0.0002753
14.998	14.996	20.001	20.001	1.3186	1.3183	0.20535	0.2054	0.00090801	0.00026662
14.999	14.998	20.001	20.001	1.3308	1.3186	0.20535	0.20535	-0.0043506	0.000269
14.994	14.999	20.001	20.001	1.3354	1.3308	0.2054	0.20535	-0.0040932	0.00029204
14.992	14.994	20.001	20.001	1.3352	1.3354	0.20545	0.2054	-0.0024858	0.00020122
14.991	14.992	20	20.001	1.3396	1.3352	0.20549	0.20545	-0.0037475	0.00029743
14.99	14.991	20	20	1.3285	1.3396	0.2055	0.20549	0.0014966	0.00029987
14.994	14.99	20	20	1.3215	1.3285	0.20544	0.2055	0.0024694	0.00027841
14.998	14.994	20	20	1.3343	1.3215	0.20543	0.20544	-0.0042877	0.00026356
14.993	14.998	20	20	1.3289	1.3343	0.20544	0.20543	-0.00060532	0.00028488
14.995	14.993	20	20	1.3346	1.3289	0.20544	0.20544	-0.0029975	0.00027895
14.993	14.995	20	20	1.3236	1.3346	0.20543	0.20544	0.0020542	0.00028723
14.997	14.993	20	20	1.3199	1.3236	0.20537	0.20543	0.0019192	0.00026999
14.999	14.997	20	20	1.3321	1.3199	0.20536	0.20537	-0.0041297	0.00026286
14.995	14.999	20	20	1.3247	1.3321	0.20536	0.20536	0.0004373	0.00028527
14.997	14.995	20	20	1.3284	1.3247	0.20535	0.20536	-0.0015502	0.00027702
14.996	14.997	20	20	1.3249	1.3284	0.20534	0.20535	0.00018255	0.0001824
14.998	14.996	20	20	1.3292	1.3249	0.20534	0.20534	-0.0019776	0.00027683
14.996	14.998	20	20	1.3295	1.3292	0.20535	0.20534	-0.001535	0.00028319
14.996	14.996	20	20	1.3302	1.3295	0.20536	0.20535	-0.0015743	0.00028407
14.995	14.996	20	20	1.3362	1.3302	0.20539	0.20536	-0.0036802	0.00028392
14.993	14.995	20	20	1.3383	1.3362	0.20543	0.20539	-0.003384	0.00029173
14.992	14.993	20	20	1.3375	1.3383	0.20546	0.20543	-0.0024077	0.00019261
14.992	14.992	20	20	1.327	1.3375	0.20545	0.20546	0.0018286	0.00028813
14.997	14.992	20	20	1.3236	1.327	0.20539	0.20545	0.0014024	0.00026809
14.999	14.997	20	20	1.3228	1.3236	0.20534	0.20539	0.00032721	0.000361
15	14.999	20	20	1.3164	1.3228	0.20529	0.20534	0.0024441	0.00026383
15.002	15	20	20	1.3286	1.3164	0.20526	0.20529	-0.0035946	0.00025741
14.998	15.002	20	20	1.3262	1.3286	0.20528	0.20526	-0.00092815	0.00028082
14.998	14.998	20	20	1.3335	1.3262	0.2053	0.20528	-0.003573	0.00028054
14.995	14.998	20	20	1.3335	1.3335	0.20534	0.2053	-0.0023674	0.00019134
14.995	14.995	20	20	1.3274	1.3335	0.20534	0.20534	0.00053312	0.00029054
14.997	14.995	20	20	1.3276	1.3274	0.20533	0.20534	-0.00054943	0.00027759
14.998	14.997	20	20	1.3307	1.3276	0.20533	0.20533	-0.0020808	0.00027542
14.997	14.998	20	20	1.3321	1.3307	0.20535	0.20533	-0.0021539	0.00028033
14.996	14.997	20	20	1.3376	1.3321	0.20538	0.20535	-0.0038707	0.00028225
14.994	14.996	20	20	1.3331	1.3376	0.2054	0.20538	-0.00098804	0.00028977
14.995	14.994	20	20	1.3317	1.3331	0.20539	0.2054	-0.00090593	0.00018056
14.996	14.995	20	20	1.3344	1.3317	0.2054	0.20539	-0.0023959	0.00027486
14.995	14.996	20	20	1.3297	1.3344	0.20539	0.2054	-0.00020901	0.0002779
14.997	14.995	20	20	1.3351	1.3297	0.20539	0.20539	-0.0029951	0.00026987
14.995	14.997	20	20	1.3222	1.3351	0.20536	0.20539	0.0027007	0.00027855
15	14.995	20	20	1.3276	1.3222	0.20532	0.20536	-0.0013602	0.00025889
14.999	15	20	20	1.3321	1.3276	0.20532	0.20532	-0.0029823	0.00026729
14.997	14.999	20	20	1.3273	1.3321	0.20532	0.20532	-5.2774e-05	0.00027834
14.999	14.997	20	20	1.3365	1.3273	0.20533	0.20532	-0.0042339	0.00027136
14.995	14.999	20	20	1.3367	1.3365	0.20537	0.20533	-0.0029261	0.00028526
14.995	14.995	20	20	1.3352	1.3367	0.20539	0.20537	-0.0018537	0.0002853
14.995	14.995	20	20	1.3333	1.3352	0.20539	0.20539	-0.001128	0.00028054
14.996	14.995	20	20	1.341	1.3333	0.20541	0.20539	-0.004532	0.00027398
14.993	14.996	20	20	1.3414	1.341	0.20545	0.20541	-0.0035932	0.000284
14.993	14.993	20	20	1.3387	1.3414	0.20547	0.20545	-0.0019533	0.00018355
14.994	14.993	20	20	1.3272	1.3387	0.20543	0.20547	0.0021541	0.00027645
14.999	14.994	20	20	1.3198	1.3272	0.20535	0.20543	0.0029996	0.00035629
15.003	14.999	20	20	1.329	1.3198	0.2053	0.20535	-0.002702	0.00024462
15	15.003	20	20	1.3252	1.329	0.20528	0.2053	-0.00028269	0.00026428
15.001	15	20	20	1.3343	1.3252	0.20528	0.20528	-0.0040038	0.00026428
14.997	15.001	20	20	1.3222	1.3343	0.20527	0.20528	0.0021307	0.00028172
15.001	14.997	20	20	1.3246	1.3222	0.20523	0.20527	-0.00025858	0.00026468
15.001	15.001	20	20	1.3175	1.3246	0.20519	0.20523	0.0021843	0.00026821
15.004	15.001	20	20	1.3313	1.3175	0.20518	0.20519	-0.0044454	0.00025948
14.999	15.004	20	20	1.3188	1.3313	0.20518	0.20518	0.0024754	0.00028475
15.003	14.999	20	20	1.319	1.3188	0.20514	0.20518	0.00096842	0.00026826
15.004	15.003	20	20	1.3166	1.319	0.20511	0.20514	0.0013326	0.00026858
15.005	15.004	20	20	1.3126	1.3166	0.20506	0.20511	0.0023931	0.00036801
15.006	15.005	20	20	1.3177	1.3126	0.20504	0.20506	-0.00050228	0.00026484
15.005	15.006	20	20	1.3147	1.3177	0.20503	0.20504	0.0013297	0.00027697
15.005	15.005	20	20	1.3191	1.3147	0.20503	0.20503	-0.00072053	0.00027537
15.004	15.005	20	20	1.3251	1.3191	0.20506	0.20503	-0.0024919	0.00018341
15.001	15.004	20	20	1.3329	1.3251	0.20513	0.20506	-0.0041924	0.00029322
14.997	15.001	20	20	1.3201	1.3329	0.20516	0.20513	0.0026343	0.00030462
15.002	14.997	20	20	1.3324	1.3201	0.20518	0.20516	-0.0038477	0.00027959
14.998	15.002	20	20	1.3327	1.3324	0.20524	0.20518	-0.0026034	0.00019342
14.997	14.998	20	20	1.3335	1.3327	0.20528	0.20524	-0.0021469	0.00029232
14.996	14.997	20	20	1.328	1.3335	0.20529	0.20528	0.00034373	0.00028903
14.998	14.996	20	20	1.333	1.328	0.2053	0.20529	-0.0026333	0.00027559
14.997	14.998	20	20	1.333	1.333	0.20533	0.2053	-0.0019831	0.00028071
14.997	14.997	20	20	1.3273	1.333	0.20532	0.20533	0.00041934	0.00027992
14.999	14.997	20	20	1.3215	1.3273	0.20528	0.20532	0.0018723	0.0002698
15.002	14.999	20	20	1.3248	1.3215	0.20525	0.20528	-0.00084339	0.00025924
15.001	15.002	20	20	1.3251	1.3248	0.20524	0.20525	-0.00084163	0.00026609
15.001	15.001	20	20	1.3255	1.3251	0.20523	0.20524	-0.00078897	0.00026996
15	15.001	20	20	1.3258	1.3255	0.20523	0.20523	-0.00085671	0.00027219
15	15	20	20	1.3261	1.3258	0.20523	0.20523	-0.00080538	0.0002738
15	15	20	20	1.3262	1.3261	0.20523	0.20523	-0.0008414	0.00027443
15	15	20	20	1.3264	1.3262	0.20523	0.20523	-0.00086721	0.00027487
15	15	20	20	1.3265	1.3264	0.20523	0.20523	-0.00088711	0.00027532
15	15	20	20	1.3265	1.3265	0.20523	0.20523	-0.00080257	0.00027563
15	15	20	20	1.3266	1.3265	0.20524	0.20523	-0.00081278	0.00027538
15	15	20	20	1.3266	1.3266	0.20524	0.20524	-0.00082017	0.00027508
15	15	20	20	1.3267	1.3266	0.20524	0.20524	-0.00082608	0.00027477
15	15	20	20	1.3267	1.3267	0.20524	0.20524	-0.00083052	0.00027462
15	15	20	20	1.3267	1.3267	0.20524	0.20524	-0.00083348	0.00027432
15	15	20	20	1.3267	1.3267	0.20524	0.20524	-0.00083643	0.00027417
15	15	20	20	1.3267	1.3267	0.20524	0.20524	-0.00083791	0.00027402
15	15	20	20	1.3267	1.3267	0.20524	0.20524	-0.00083938	0.00027402
15	15	20	20	1.3267	1.3267	0.20524	0.20524	-0.00083939	0.00027387
15	15	20	20	1.3267	1.3267	0.20525	0.20524	-0.00084086	0.00027387
15	15	20	20	1.3267	1.3267	0.20525	0.20525	-0.00084086	0.00027372
15	15	20	20	1.3267	1.3267	0.20525	0.20525	-0.00084086	0.00027372
15	15	20	20	1.3268	1.3267	0.20525	0.20525	-0.00084087	0.00027372
15	15	20	20	1.3268	1.3268	0.20525	0.20525	-0.00084234	0.00027372
15	15	20	20	1.3268	1.3268	0.20525	0.20525	-0.00084234	0.00027372
15	15	20	20	1.3268	1.3268	0.20525	0.20525	-0.00084234	0.00027372
15	15	20	20	1.3268	1.3268	0.20525	0.20525	-0.00084234	0.00027372
15	15	20	20	1.3268	1.3268	0.20525	0.20525	-0.00084234	0.00027372
15	15	20	20	1.3267	1.3268	0.20525	0.20525	-0.00084233	0.00027372
15	15	20	20	1.3267	1.3267	0.20525	0.20525	-0.00084086	0.00027372
15	15	20	20	1.3267	1.3267	0.20525	0.20525	-0.00084086	0.00027372
15	15	20	20	1.3267	1.3267	0.20525	0.20525	-0.00084086	0.00027372
15	15	20	20	1.3267	1.3267	0.20525	0.20525	-0.00084086	0.00027372
15	15	20	20	1.3267	1.3267	0.20525	0.20525	-0.00084086	0.00027372
15	15	20	20	1.3267	1.3267	0.20525	0.20525	-0.00084086	0.00017372
15	15	20	20	1.3267	1.3267	0.20525	0.20525	-0.00084075	0.0002734
15	15	20	20	1.3267	1.3267	0.20525	0.20525	-0.00084086	0.00027318
15	15	20	20	1.3267	1.3267	0.20525	0.20525	-0.00074086	0.00027318
15	15	20	20	1.3267	1.3267	0.20525	0.20525	-0.00084005	0.00027261
15	15	20	20	1.3267	1.3267	0.20525	0.20525	-0.00084018	0.00027255
15	15	20	20	1.3267	1.3267	0.20525	0.20525	-0.00084018	0.00027255
15	15	20	20	1.3267	1.3267	0.20525	0.20525	-0.00084018	0.00027255
15	15	20	20	1.3267	1.3267	0.20525	0.20525	-0.00084018	0.00027255
15	15	20	20	1.3267	1.3267	0.20525	0.20525	-0.00084018	0.00027255
15	15	20	20	1.3267	1.3267	0.20525	0.20525	-0.00084018	0.00027255
15	15	20	20	1.3267	1.3267	0.20525	0.20525	-0.00084018	0.00027255
15	15	20	20	1.3267	1.3267	0.20525	0.20525	-0.00084018	0.00027255
15	15	20	20	1.3267	1.3267	0.20525	0.20525	-0.00084018	0.00027255
15	15	20	20	1.3267	1.3267	0.20525	0.20525	-0.00084018	0.00027255
15	15	20	20	1.3267	1.3267	0.20525	0.20525	-0.00084018	0.00027255
15	15	20	20	1.3267	1.3267	0.20525	0.20525	-0.00083871	0.00027255
15	15	20	20	1.3267	1.3267	0.20525	0.20525	-0.00083871	0.00027255
15	15	20	20	1.3267	1.3267	0.20525	0.20525	-0.00083871	0.00027255
15	15	20	20	1.3267	1.3267	0.20525	0.20525	-0.00083871	0.00027255
15	15	20	20	1.3267	1.3267	0.20525	0.20525	-0.00083871	0.00027255
15	15	20	20	1.3267	1.3267	0.20525	0.20525	-0.00083871	0.00027255
15	15	20	20	1.3267	1.3267	0.20525	0.20525	-0.00083871	0.00027255
15	15	20	20	1.3267	1.3267	0.20525	0.20525	-0.00083871	0.00027255
15	15	20	20	1.3267	1.3267	0.20525	0.20525	-0.00083871	0.00027255
15	15	20	20	1.3267	1.3267	0.20525	0.20525	-0.00083871	0.00027255
15	15	20	20	1.3267	1.3267	0.20525	0.20525	-0.00083871	0.00027255
15	15	20	20	1.3267	1.3267	0.20525	0.20525	-0.00083871	0.00027255
15	15	20	20	1.3267	1.3267	0.20525	0.20525	-0.00083871	0.00027255
15	15	20	20	1.3267	1.3267	0.20525	0.20525	-0.00083871	0.00027255
15	15	20	20	1.3267	1.3267	0.20525	0.20525	-0.00083871	0.00027255
15	15	20	20	1.3267	1.3267	0.20525	0.20525	-0.00083871	0.00027255
15	15	20	20	1.3267	1.3267	0.20525	0.20525	-0.00083871	0.00027255
15	15	20	20	1.3267	1.3267	0.20525	0.20525	-0.00083871	0.00027255
15	15	20	20	1.3267	1.3267	0.20524	0.20525	-0.0008387	0.00027255
15	15	20	20	1.3267	1.3267	0.20524	0.20524	-0.00083871	0.00027269
15	15	20	20	1.3267	1.3267	0.20524	0.20524	-0.00083871	0.00027269
15	15	20	20	1.3267	1.3267	0.20524	0.20524	-0.00083871	0.00027269
15	15	20	20	1.3267	1.3267	0.20524	0.20524	-0.00083871	0.00027269
15	15	20	20	1.3267	1.3267	0.20524	0.20524	-0.00083871	0.00027269
15	15	20	20	1.3267	1.3267	0.20524	0.20524	-0.00083871	0.00027269
15	15	20	20	1.3267	1.3267	0.20524	0.20524	-0.00083871	0.00027269
15	15	20	20	1.3267	1.3267	0.20524	0.20524	-0.00083871	0.00027269
15	15	20	20	1.3267	1.3267	0.20524	0.20524	-0.00083871	0.00027269
15	15	20	20	1.3267	1.3267	0.20524	0.20524	-0.00083871	0.00027269
15	15	20	20	1.3267	1.3267	0.20524	0.20524	-0.00073871	0.00027269
15	15	20	20	1.3267	1.3267	0.20524	0.20524	-0.00083789	0.00027213
15	15	20	20	1.3267	1.3267	0.20524	0.20524	-0.00083803	0.00027206
15	15	20	20	1.3267	1.3267	0.20524	0.20524	-0.00083803	0.00027206
15	15	20	20	1.3267	1.3267	0.20524	0.20524	-0.00083803	0.00027206
15	15	20	20	1.3267	1.3267	0.20524	0.20524	-0.00083803	0.00027206
15	15	20	20	1.3267	1.3267	0.20524	0.20524	-0.00083803	0.00027206
15	15	20	20	1.3267	1.3267	0.20524	0.20524	-0.00083803	0.00027206
15	15	20	20	1.3267	1.3267	0.20524	0.20524	-0.00083803	0.00027206
15	15	20	20	1.3267	1.3267	0.20524	0.20524	-0.00083803	0.00027206
15	15	20	20	1.3267	1.3267	0.20524	0.20524	-0.00083803	0.00027206
15	15	20	20	1.3267	1.3267	0.20524	0.20524	-0.00083803	0.00027206
15	15	20	20	1.3267	1.3267	0.20524	0.20524	-0.00083802	0.00027206
15	15	20	20	1.3267	1.3267	0.20524	0.20524	-0.00083655	0.00027207
15	15	20	20	1.3267	1.3267	0.20524	0.20524	-0.00083655	0.00027207
15	15	20	20	1.3267	1.3267	0.20524	0.20524	-0.00083655	0.00027207
15	15	20	20	1.3267	1.3267	0.20524	0.20524	-0.00083655	0.00027207
15	15	20	20	1.3267	1.3267	0.20524	0.20524	-0.00083655	0.00027207
15	15	20	20	1.3267	1.3267	0.20524	0.20524	-0.00083655	0.00027207
15	15	20	20	1.3267	1.3267	0.20524	0.20524	-0.00083655	0.00027207
15	15	20	20	1.3267	1.3267	0.20524	0.20524	-0.00083655	0.00027207
15	15	20	20	1.3267	1.3267	0.20524	0.20524	-0.00083655	0.00027207
15	15	20	20	1.3267	1.3267	0.20524	0.20524	-0.00083655	0.00027207
15	15	20	20	1.3267	1.3267	0.20524	0.20524	-0.00083655	0.00027207
15	15	20	20	1.3267	1.3267	0.20524	0.20524	-0.00083655	0.00027207
15	15	20	20	1.3267	1.3267	0.20524	0.20524	-0.00083655	0.00027207
15	15	20	20	1.3267	1.3267	0.20524	0.20524	-0.00083655	0.00027207
15	15	20	20	1.3267	1.3267	0.20524	0.20524	-0.00083655	0.00027207
15	15	20	20	1.3267	1.3267	0.20524	0.20524	-0.00083655	0.00027207
15	15	20	20	1.3267	1.3267	0.20524	0.20524	-0.00083655	0.00027207
15	15	20	20	1.3267	1.3267	0.20524	0.20524	-0.00083655	0.00027207
15	15	20	20	1.3267	1.3267	0.20524	0.20524	-0.00083655	0.00027207
15	15	20	20	1.3267	1.3267	0.20524	0.20524	-0.00083655	0.00027207
15	15	20	20	1.3267	1.3267	0.20524	0.20524	-0.00083655	0.00027207
15	15	20	20	1.3267	1.3267	0.20524	0.20524	-0.00083655	0.00027207
15	15	20	20	1.3267	1.3267	0.20524	0.20524	-0.00083655	0.00027207
15	15	20	20	1.3267	1.3267	0.20524	0.20524	-0.00083655	0.00027207
15	15	20	20	1.3267	1.3267	0.20524	0.20524	-0.00083655	0.00027207
15	15	20	20	1.3267	1.3267	0.20524	0.20524	-0.00083655	0.00027207
15	15	20	20	1.3267	1.3267	0.20524	0.20524	-0.00083655	0.00027207
15	15	20	20	1.3267	1.3267	0.20524	0.20524	-0.00083655	0.00027207
15	15	20	20	1.3267	1.3267	0.20524	0.20524	-0.00083655	0.00027207
15	15	20	20	1.3267	1.3267	0.20524	0.20524	-0.00083655	0.00027207
15	15	20	20	1.3267	1.3267	0.20524	0.20524	-0.00083655	0.00027207
15	15	20	20	1.3267	1.3267	0.20524	0.20524	-0.00083655	0.00027207
15	15	20	20	1.3267	1.3267	0.20524	0.20524	-0.00083655	0.00027207
15	15	20	20	1.3267	1.3267	0.20524	0.20524	-0.00083655	0.00027207
15	15	20	20	1.3267	1.3267	0.20524	0.20524	-0.00083655	0.00027207
15	15	20	20	1.3267	1.3267	0.20524	0.20524	-0.00083655	0.00027207
15	15	20	20	1.3267	1.3267	0.20524	0.20524	-0.00083655	0.00027207
15	15	20	20	1.3267	1.3267	0.20524	0.20524	-0.00083655	0.00027207
15	15	20	20	1.3267	1.3267	0.20524	0.20524	-0.00083655	0.00027207
15	15	20	20	1.3267	1.3267	0.20524	0.20524	-0.00083655	0.00027207
15	15	20	20	1.3267	1.3267	0.20524	0.20524	-0.00083655	0.00027207
15	15	20	20	1.3267	1.3267	0.20524	0.20524	-0.00083655	0.00027207
15	15	20	20	1.3267	1.3267	0.20524	0.20524	-0.00083655	0.00027207
15	15	20	20	1.3267	1.3267	0.20524	0.20524	-0.00083655	0.00027207
15	15	20	20	1.3267	1.3267	0.20524	0.20524	-0.00083655	0.00027207
15	15	20	20	1.3267	1.3267	0.20524	0.20524	-0.00083655	0.00027207
15	15	20	20	1.3267	1.3267	0.20524	0.20524	-0.00083655	0.00027207
15	15	20	20	1.3267	1.3267	0.20524	0.20524	-0.00083655	0.00027207
15	15	20	20	1.3267	1.3267	0.20524	0.20524	-0.00083655	0.00027207
15	15	20	20	1.3267	1.3267	0.20524	0.20524	-0.00083655	0.00027207
15	15	20	20	1.3267	1.3267	0.20524	0.20524	-0.00083655	0.00027207
15	15	20	20	1.3267	1.3267	0.20524	0.20524	-0.00083655	0.00027207
15	15	20	20	1.3267	1.3267	0.20524	0.20524	-0.00083655	0.00027207
15	15	20	20	1.3267	1.3267	0.20524	0.20524	-0.00083655	0.00027207
15	15	20	20	1.3267	1.3267	0.20524	0.20524	-0.00083655	0.00027207
15	15	20	20	1.3267	1.3267	0.20524	0.20524	-0.00083655	0.00027207
15	15	20	20	1.3267	1.3267	0.20524	0.20524	-0.00083655	0.00027207
15	15	20	20	1.3267	1.3267	0.20524	0.20524	-0.00083655	0.00027207
15	15	20	20	1.3267	1.3267	0.20524	0.20524	-0.00083655	0.00027207
15	15	20	20	1.3267	1.3267	0.20377	0.20524	-0.00083556	0.00087217
15	15	20.001	20	1.3267	1.3267	0.20609	0.20377	-0.00083917	-0.00031072
15	15	20	20.001	1.3267	1.3267	0.20539	0.20609	-0.00083494	0.00024893
15	15	20	20	1.3267	1.3267	0.2044	0.20539	-0.00083596	0.00064943
15	15	20	20	1.3267	1.3267	0.2052	0.2044	-0.00083776	0.0001962
15	15	20	20	1.3267	1.3267	0.2051	0.2052	-0.00083625	0.00027906
15	15	20	20	1.3267	1.3267	0.20478	0.2051	-0.00083637	0.00039428
15	15	20	20	1.3267	1.3267	0.20378	0.20478	-0.00083611	0.00074058
15	15	20.001	20	1.3267	1.3267	0.20366	0.20378	-0.0008373	0.00058888
15	15	20.001	20.001	1.3267	1.3267	0.20433	0.20366	-0.00083751	0.00030745
15	15	20	20.001	1.3267	1.3267	0.20535	0.20433	-0.00083723	-9.0994e-05
15	15	20	20	1.3267	1.3267	0.20554	0.20535	-0.00083607	5.7376e-05
15	15	20	20	1.3267	1.3267	0.20388	0.20554	-0.00083513	0.00092868
15	15	20	20	1.3267	1.3267	0.20345	0.20388	-0.00083742	0.0006732
15	15	20.001	20	1.3267	1.3267	0.20484	0.20345	-0.00083817	3.7452e-05
15	15	20	20.001	1.3267	1.3267	0.20415	0.20484	-0.00083561	0.00053283
15	15	20	20	1.3267	1.3267	0.20338	0.20415	-0.00083654	0.00073373
15	15	20.001	20	1.3267	1.3267	0.20567	0.20338	-0.0008389	-0.0002526
15	15	20	20.001	1.3267	1.3267	0.20438	0.20567	-0.00083466	0.00051168
15	15	20	20	1.3267	1.3267	0.20513	0.20438	-0.00083762	0.00019866
15	15	20	20	1.3267	1.3267	0.20547	0.20513	-0.00083657	8.9019e-05
15	15	20	20	1.3267	1.3267	0.20539	0.20547	-0.00083621	0.00023852
15	15	20	20	1.3267	1.3267	0.20512	0.20539	-0.00083633	0.00034964
15	15	20	20	1.3267	1.3267	0.20369	0.20512	-0.00083574	0.00088953
15	15	20	20	1.3267	1.3267	0.20604	0.20369	-0.0008392	-0.00030015
15	15	20	20	1.3267	1.3267	0.2068	0.20604	-0.00083594	-0.00034368
15	15	19.999	20	1.3267	1.3267	0.20733	0.2068	-0.00083593	-0.0001591
15	15	19.999	19.999	1.3267	1.3267	0.20666	0.20733	-0.00083533	0.00016126
15	15	19.999	19.999	1.3267	1.3267	0.20633	0.20666	-0.0008362	0.00026045
15	15	19.999	19.999	1.3267	1.3267	0.20461	0.20633	-0.00083535	0.00080947
15	15	20	19.999	1.3267	1.3267	0.20474	0.20461	-0.00083761	0.00046362
15	15	20	20	1.3267	1.3267	0.20568	0.20474	-0.00083741	-5.3852e-05
15	15	20	20	1.3267	1.3267	0.20488	0.20568	-0.00083544	0.00050874
15	15	20	20	1.3267	1.3267	0.20586	0.20488	-0.00083764	-7.5034e-05
15	15	20	20	1.3267	1.3267	0.20588	0.20586	-0.00083594	0.00018064
15	15	20	20	1.3267	1.3267	0.2062	0.20588	-0.0008366	-2.2327e-05
15	15	20	20	1.3267	1.3267	0.20539	0.2062	-0.00083553	0.00042986
15	15	20	20	1.3267	1.3267	0.20549	0.20539	-0.00083693	0.00034865
15	15	20	20	1.3267	1.3267	0.20635	0.20549	-0.00083717	-0.00016533
15	15	20	20	1.3267	1.3267	0.20542	0.20635	-0.00083518	0.00040882
15	15	20	20	1.3267	1.3267	0.20604	0.20542	-0.00083726	0.00014452
15	15	20	20	1.3267	1.3267	0.20477	0.20604	-0.00083538	0.0005549
15	15	20	20	1.3267	1.3267	0.20407	0.20477	-0.00083666	0.00074168
15	15	20	20	1.3267	1.3267	0.20541	0.20407	-0.0008382	-5.3892e-05
15	15	20	20	1.3267	1.3267	0.20467	0.20541	-0.00083544	0.00044954
15	15	20	20	1.3267	1.3267	0.20647	0.20467	-0.00083813	-0.00024404
15	15	20	20	1.3267	1.3267	0.20446	0.20647	-0.00083419	0.00069146
15	15	20	20	1.3267	1.3267	0.20627	0.20446	-0.00083865	-0.00021364
15	15	20	20	1.3267	1.3267	0.20672	0.20627	-0.00083589	-7.8436e-05
15	15	19.999	20	1.3267	1.3267	0.20575	0.20672	-0.0008353	0.00035415
15	15	20	19.999	1.3267	1.3267	0.20536	0.20575	-0.0008365	0.00039504
15	15	20	20	1.3267	1.3267	0.20635	0.20536	-0.0008374	-4.6695e-05
15	15	20	20	1.3267	1.3267	0.20667	0.20635	-0.00083614	-9.0508e-05
15	15	19.999	20	1.3267	1.3267	0.20619	0.20667	-0.00083562	0.00025997
15	15	20	19.999	1.3267	1.3267	0.20704	0.20619	-0.00083711	-0.00016841
15	15	19.999	20	1.3267	1.3267	0.20662	0.20704	-0.00083546	0.00010654
15	15	19.999	19.999	1.3267	1.3267	0.20644	0.20662	-0.00083619	0.00016717
15	15	20	19.999	1.3267	1.3267	0.20535	0.20644	-0.00083563	0.00049396
15	15	20	20	1.3267	1.3267	0.20562	0.20535	-0.00083716	0.00025481
15	15	20	20	1.3267	1.3267	0.20568	0.20562	-0.00083649	0.00021696
15	15	20	20	1.3267	1.3267	0.20416	0.20568	-0.00083542	0.00080844
15	15	20	20	1.3267	1.3267	0.20637	0.20416	-0.00083899	-0.00036742
15	15	20	20	1.3267	1.3267	0.20614	0.20637	-0.00083519	0.00010798
15	15	20	20	1.3267	1.3267	0.20423	0.20614	-0.00083504	0.00083878
15	15	20	20	1.3267	1.3267	0.20526	0.20423	-0.0008383	0.00022034
15	15	20	20	1.3267	1.3267	0.20437	0.20526	-0.00083571	0.00057133
15	15	20	20	1.3267	1.3267	0.20566	0.20437	-0.00083798	-9.7691e-05
15	15	20	20	1.3267	1.3267	0.20381	0.20566	-0.00083462	0.00081188
15	15	20.001	20	1.3267	1.3267	0.20571	0.20381	-0.00083888	-0.0001161
15	15	20	20.001	1.3267	1.3267	0.20629	0.20571	-0.00083612	-9.5084e-05
15	15	20	20	1.3267	1.3267	0.20613	0.20629	-0.00083582	0.00011768
15	15	20	20	1.3267	1.3267	0.20517	0.20613	-0.00083568	0.00044163
15	15	20	20	1.3267	1.3267	0.20634	0.20517	-0.00083769	-1.8156e-05
15	15	20	20	1.3267	1.3267	0.2045	0.20634	-0.00083469	0.00071136
15	15	20	20	1.3267	1.3267	0.20539	0.2045	-0.00083802	0.00018185
15	15	20	20	1.3267	1.3267	0.20397	0.20539	-0.00083533	0.00075254
15	15	20.001	20	1.3267	1.3267	0.20349	0.20397	-0.00083713	0.0007606
15	15	20.001	20.001	1.3267	1.3267	0.20531	0.20349	-0.00083855	-0.00016756
15	15	20	20.001	1.3267	1.3267	0.20421	0.20531	-0.00083498	0.00056544
15	15	20	20	1.3267	1.3267	0.20505	0.20421	-0.00083772	0.00012574
15	15	20	20	1.3267	1.3267	0.20599	0.20505	-0.00083688	-9.7129e-05
15	15	20	20	1.3267	1.3267	0.20414	0.20599	-0.00083465	0.00076245
15	15	20	20	1.3267	1.3267	0.20403	0.20414	-0.00083745	0.00063512
15	15	20.001	20	1.3267	1.3267	0.20555	0.20403	-0.00083811	-0.00014706
15	15	20	20.001	1.3267	1.3267	0.20525	0.20555	-0.00083557	0.00022794
15	15	20	20	1.3267	1.3267	0.20672	0.20525	-0.00083752	-0.00032921
15	15	19.999	20	1.3267	1.3267	0.20502	0.20672	-0.00083434	0.00065495
15	15	20	19.999	1.3267	1.3267	0.20654	0.20502	-0.00083832	-0.00019589
15	15	20	20	1.3267	1.3267	0.20627	0.20654	-0.00083546	8.1499e-05
15	15	20	20	1.3267	1.3267	0.20513	0.20627	-0.00083553	0.00061993
15	15	20	20	1.3267	1.3267	0.20393	0.20513	-0.00083635	0.0008877
15	15	20.001	20	1.3267	1.3267	0.20563	0.20393	-0.00083871	-0.00013407
15	15	20	20.001	1.3267	1.3267	0.20508	0.20563	-0.00083539	0.00031772
15	15	20	20	1.3267	1.3267	0.20657	0.20508	-0.0008377	-0.000303
15	15	20	20	1.3267	1.3267	0.20589	0.20657	-0.00083506	0.00027707
15	15	20	20	1.3267	1.3267	0.20711	0.20589	-0.00083743	-0.00022459
15	15	19.999	20	1.3267	1.3267	0.20662	0.20711	-0.00083528	9.6095e-05
15	15	19.999	19.999	1.3267	1.3267	0.20583	0.20662	-0.00083578	0.00036677
15	15	20	19.999	1.3267	1.3267	0.20646	0.20583	-0.00083717	-1.5269e-05
15	15	20	20	1.3267	1.3267	0.20717	0.20646	-0.00083648	-0.00020769
15	15	19.999	20	1.3267	1.3267	0.20675	0.20717	-0.00083543	0.00018698
15	15	19.999	19.999	1.3267	1.3267	0.20616	0.20675	-0.000836	0.00024855
15	15	20	19.999	1.3267	1.3267	0.20731	0.20616	-0.00083731	-0.00026463
15	15	19.999	20	1.3267	1.3267	0.20642	0.20731	-0.00083496	0.00026647
15	15	20	19.999	1.3267	1.3267	0.20743	0.20642	-0.00083727	-0.00020356
15	15	19.999	20	1.3267	1.3267	0.20648	0.20743	-0.00083501	0.00024855
15	15	20	19.999	1.3267	1.3267	0.20472	0.20648	-0.0008354	0.00088756
15	15	20	20	1.3267	1.3267	0.20522	0.20472	-0.00083793	0.00024837
15	15	20	20	1.3267	1.3267	0.20385	0.20522	-0.00083552	0.00087743
15	15	20.001	20	1.3267	1.3267	0.20509	0.20385	-0.00083842	7.8898e-05
15	15	20	20.001	1.3267	1.3267	0.20621	0.20509	-0.00083687	-0.00030226
15	15	20	20	1.3267	1.3267	0.20519	0.20621	-0.00083492	0.00043095
15	15	20	20	1.3267	1.3267	0.20618	0.20519	-0.00083757	-2.067e-05
15	15	20	20	1.3267	1.3267	0.20689	0.20618	-0.00083643	-0.00016589
15	15	20	20	1.3267	1.3267	0.20653	0.20689	-0.00083554	2.9571e-05
15	15	20	20	1.3267	1.3267	0.20561	0.20653	-0.0008356	0.00048101
15	15	20	20	1.3267	1.3267	0.20601	0.20561	-0.00083718	0.00011721
15	15	20	20	1.3267	1.3267	0.20642	0.20601	-0.00083651	5.8545e-05
15	15	20	20	1.3267	1.3267	0.20474	0.20642	-0.000835	0.00069847
15	15	20	20	1.3267	1.3267	0.20493	0.20474	-0.00083749	0.00044606
15	15	20	20	1.3267	1.3267	0.20458	0.20493	-0.0008365	0.00041954
15	15	20	20	1.3267	1.3267	0.20591	0.20458	-0.00083772	-0.00012825
15	15	20	20	1.3267	1.3267	0.20647	0.20591	-0.00083617	-0.00012456
15	15	20	20	1.3267	1.3267	0.20661	0.20647	-0.00083598	-8.5248e-06
15	15	20	20	1.3267	1.3267	0.20706	0.20661	-0.00083638	-0.00013031
15	15	19.999	20	1.3267	1.3267	0.20687	0.20706	-0.00083572	3.3396e-06
15	15	19.999	19.999	1.3267	1.3267	0.20488	0.20687	-0.0008348	0.00083125
15	15	20	19.999	1.3267	1.3267	0.20573	0.20488	-0.00083813	0.00012411
15	15	20	20	1.3267	1.3267	0.20419	0.20573	-0.00083515	0.00080095
15	15	20.001	20	1.3267	1.3267	0.20363	0.20419	-0.00083713	0.00072835
15	15	20.001	20.001	1.3267	1.3267	0.20318	0.20363	-0.000837	0.00071285
15	15	20.001	20.001	1.3267	1.3267	0.20272	0.20318	-0.00083699	0.0007794
15	15	20.001	20.001	1.3267	1.3267	0.20464	0.20272	-0.00083869	-5.2681e-05
15	15	20.001	20.001	1.3267	1.3267	0.2056	0.20464	-0.00083653	-0.00013452
15	15	20	20.001	1.3267	1.3267	0.20369	0.2056	-0.0008346	0.00082238
15	15	20.001	20	1.3267	1.3267	0.2056	0.20369	-0.00083891	-9.8732e-05
15	15	20	20.001	1.3267	1.3267	0.20577	0.2056	-0.00083587	2.1435e-05
15	15	20	20	1.3267	1.3267	0.20494	0.20577	-0.00083563	0.00049568
15	15	20	20	1.3267	1.3267	0.20647	0.20494	-0.00083799	-0.0002833
15	15	20	20	1.3267	1.3267	0.20626	0.20647	-0.0008354	9.1187e-05
15	15	20	20	1.3267	1.3267	0.20635	0.20626	-0.00083635	0.00012098
15	15	20	20	1.3267	1.3267	0.20598	0.20635	-0.00083601	0.00020799
15	15	20	20	1.3267	1.3267	0.20503	0.20598	-0.00083584	0.00056291
15	15	20	20	1.3267	1.3267	0.20488	0.20503	-0.00083696	0.00050303
15	15	20	20	1.3267	1.3267	0.20499	0.20488	-0.00083694	0.00032664
15	15	20	20	1.3267	1.3267	0.20358	0.20499	-0.00083567	0.00081125
15	15	20.001	20	1.3267	1.3267	0.20365	0.20358	-0.00083759	0.0006184
15	15	20.001	20.001	1.3267	1.3267	0.204	0.20365	-0.00083729	0.0003093
15	15	20.001	20.001	1.3267	1.3267	0.20354	0.204	-0.00083632	0.00065818
15	15	20.001	20.001	1.3267	1.3267	0.20445	0.20354	-0.00083782	0.00012585
15	15	20	20.001	1.3267	1.3267	0.20456	0.20445	-0.00083635	0.00029124
15	15	20	20	1.3267	1.3267	0.20474	0.20456	-0.00083673	0.00027451
15	15	20	20	1.3267	1.3267	0.20487	0.20474	-0.00083664	0.00024705
15	15	20	20	1.3267	1.3267	0.20497	0.20487	-0.00083659	0.00032793
15	15	20	20	1.3267	1.3267	0.20504	0.20497	-0.00083666	0.00021367
15	15	20	20	1.3267	1.3267	0.20509	0.20504	-0.00083652	0.00030296
15	15	20	20	1.3267	1.3267	0.20513	0.20509	-0.00083661	0.00029499
15	15	20	20	1.3267	1.3267	0.20516	0.20513	-0.00083659	0.00018928
15	15	20	20	1.3267	1.3267	0.20518	0.20516	-0.00083647	0.00028458
15	15	20	20	1.3267	1.3267	0.2052	0.20518	-0.00083657	0.00028113
15	15	20	20	1.3267	1.3267	0.20521	0.2052	-0.00083657	0.00027879
15	15	20	20	1.3267	1.3267	0.20522	0.20521	-0.00083656	0.00027704
15	15	20	20	1.3267	1.3267	0.20523	0.20522	-0.00083656	0.00027572
15	15	20	20	1.3267	1.3267	0.20523	0.20523	-0.00083655	0.0002747
15	15	20	20	1.3267	1.3267	0.20524	0.20523	-0.00083655	0.00027397
15	15	20	20	1.3267	1.3267	0.20524	0.20524	-0.00083655	0.00027338
15	15	20	20	1.3267	1.3267	0.20524	0.20524	-0.00083655	0.00027294
15	15	20	20	1.3267	1.3267	0.20524	0.20524	-0.00083655	0.00027265
15	15	20	20	1.3267	1.3267	0.20524	0.20524	-0.00083655	0.00027251
15	15	20	20	1.3267	1.3267	0.20524	0.20524	-0.00083655	0.00027236
15	15	20	20	1.3267	1.3267	0.20524	0.20524	-0.00083655	0.00027221
15	15	20	20	1.3267	1.3267	0.20524	0.20524	-0.00083655	0.00027207
15	15	20	20	1.3267	1.3267	0.20525	0.20524	-0.00083655	0.00027207
15	15	20	20	1.3267	1.3267	0.20525	0.20525	-0.00083655	0.00027192
15	15	20	20	1.3267	1.3267	0.20525	0.20525	-0.00083655	0.00027192
15	15	20	20	1.3267	1.3267	0.20525	0.20525	-0.00083655	0.00027192
15	15	20	20	1.3267	1.3267	0.20525	0.20525	-0.00083655	0.00027192
15	15	20	20	1.3267	1.3267	0.20525	0.20525	-0.00083655	0.00027192
15	15	20	20	1.3267	1.3267	0.20525	0.20525	-0.00083655	0.00027192
15	15	20	20	1.3267	1.3267	0.20525	0.20525	-0.00083655	0.00027192
15	15	20	20	1.3267	1.3267	0.20525	0.20525	-0.00083655	0.00027192
15	15	20	20	1.3267	1.3267	0.20525	0.20525	-0.00083655	0.00027192
15	15	20	20	1.3267	1.3267	0.20525	0.20525	-0.00083655	0.00027192
15	15	20	20	1.3267	1.3267	0.20525	0.20525	-0.00083655	0.00027192
15	15	20	20	1.3267	1.3267	0.20525	0.20525	-0.00083655	0.00027192
15	15	20	20	1.3267	1.3267	0.20525	0.20525	-0.00083655	0.00027192
15	15	20	20	1.3267	1.3267	0.20525	0.20525	-0.00083655	0.00027192
15	15	20	20	1.3267	1.3267	0.20525	0.20525	-0.00083655	0.00027192
15	15	20	20	1.3267	1.3267	0.20525	0.20525	-0.00083655	0.00027192
15	15	20	20	1.3267	1.3267	0.20525	0.20525	-0.00083655	0.00027192
15	15	20	20	1.3267	1.3267	0.20525	0.20525	-0.00083655	0.00027192
15	15	20	20	1.3267	1.3267	0.20525	0.20525	-0.00083655	0.00027192
15	15	20	20	1.3267	1.3267	0.20525	0.20525	-0.00083655	0.00027192
15	15	20	20	1.3267	1.3267	0.20525	0.20525	-0.00083655	0.00027192
15	15	20	20	1.3267	1.3267	0.20525	0.20525	-0.00083655	0.00027192
15	15	20	20	1.3267	1.3267	0.20525	0.20525	-0.00083655	0.00027192
15	15	20	20	1.3267	1.3267	0.20525	0.20525	-0.00083655	0.00027192
15	15	20	20	1.3267	1.3267	0.20525	0.20525	-0.00083655	0.00027192
15	15	20	20	1.3267	1.3267	0.20525	0.20525	-0.00083655	0.00027192
15	15	20	20	1.3267	1.3267	0.20525	0.20525	-0.00083655	0.00027192
15	15	20	20	1.3267	1.3267	0.20525	0.20525	-0.00083655	0.00027192
15	15	20	20	1.3267	1.3267	0.20525	0.20525	-0.00083655	0.00027192
15	15	20	20	1.3267	1.3267	0.20525	0.20525	-0.00083655	0.00027192
15	15	20	20	1.3267	1.3267	0.20525	0.20525	-0.00083655	0.00027192
15	15	20	20	1.3267	1.3267	0.20525	0.20525	-0.00083655	0.00027192
15	15	20	20	1.3267	1.3267	0.20525	0.20525	-0.00083655	0.00027192
15	15	20	20	1.3267	1.3267	0.20525	0.20525	-0.00083655	0.00027192
15	15	20	20	1.3267	1.3267	0.20525	0.20525	-0.00083655	0.00027192
15	15	20	20	1.3267	1.3267	0.20525	0.20525	-0.00083655	0.00027192
15	15	20	20	1.3267	1.3267	0.20525	0.20525	-0.00083655	0.00027192
15	15	20	20	1.3267	1.3267	0.20525	0.20525	-0.00083655	0.00027192
15	15	20	20	1.3267	1.3267	0.20525	0.20525	-0.00083655	0.00027192
15	15	20	20	1.3267	1.3267	0.20525	0.20525	-0.00083655	0.00027192
15	15	20	20	1.3267	1.3267	0.20525	0.20525	-0.00083655	0.00027192
15	15	20	20	1.3267	1.3267	0.20525	0.20525	-0.00083655	0.00027192
15	15	20	20	1.3267	1.3267	0.20525	0.20525	-0.00083655	0.00027192
15	15	20	20	1.3267	1.3267	0.20525	0.20525	-0.00083655	0.00027192
15	15	20	20	1.3267	1.3267	0.20525	0.20525	-0.00083655	0.00027192
15	15	20	20	1.3267	1.3267	0.20525	0.20525	-0.00083655	0.00027192
15	15	20	20	1.3267	1.3267	0.20525	0.20525	-0.00083655	0.00027192
15	15	20	20	1.3267	1.3267	0.20525	0.20525	-0.00083655	0.00027192
15	15	20	20	1.3267	1.3267	0.20525	0.20525	-0.00083655	0.00027192
15	15	20	20	1.3267	1.3267	0.20525	0.20525	-0.00083655	0.00027192
15	15	20	20	1.3267	1.3267	0.20525	0.20525	-0.00083655	0.00027192
15	15	20	20	1.3267	1.3267	0.20525	0.20525	-0.00083655	0.00027192
15	15	20	20	1.3267	1.3267	0.20525	0.20525	-0.00083655	0.00027192
15	15	20	20	1.3267	1.3267	0.20525	0.20525	-0.00083655	0.00027192
15	15	20	20	1.3267	1.3267	0.20525	0.20525	-0.00083655	0.00027192
15	15	20	20	1.3267	1.3267	0.20525	0.20525	-0.00083655	0.00027192
15	15	20	20	1.3267	1.3267	0.20525	0.20525	-0.00083655	0.00027192
15	15	20	20	1.3267	1.3267	0.20525	0.20525	-0.00083655	0.00027192
15	15	20	20	1.3267	1.3267	0.20525	0.20525	-0.00083655	0.00027192
15	15	20	20	1.3267	1.3267	0.20525	0.20525	-0.00083655	0.00027192
15	15	20	20	1.3267	1.3267	0.20525	0.20525	-0.00083655	0.00027192
15	15	20	20	1.3267	1.3267	0.20525	0.20525	-0.00083655	0.00027192
15	15	20	20	1.3267	1.3267	0.20525	0.20525	-0.00083655	0.00027192
15	15	20	20	1.3267	1.3267	0.20525	0.20525	-0.00083655	0.00027192
15	15	20	20	1.3267	1.3267	0.20525	0.20525	-0.00083655	0.00027192
15	15	20	20	1.3267	1.3267	0.20525	0.20525	-0.00083655	0.00027192
15	15	20	20	1.3267	1.3267	0.20525	0.20525	-0.00083655	0.00027192
15	15	20	20	1.3267	1.3267	0.20525	0.20525	-0.00083655	0.00027192
15	15	20	20	1.3267	1.3267	0.20525	0.20525	-0.00083655	0.00027192
15	15	20	20	1.3267	1.3267	0.20525	0.20525	-0.00083655	0.00027192
15	15	20	20	1.3267	1.3267	0.20525	0.20525	-0.00083655	0.00027192
15	15	20	20	1.3267	1.3267	0.20525	0.20525	-0.00083655	0.00027192
15	15	20	20	1.3267	1.3267	0.20525	0.20525	-0.00083655	0.00027192
15	15	20	20	1.3267	1.3267	0.20524	0.20525	-0.00083655	0.00027192
15	15	20	20	1.3267	1.3267	0.20524	0.20524	-0.00083655	0.00027207
15	15	20	20	1.3267	1.3267	0.20524	0.20524	-0.00083655	0.00027207
15	15	20	20	1.3267	1.3267	0.20524	0.20524	-0.00083655	0.00027207
15	15	20	20	1.3267	1.3267	0.20524	0.20524	-0.00083655	0.00027207
15	15	20	20	1.3267	1.3267	0.20524	0.20524	-0.00083655	0.00027207
15	15	20	20	1.3267	1.3267	0.20524	0.20524	-0.00083655	0.00027207
15	15	20	20	1.3267	1.3267	0.20524	0.20524	-0.00083655	0.00027207
15	15	20	20	1.3267	1.3267	0.20524	0.20524	-0.00083655	0.00027207
15	15	20	20	1.3267	1.3267	0.20524	0.20524	-0.00083655	0.00027207
15	15	20	20	1.3267	1.3267	0.20524	0.20524	-0.00083655	0.00027207
15	15	20	20	1.3267	1.3267	0.20524	0.20524	-0.00083655	0.00027207
15	15	20	20	1.3267	1.3267	0.20524	0.20524	-0.00083655	0.00027207
15	15	20	20	1.3267	1.3267	0.20524	0.20524	-0.00083655	0.00027207
15	15	20	20	1.3267	1.3267	0.20524	0.20524	-0.00083655	0.00027207
15	15	20	20	1.3267	1.3267	0.20524	0.20524	-0.00083655	0.00027207
15	15	20	20	1.3267	1.3267	0.20524	0.20524	-0.00083655	0.00027207
15	15	20	20	1.3267	1.3267	0.20524	0.20524	-0.00083655	0.00027207
15	15	20	20	1.3267	1.3267	0.20524	0.20524	-0.00083655	0.00027207
15	15	20	20	1.3267	1.3267	0.20524	0.20524	-0.00083655	0.00027207
15	15	20	20	1.3267	1.3267	0.20524	0.20524	-0.00083655	0.00027207
15	15	20	20	1.3267	1.3267	0.20524	0.20524	-0.00083655	0.00027207
15	15	20	20	1.3267	1.3267	0.20524	0.20524	-0.00083655	0.00027207
15	15	20	20	1.3267	1.3267	0.20524	0.20524	-0.00083655	0.00027207
15	15	20	20	1.3267	1.3267	0.20524	0.20524	-0.00083655	0.00027207
15	15	20	20	1.3267	1.3267	0.20524	0.20524	-0.00083655	0.00027207
15	15	20	20	1.3267	1.3267	0.20524	0.20524	-0.00083655	0.00027207
15	15	20	20	1.3267	1.3267	0.20524	0.20524	-0.00083655	0.00027207
15	15	20	20	1.3267	1.3267	0.20524	0.20524	-0.00083655	0.00027207
15	15	20	20	1.3267	1.3267	0.20524	0.20524	-0.00083655	0.00027207
15	15	20	20	1.3267	1.3267	0.20524	0.20524	-0.00083655	0.00027207
15	15	20	20	1.3267	1.3267	0.20524	0.20524	-0.00083655	0.00027207
15	15	20	20	1.3267	1.3267	0.20524	0.20524	-0.00083655	0.00027207
15	15	20	20	1.3267	1.3267	0.20524	0.20524	-0.00083655	0.00027207
15	15	20	20	1.3267	1.3267	0.20524	0.20524	-0.00083655	0.00027207
15	15	20	20	1.3267	1.3267	0.20524	0.20524	-0.00083655	0.00027207
15	15	20	20	1.3267	1.3267	0.20524	0.20524	-0.00083655	0.00027207
15	15	20	20	1.3267	1.3267	0.20524	0.20524	-0.00083655	0.00027207
15	15	20	20	1.3267	1.3267	0.20524	0.20524	-0.00083655	0.00027207
15	15	20	20	1.3267	1.3267	0.20524	0.20524	-0.00083655	0.00027207
15	15	20	20	1.3267	1.3267	0.20524	0.20524	-0.00083655	0.00027207
15	15	20	20	1.3267	1.3267	0.20524	0.20524	-0.00083655	0.00027207
15	15	20	20	1.3267	1.3267	0.20524	0.20524	-0.00083655	0.00027207
15	15	20	20	1.3267	1.3267	0.20524	0.20524	-0.00083655	0.00027207
15	15	20	20	1.3267	1.3267	0.20524	0.20524	-0.00083655	0.00027207
15	15	20	20	1.3267	1.3267	0.20524	0.20524	-0.00083655	0.00027207
15	15	20	20	1.3267	1.3267	0.20524	0.20524	-0.00083655	0.00027207
15	15	20	20	1.3267	1.3267	0.20524	0.20524	-0.00083655	0.00027207
15	15	20	20	1.3267	1.3267	0.20524	0.20524	-0.00083655	0.00027207
15	15	20	20	1.3267	1.3267	0.20524	0.20524	-0.00083655	0.00027207
15	15	20	20	1.3267	1.3267	0.20524	0.20524	-0.00083655	0.00027207
15	15	20	20	1.3267	1.3267	0.20524	0.20524	-0.00083655	0.00027207
15	15	20	20	1.3267	1.3267	0.20524	0.20524	-0.00083655	0.00027207
15	15	20	20	1.3267	1.3267	0.20524	0.20524	-0.00083655	0.00027207
15	15	20	20	1.3277	1.3267	0.20652	0.20524	-0.001238	-0.00022809
15	15	20	20	1.3172	1.3277	0.20637	0.20652	0.0031284	8.6292e-05
15.004	15	20	20	1.3134	1.3172	0.20696	0.20637	0.0027991	-0.00021285
15.006	15.004	19.999	20	1.3232	1.3134	0.20747	0.20696	-0.0024309	-0.00021465
15.002	15.006	19.999	19.999	1.3161	1.3232	0.20643	0.20747	0.0017995	0.0003264
15.004	15.002	19.999	19.999	1.3261	1.3161	0.20739	0.20643	-0.0028436	-0.00022945
15.001	15.004	19.999	19.999	1.3295	1.3261	0.20735	0.20739	-0.0027467	-5.3331e-05
14.999	15.001	19.999	19.999	1.3373	1.3295	0.20705	0.20735	-0.0047553	6.437e-05
14.995	14.999	19.999	19.999	1.3379	1.3373	0.20585	0.20705	-0.0032306	0.00052786
14.995	14.995	20	19.999	1.3298	1.3379	0.20601	0.20585	0.00057938	0.00031177
14.998	14.995	20	20	1.3307	1.3298	0.20623	0.20601	-0.0010124	7.4565e-05
14.998	14.998	20	20	1.3358	1.3307	0.20725	0.20623	-0.0033354	-0.00026126
14.996	14.998	19.999	20	1.3367	1.3358	0.20535	0.20725	-0.0028097	0.0006972
14.995	14.996	20	19.999	1.34	1.3367	0.20719	0.20535	-0.0037494	-0.00031976
14.994	14.995	19.999	20	1.3388	1.34	0.20671	0.20719	-0.0024377	0.00011802
14.994	14.994	20	19.999	1.333	1.3388	0.20633	0.20671	-0.0002606	0.00018708
14.997	14.994	20	20	1.323	1.333	0.20735	0.20633	0.0027152	-0.00016863
15.001	14.997	19.999	20	1.329	1.323	0.20612	0.20735	-0.0017732	0.00035698
15	15.001	20	19.999	1.3303	1.329	0.20724	0.20612	-0.001982	-0.00015899
14.999	15	19.999	20	1.3217	1.3303	0.2067	0.20724	0.0018263	8.2343e-05
15.002	14.999	20	19.999	1.3338	1.3217	0.2076	0.2067	-0.0042881	-0.00025521
14.998	15.002	19.999	20	1.3206	1.3338	0.20763	0.2076	0.0025981	-0.00016698
15.002	14.998	19.999	19.999	1.3243	1.3206	0.20668	0.20763	-0.00060438	0.00030673
15.002	15.002	20	19.999	1.3254	1.3243	0.20782	0.20668	-0.0010628	-0.00025242
15.001	15.002	19.999	20	1.316	1.3254	0.2078	0.20782	0.0029684	-0.0002156
15.005	15.001	19.999	19.999	1.3136	1.316	0.20803	0.2078	0.0022893	-0.0002311
15.006	15.005	19.999	19.999	1.3148	1.3136	0.20653	0.20803	0.00085529	0.0004236
15.006	15.006	20	19.999	1.3104	1.3148	0.20634	0.20653	0.0025746	0.00024617
15.008	15.006	20	20	1.3146	1.3104	0.20584	0.20634	0.00012859	0.00036829
15.006	15.008	20	20	1.3164	1.3146	0.20445	0.20584	-0.00020838	0.00064863
15.005	15.006	20.001	20	1.3117	1.3164	0.20421	0.20445	0.0023172	0.0005623
15.007	15.005	20.001	20.001	1.3268	1.3117	0.20364	0.20421	-0.004371	0.00069065
15.001	15.007	20.001	20.001	1.3166	1.3268	0.20307	0.20364	0.0020486	0.00070462
15.004	15.001	20.001	20.001	1.322	1.3166	0.20296	0.20307	-0.00091166	0.00067778
15.002	15.004	20.001	20.001	1.3309	1.322	0.20391	0.20296	-0.0040274	0.00020102
14.998	15.002	20.001	20.001	1.3316	1.3309	0.2031	0.20391	-0.0024671	0.00068169
14.997	14.998	20.001	20.001	1.3318	1.3316	0.2047	0.2031	-0.0017832	7.7342e-06
14.997	14.997	20.001	20.001	1.3341	1.3318	0.20607	0.2047	-0.0025187	-0.00022678
14.996	14.997	20	20.001	1.3384	1.3341	0.20436	0.20607	-0.0036546	0.00067451
14.994	14.996	20	20	1.3235	1.3384	0.20464	0.20436	0.0030066	0.00043481
15	14.994	20	20	1.3307	1.3235	0.20458	0.20464	-0.0021533	0.00036774
14.998	15	20	20	1.3369	1.3307	0.20346	0.20458	-0.0041454	0.00078094
14.995	14.998	20.001	20	1.3317	1.3369	0.20401	0.20346	-0.00077451	0.00046228
14.997	14.995	20.001	20.001	1.323	1.3317	0.20458	0.20401	0.0022086	0.00017611
15.001	14.997	20	20.001	1.317	1.323	0.20454	0.20458	0.0028357	0.00037133
15.004	15.001	20	20	1.3158	1.317	0.20432	0.20454	0.0016405	0.00035818
15.005	15.004	20	20	1.3185	1.3158	0.20504	0.20432	-0.00019131	0.00018314
15.004	15.005	20	20	1.3247	1.3185	0.20594	0.20504	-0.002305	-0.00021999
15.001	15.004	20	20	1.3208	1.3247	0.20495	0.20594	0.00047369	0.00056209
15.002	15.001	20	20	1.3204	1.3208	0.20481	0.20495	0.00036144	0.00040407
15.002	15.002	20	20	1.3193	1.3204	0.20393	0.20481	0.00050974	0.00062333
15.003	15.002	20.001	20	1.3168	1.3193	0.2045	0.20393	0.0012836	0.00035096
15.004	15.003	20	20.001	1.317	1.3168	0.20557	0.2045	0.00075833	-0.00013721
15.004	15.004	20	20	1.3208	1.317	0.20623	0.20557	-0.00097588	-9.7343e-05
15.002	15.004	20	20	1.3319	1.3208	0.20506	0.20623	-0.0046487	0.00051171
14.998	15.002	20	20	1.3292	1.3319	0.20567	0.20506	-0.0014287	0.0001089
14.998	14.998	20	20	1.3255	1.3292	0.20667	0.20567	0.00028143	-0.00017763
14.999	14.998	20	20	1.3261	1.3255	0.20634	0.20667	-0.00055885	6.6585e-05
14.999	14.999	20	20	1.3322	1.3261	0.20661	0.20634	-0.0031458	1.1683e-05
14.997	14.999	19.999	20	1.3265	1.3322	0.20676	0.20661	0.00023051	8.4496e-05
14.999	14.997	19.999	19.999	1.3184	1.3265	0.20683	0.20676	0.0026985	-4.5362e-05
15.002	14.999	19.999	19.999	1.3151	1.3184	0.20517	0.20683	0.0024199	0.00072525
15.005	15.002	20	19.999	1.3167	1.3151	0.20664	0.20517	0.00051636	-0.00014208
15.004	15.005	20	20	1.3263	1.3167	0.2049	0.20664	-0.0032362	0.0006435
15	15.004	20	20	1.3232	1.3263	0.20677	0.2049	-0.00027395	-0.00038142
15.001	15	20	20	1.3323	1.3232	0.20665	0.20677	-0.0038159	4.4259e-05
14.997	15.001	20	20	1.3279	1.3323	0.20568	0.20665	-0.00058228	0.00047846
14.998	14.997	20	20	1.3346	1.3279	0.20673	0.20568	-0.0034264	-0.00018247
14.996	14.998	20	20	1.3395	1.3346	0.20745	0.20673	-0.0043363	-0.00022605
14.994	14.996	19.999	20	1.3309	1.3395	0.20661	0.20745	0.00023094	0.0002816
14.997	14.994	20	19.999	1.322	1.3309	0.206	0.20661	0.0027301	0.00039186
15.001	14.997	20	20	1.3185	1.322	0.20498	0.206	0.0019712	0.0005583
15.003	15.001	20	20	1.3283	1.3185	0.20539	0.20498	-0.0030044	0.00029496
14.999	15.003	20	20	1.3165	1.3283	0.20456	0.20539	0.0028251	0.0005525
15.003	14.999	20	20	1.3248	1.3165	0.20469	0.20456	-0.0017956	0.00035695
15.001	15.003	20	20	1.3235	1.3248	0.20368	0.20469	-0.00054981	0.00075
15.001	15.001	20.001	20	1.329	1.3235	0.20422	0.20368	-0.0025644	0.00029936
14.999	15.001	20.001	20.001	1.3257	1.329	0.20443	0.20422	-0.00028974	0.00033217
15	14.999	20.001	20.001	1.3242	1.3257	0.20528	0.20443	1.6058e-05	-2.2203e-06
15	15	20	20.001	1.3236	1.3242	0.20464	0.20528	-6.532e-05	0.00046815
15.001	15	20	20	1.3164	1.3236	0.20346	0.20464	0.0025279	0.00085934
15.004	15.001	20.001	20	1.3285	1.3164	0.20344	0.20346	-0.003485	0.00061759
14.999	15.004	20.001	20.001	1.3264	1.3285	0.20557	0.20344	-0.0011088	-0.00035796
14.999	14.999	20	20.001	1.323	1.3264	0.20563	0.20557	0.00051281	3.1654e-05
15.001	14.999	20	20	1.3161	1.323	0.20521	0.20563	0.0027208	0.00041425
15.004	15.001	20	20	1.3264	1.3161	0.20524	0.20521	-0.0027438	0.00025756
15	15.004	20	20	1.3155	1.3264	0.20652	0.20524	0.0027147	-0.00022907
15.004	15	20	20	1.3148	1.3155	0.20664	0.20652	0.0017533	-0.0001335
15.005	15.004	19.999	20	1.3217	1.3148	0.20564	0.20664	-0.001649	0.00043945
15.002	15.005	20	19.999	1.3293	1.3217	0.20441	0.20564	-0.0035833	0.00079887
14.998	15.002	20	20	1.3192	1.3293	0.20562	0.20441	0.0020742	2.4518e-06
15.002	14.998	20	20	1.3241	1.3192	0.20524	0.20562	-0.0010034	0.00031025
15.001	15.002	20	20	1.322	1.3241	0.20501	0.20524	4.8243e-05	0.00037049
15.001	15.001	20	20	1.3142	1.322	0.20377	0.20501	0.0030733	0.00080289
15.004	15.001	20.001	20	1.3181	1.3142	0.20538	0.20377	3.8655e-05	-0.0001312
15.003	15.004	20	20.001	1.3138	1.3181	0.20383	0.20538	0.0018579	0.00073599
15.005	15.003	20.001	20	1.3174	1.3138	0.20524	0.20383	-0.00010146	5.627e-05
15.003	15.005	20	20.001	1.3269	1.3174	0.20436	0.20524	-0.0034361	0.00045391
14.999	15.003	20	20	1.3182	1.3269	0.20586	0.20436	0.0017327	-9.4618e-05
15.002	14.999	20	20	1.3197	1.3182	0.20503	0.20586	0.00034314	0.00037456
15.002	15.002	20	20	1.3264	1.3197	0.20556	0.20503	-0.0024941	9.2765e-05
14.999	15.002	20	20	1.3329	1.3264	0.2062	0.20556	-0.0039052	-7.1067e-05
14.996	14.999	20	20	1.3339	1.3329	0.20606	0.2062	-0.0026875	0.00015148
14.995	14.996	20	20	1.3237	1.3339	0.20498	0.20606	0.0019669	0.00067912
14.999	14.995	20	20	1.3186	1.3237	0.20629	0.20498	0.0024096	-0.00018043
15.002	14.999	20	20	1.3237	1.3186	0.20439	0.20629	-0.0011149	0.00081004
15	15.002	20	20	1.3231	1.3237	0.20518	0.20439	-0.00039746	0.00019412
15	15	20	20	1.3335	1.3231	0.20659	0.20518	-0.0044037	-0.00031947
14.996	15	20	20	1.3354	1.3335	0.20531	0.20659	-0.0033711	0.00049222
14.995	14.996	20	20	1.3259	1.3354	0.2057	0.20531	0.0013541	0.0002904
14.998	14.995	20	20	1.3363	1.3259	0.2068	0.2057	-0.004029	-0.00028281
14.995	14.998	19.999	20	1.3343	1.3363	0.20685	0.2068	-0.0020963	-3.0883e-05
14.995	14.995	19.999	19.999	1.3219	1.3343	0.20764	0.20685	0.0030199	-0.00023735
15	14.995	19.999	19.999	1.3234	1.3219	0.2073	0.20764	0.00028943	2.0479e-05
15.001	15	19.999	19.999	1.3289	1.3234	0.20646	0.2073	-0.0024415	0.00036257
14.998	15.001	20	19.999	1.3281	1.3289	0.20686	0.20646	-0.0012736	-1.6138e-06
14.998	14.998	19.999	20	1.3299	1.3281	0.20616	0.20686	-0.0017563	0.0003419
14.998	14.998	20	19.999	1.3318	1.3299	0.20579	0.20616	-0.0021277	0.00034939
14.997	14.998	20	20	1.3212	1.3318	0.20554	0.20579	0.0024888	0.00030913
15.001	14.997	20	20	1.3306	1.3212	0.20533	0.20554	-0.0030072	0.00032636
14.998	15.001	20	20	1.3255	1.3306	0.20672	0.20533	7.0853e-05	-0.00023108
14.999	14.998	20	20	1.326	1.3255	0.20688	0.20672	-0.00055391	-0.00014105
15	14.999	19.999	20	1.3225	1.326	0.20464	0.20688	0.00067171	0.0009336
15.001	15	20	19.999	1.3332	1.3225	0.20643	0.20464	-0.0041064	-0.0002452
14.997	15.001	20	20	1.3214	1.3332	0.2052	0.20643	0.0020901	0.00051302
15.001	14.997	20	20	1.3204	1.3214	0.20417	0.2052	0.001065	0.00077615
15.002	15.001	20.001	20	1.3209	1.3204	0.20584	0.20417	0.00011807	-0.00017911
15.002	15.002	20	20.001	1.3263	1.3209	0.20547	0.20584	-0.0021573	0.00027401
15	15.002	20	20	1.3218	1.3263	0.20581	0.20547	0.00062147	3.8533e-05
15.001	15	20	20	1.3281	1.3218	0.20453	0.20581	-0.0023077	0.00068218
14.999	15.001	20	20	1.3179	1.3281	0.20569	0.20453	0.0024563	-1.7324e-05
15.003	14.999	20	20	1.331	1.3179	0.20381	0.20569	-0.003921	0.00089511
14.998	15.003	20.001	20	1.3345	1.331	0.20622	0.20381	-0.003787	-0.00030922
14.996	14.998	20	20.001	1.3396	1.3345	0.20636	0.20622	-0.0043252	-4.7086e-05
14.994	14.996	20	20	1.3257	1.3396	0.20464	0.20636	0.0023239	0.0007441
14.999	14.994	20	20	1.3225	1.3257	0.20473	0.20464	0.0016075	0.00047194
15.001	14.999	20	20	1.3274	1.3225	0.20388	0.20473	-0.0017078	0.0006447
14.999	15.001	20.001	20	1.3238	1.3274	0.20527	0.20388	0.00016244	-2.2374e-05
15.001	14.999	20	20.001	1.3193	1.3238	0.20558	0.20527	0.0016101	6.928e-05
15.003	15.001	20	20	1.314	1.3193	0.20541	0.20558	0.0026928	0.00021049
15.005	15.003	20	20	1.3253	1.314	0.20537	0.20541	-0.0029223	0.00032032
15.001	15.005	20	20	1.3147	1.3253	0.20631	0.20537	0.0026882	-0.00015335
15.004	15.001	20	20	1.3166	1.3147	0.20587	0.20631	0.00078306	0.00019328
15.004	15.004	20	20	1.3159	1.3166	0.20617	0.20587	0.00089626	5.6738e-05
15.004	15.004	20	20	1.3231	1.3159	0.20674	0.20617	-0.0021059	-8.9815e-05
15.001	15.004	20	20	1.3312	1.3231	0.20694	0.20674	-0.0040967	-5.9266e-05
14.998	15.001	19.999	20	1.3259	1.3312	0.20757	0.20694	-0.00012044	-0.00026658
14.999	14.998	19.999	19.999	1.3234	1.3259	0.20568	0.20757	0.00058949	0.00063493
15	14.999	20	19.999	1.322	1.3234	0.20448	0.20568	0.0004595	0.00080572
15.001	15	20	20	1.3326	1.322	0.20503	0.20448	-0.0041313	0.00027864
14.997	15.001	20	20	1.3285	1.3326	0.20509	0.20503	-0.00093211	0.00031969
14.998	14.997	20	20	1.3283	1.3285	0.20514	0.20509	-0.00081017	0.00020964
14.998	14.998	20	20	1.3279	1.3283	0.20518	0.20514	-0.0007863	0.00029898
14.998	14.998	20	20	1.3276	1.3279	0.20521	0.20518	-0.00082377	0.00029141
14.999	14.998	20	20	1.3274	1.3276	0.20523	0.20521	-0.00088114	0.00028621
14.999	14.999	20	20	1.3273	1.3274	0.20524	0.20523	-0.00084954	0.00028294
14.999	14.999	20	20	1.3272	1.3273	0.20525	0.20524	-0.00082668	0.0002806
14.999	14.999	20	20	1.3271	1.3272	0.20525	0.20525	-0.00080826	0.00017883
14.999	14.999	20	20	1.327	1.3271	0.20526	0.20525	-0.00089416	0.00027717
14.999	14.999	20	20	1.327	1.327	0.20526	0.20526	-0.00078554	0.00027646
14.999	14.999	20	20	1.3269	1.327	0.20526	0.20526	-0.00087733	0.00027561
14.999	14.999	20	20	1.3269	1.3269	0.20526	0.20526	-0.00077155	0.00027541
14.999	14.999	20	20	1.3269	1.3269	0.20526	0.20526	-0.0008663	0.00027471
14.999	14.999	20	20	1.3269	1.3269	0.20526	0.20526	-0.00086348	0.00027465
14.999	14.999	20	20	1.3268	1.3269	0.20526	0.20526	-0.00086052	0.00027465
14.999	14.999	20	20	1.3268	1.3268	0.20526	0.20526	-0.00075904	0.00027466
14.999	14.999	20	20	1.3268	1.3268	0.20526	0.20526	-0.00085675	0.00027424
14.999	14.999	20	20	1.3268	1.3268	0.20526	0.20526	-0.0008554	0.00027418
14.999	14.999	20	20	1.3268	1.3268	0.20526	0.20526	-0.00085393	0.00027433
14.999	14.999	20	20	1.3268	1.3268	0.20526	0.20526	-0.00085392	0.00027433
14.999	14.999	20	20	1.3268	1.3268	0.20526	0.20526	-0.00085245	0.00027448
14.999	14.999	20	20	1.3268	1.3268	0.20526	0.20526	-0.00075245	0.00027448
14.999	14.999	20	20	1.3268	1.3268	0.20526	0.20526	-0.00085163	0.00027405
14.999	14.999	20	20	1.3268	1.3268	0.20526	0.20526	-0.00085029	0.00027399
14.999	14.999	20	20	1.3268	1.3268	0.20525	0.20526	-0.00085029	0.00027399
14.999	14.999	20	20	1.3268	1.3268	0.20525	0.20525	-0.00085029	0.00027414
14.999	14.999	20	20	1.3268	1.3268	0.20525	0.20525	-0.00085029	0.00027414
14.999	14.999	20	20	1.3268	1.3268	0.20525	0.20525	-0.00084881	0.00027414
14.999	14.999	20	20	1.3268	1.3268	0.20525	0.20525	-0.00074881	0.00027429
15	14.999	20	20	1.3268	1.3268	0.20525	0.20525	-0.000848	0.00027372
15	15	20	20	1.3268	1.3268	0.20525	0.20525	-0.00084813	0.00027366
15	15	20	20	1.3268	1.3268	0.20525	0.20525	-0.00084814	0.0002738
15	15	20	20	1.3268	1.3268	0.20525	0.20525	-0.00084813	0.0002738
15	15	20	20	1.3268	1.3268	0.20525	0.20525	-0.00084666	0.00027381
15	15	20	20	1.3268	1.3268	0.20525	0.20525	-0.00084666	0.00027381
15	15	20	20	1.3268	1.3268	0.20525	0.20525	-0.00084666	0.00027395
15	15	20	20	1.3268	1.3268	0.20525	0.20525	-0.00084666	0.00027395
15	15	20	20	1.3268	1.3268	0.20525	0.20525	-0.00084666	0.00027395
15	15	20	20	1.3268	1.3268	0.20525	0.20525	-0.00074666	0.00027395
15	15	20	20	1.3268	1.3268	0.20525	0.20525	-0.00084584	0.00027353
15	15	20	20	1.3268	1.3268	0.20525	0.20525	-0.0008445	0.00027347
15	15	20	20	1.3268	1.3268	0.20525	0.20525	-0.0008445	0.00027347
15	15	20	20	1.3268	1.3268	0.20525	0.20525	-0.0008445	0.00027347
15	15	20	20	1.3268	1.3268	0.20525	0.20525	-0.0008445	0.00027347
15	15	20	20	1.3268	1.3268	0.20525	0.20525	-0.0008445	0.00027362
15	15	20	20	1.3268	1.3268	0.20525	0.20525	-0.0008445	0.00027362
15	15	20	20	1.3268	1.3268	0.20525	0.20525	-0.0008445	0.00027362
15	15	20	20	1.3268	1.3268	0.20525	0.20525	-0.0008445	0.00027362
15	15	20	20	1.3268	1.3268	0.20525	0.20525	-0.0008445	0.00027362
15	15	20	20	1.3268	1.3268	0.20525	0.20525	-0.00084449	0.00027376
15	15	20	20	1.3268	1.3268	0.20525	0.20525	-0.00074302	0.00027377
15	15	20	20	1.3268	1.3268	0.20525	0.20525	-0.00084221	0.0001732
15	15	20	20	1.3268	1.3268	0.20525	0.20525	-0.00084223	0.00027281
15	15	20	20	1.3268	1.3268	0.20525	0.20525	-0.00084234	0.00027259
15	15	20	20	1.3268	1.3268	0.20525	0.20525	-0.00084234	0.00027259
15	15	20	20	1.3268	1.3268	0.20525	0.20525	-0.00084234	0.00027259
15	15	20	20	1.3268	1.3268	0.20525	0.20525	-0.00084234	0.00027274
15	15	20	20	1.3268	1.3268	0.20525	0.20525	-0.00084234	0.00027274
15	15	20	20	1.3268	1.3268	0.20525	0.20525	-0.00084234	0.00027274
15	15	20	20	1.3268	1.3268	0.20525	0.20525	-0.00084234	0.00027274
15	15	20	20	1.3268	1.3268	0.20525	0.20525	-0.00084234	0.00027274
15	15	20	20	1.3267	1.3268	0.20525	0.20525	-0.00084234	0.00027274
15	15	20	20	1.3267	1.3267	0.20525	0.20525	-0.00084086	0.00027274
15	15	20	20	1.3267	1.3267	0.20525	0.20525	-0.00084086	0.00027274
15	15	20	20	1.3267	1.3267	0.20525	0.20525	-0.00084086	0.00027274
15	15	20	20	1.3267	1.3267	0.20525	0.20525	-0.00084086	0.00027288
15	15	20	20	1.3267	1.3267	0.20525	0.20525	-0.00084086	0.00027288
15	15	20	20	1.3267	1.3267	0.20525	0.20525	-0.00084086	0.00027288
15	15	20	20	1.3267	1.3267	0.20525	0.20525	-0.00084086	0.00027288
15	15	20	20	1.3267	1.3267	0.20525	0.20525	-0.00074086	0.00027288
15	15	20	20	1.3267	1.3267	0.20525	0.20525	-0.00084005	0.00027232
15	15	20	20	1.3267	1.3267	0.20525	0.20525	-0.00084018	0.00027225
15	15	20	20	1.3267	1.3267	0.20525	0.20525	-0.00084018	0.00027225
15	15	20	20	1.3267	1.3267	0.20525	0.20525	-0.00084018	0.00027225
15	15	20	20	1.3267	1.3267	0.20525	0.20525	-0.00084018	0.00027225
15	15	20	20	1.3267	1.3267	0.20525	0.20525	-0.00084018	0.00027225
15	15	20	20	1.3267	1.3267	0.20525	0.20525	-0.00084018	0.00027225
15	15	20	20	1.3267	1.3267	0.20525	0.20525	-0.00084018	0.0002724
15	15	20	20	1.3267	1.3267	0.20525	0.20525	-0.00084018	0.0002724
15	15	20	20	1.3267	1.3267	0.20525	0.20525	-0.00084018	0.0002724
15	15	20	20	1.3267	1.3267	0.20525	0.20525	-0.00084018	0.0002724
15	15	20	20	1.3267	1.3267	0.20525	0.20525	-0.00084018	0.0002724
15	15	20	20	1.3267	1.3267	0.20525	0.20525	-0.0008387	0.0002724
15	15	20	20	1.3267	1.3267	0.20525	0.20525	-0.0008387	0.0002724
15	15	20	20	1.3267	1.3267	0.20525	0.20525	-0.0008387	0.0002724
15	15	20	20	1.3267	1.3267	0.20525	0.20525	-0.0008387	0.0002724
15	15	20	20	1.3267	1.3267	0.20525	0.20525	-0.0008387	0.0002724
15	15	20	20	1.3267	1.3267	0.20525	0.20525	-0.0008387	0.0002724
15	15	20	20	1.3267	1.3267	0.20525	0.20525	-0.0008387	0.0002724
15	15	20	20	1.3267	1.3267	0.20525	0.20525	-0.0008387	0.0002724
15	15	20	20	1.3267	1.3267	0.20525	0.20525	-0.0008387	0.0002724
15	15	20	20	1.3267	1.3267	0.20525	0.20525	-0.0008387	0.0002724
15	15	20	20	1.3267	1.3267	0.20525	0.20525	-0.0008387	0.0002724
15	15	20	20	1.3267	1.3267	0.20525	0.20525	-0.0008387	0.0002724
15	15	20	20	1.3267	1.3267	0.20525	0.20525	-0.0008387	0.0002724
15	15	20	20	1.3267	1.3267	0.20525	0.20525	-0.0008387	0.0002724
15	15	20	20	1.3267	1.3267	0.20525	0.20525	-0.00083871	0.00027255
15	15	20	20	1.3267	1.3267	0.20525	0.20525	-0.00083871	0.00027255
15	15	20	20	1.3267	1.3267	0.20525	0.20525	-0.00083871	0.00027255
15	15	20	20	1.3267	1.3267	0.20525	0.20525	-0.00083871	0.00027255
15	15	20	20	1.3267	1.3267	0.20525	0.20525	-0.00083871	0.00027255
15	15	20	20	1.3267	1.3267	0.20525	0.20525	-0.00083871	0.00027255
15	15	20	20	1.3267	1.3267	0.20525	0.20525	-0.00083871	0.00027255
15	15	20	20	1.3267	1.3267	0.20525	0.20525	-0.00083871	0.00027255
15	15	20	20	1.3267	1.3267	0.20525	0.20525	-0.00083871	0.00027255
15	15	20	20	1.3267	1.3267	0.20525	0.20525	-0.00083871	0.00027255
15	15	20	20	1.3267	1.3267	0.20525	0.20525	-0.00083871	0.00027255
15	15	20	20	1.3267	1.3267	0.20525	0.20525	-0.00083871	0.00027255
15	15	20	20	1.3267	1.3267	0.20525	0.20525	-0.00083871	0.00027255
15	15	20	20	1.3267	1.3267	0.20525	0.20525	-0.00083871	0.00027255
15	15	20	20	1.3267	1.3267	0.20525	0.20525	-0.00083871	0.00027255
15	15	20	20	1.3267	1.3267	0.20525	0.20525	-0.00073871	0.00027255
15	15	20	20	1.3267	1.3267	0.20525	0.20525	-0.00083789	0.00027198
15	15	20	20	1.3267	1.3267	0.20525	0.20525	-0.00083803	0.00027192
15	15	20	20	1.3267	1.3267	0.20525	0.20525	-0.00083803	0.00027192
15	15	20	20	1.3267	1.3267	0.20525	0.20525	-0.00083803	0.00027192
15	15	20	20	1.3267	1.3267	0.20525	0.20525	-0.00083803	0.00027192
15	15	20	20	1.3267	1.3267	0.20525	0.20525	-0.00083803	0.00027192
15	15	20	20	1.3267	1.3267	0.20525	0.20525	-0.00083803	0.00027192
15	15	20	20	1.3267	1.3267	0.20525	0.20525	-0.00083803	0.00027192
15	15	20	20	1.3267	1.3267	0.20525	0.20525	-0.00083803	0.00027192
15	15	20	20	1.3267	1.3267	0.20525	0.20525	-0.00083803	0.00027192
15	15	20	20	1.3267	1.3267	0.20525	0.20525	-0.00083803	0.00027192
15	15	20	20	1.3267	1.3267	0.20525	0.20525	-0.00083802	0.00027192
15	15	20	20	1.3267	1.3267	0.20525	0.20525	-0.00083655	0.00027192
15	15	20	20	1.3267	1.3267	0.20525	0.20525	-0.00083655	0.00027192
15	15	20	20	1.3267	1.3267	0.20525	0.20525	-0.00083655	0.00027192
15	15	20	20	1.3267	1.3267	0.20525	0.20525	-0.00083655	0.00027192
15	15	20	20	1.3267	1.3267	0.20525	0.20525	-0.00083655	0.00027192
15	15	20	20	1.3267	1.3267	0.20525	0.20525	-0.00083655	0.00027192
15	15	20	20	1.3267	1.3267	0.20525	0.20525	-0.00083655	0.00027192
15	15	20	20	1.3267	1.3267	0.20525	0.20525	-0.00083655	0.00027192
15	15	20	20	1.3267	1.3267	0.20525	0.20525	-0.00083655	0.00027192
15	15	20	20	1.3267	1.3267	0.20525	0.20525	-0.00083655	0.00027192
15	15	20	20	1.3267	1.3267	0.20525	0.20525	-0.00083655	0.00027192
15	15	20	20	1.3267	1.3267	0.20525	0.20525	-0.00083655	0.00027192
15	15	20	20	1.3267	1.3267	0.20525	0.20525	-0.00083655	0.00027192
15	15	20	20	1.3267	1.3267	0.20525	0.20525	-0.00083655	0.00027192
15	15	20	20	1.3267	1.3267	0.20525	0.20525	-0.00083655	0.00027192
15	15	20	20	1.3267	1.3267	0.20525	0.20525	-0.00083655	0.00027192
15	15	20	20	1.3267	1.3267	0.20525	0.20525	-0.00083655	0.00027192
15	15	20	20	1.3267	1.3267	0.20525	0.20525	-0.00083655	0.00027192
15	15	20	20	1.3267	1.3267	0.20525	0.20525	-0.00083655	0.00027192
15	15	20	20	1.3267	1.3267	0.20525	0.20525	-0.00083655	0.00027192
15	15	20	20	1.3267	1.3267	0.20525	0.20525	-0.00083655	0.00027192
15	15	20	20	1.3267	1.3267	0.20525	0.20525	-0.00083655	0.00027192
15	15	20	20	1.3267	1.3267	0.20525	0.20525	-0.00083655	0.00027192
15	15	20	20	1.3267	1.3267	0.20525	0.20525	-0.00083655	0.00027192
15	15	20	20	1.3267	1.3267	0.20525	0.20525	-0.00083655	0.00027192
