0	0	0	0	3	0	3	0	0.01533	0.0041023
0	0	0	0	3	3	3	3	0.010715	0.0071701
0.42341	0	0.44428	0	3	3	3	3	0.0021884	0.0065097
0.82804	0.42341	0.88771	0.44428	3	3	3	3	-0.00043842	0.0049678
1.2213	0.82804	1.3303	0.88771	3	3	3	3	-0.0014611	0.0037845
1.6057	1.2213	1.7721	1.3303	3	3	3	3	-0.0017885	0.00279
1.9823	1.6057	2.2131	1.7721	3	3	3	3	-0.0017477	0.0019479
2.3523	1.9823	2.6533	2.2131	3	3	3	3	-0.0015454	0.0012213
2.7161	2.3523	3.0927	2.6533	3	3	3	3	-0.0012492	0.00061159
3.0743	2.7161	3.5314	3.0927	3	3	3	3	-0.00095427	7.5587e-05
3.4274	3.0743	3.9693	3.5314	3	3	3	3	-0.00064182	-0.00036723
3.7757	3.4274	4.4064	3.9693	3	3	3	3	-0.00037708	-0.00074503
4.1195	3.7757	4.8427	4.4064	3	3	3	3	-0.00013985	-0.0010651
4.459	4.1195	5.2783	4.8427	3	3	3	3	4.7403e-05	-0.001333
4.7945	4.459	5.7131	5.2783	3	3	3	3	0.00018911	-0.0015343
5.126	4.7945	6.1472	5.7131	3	3	3	3	0.00028739	-0.0016934
5.4539	5.126	6.5806	6.1472	3	3	3	3	0.0003523	-0.0018145
5.7782	5.4539	7.0132	6.5806	3	3	3	3	0.00037209	-0.0019111
6.0991	5.7782	7.4451	7.0132	3	3	3	3	0.00036312	-0.0019471
6.4168	6.0991	7.8762	7.4451	3	3	3	3	0.00031034	-0.0019656
6.7313	6.4168	8.3066	7.8762	3	3	3	3	0.00025723	-0.0019595
7.0427	6.7313	8.7363	8.3066	3	3	3	3	0.00016643	-0.0019215
7.3511	7.0427	9.1652	8.7363	3	3	3	3	6.8864e-05	-0.0018747
7.6567	7.3511	9.5935	9.1652	3	3	3	3	-5.5115e-05	-0.0017813
7.9594	7.6567	10.021	9.5935	3	3	3	3	-0.00017654	-0.0017041
8.2595	7.9594	10.448	10.021	3	3	3	3	-0.00029678	-0.0015847
8.5569	8.2595	10.874	10.448	3	3	3	3	-0.00043836	-0.001456
8.8518	8.5569	11.299	10.874	3	3	3	3	-0.00056461	-0.0013196
9.1441	8.8518	11.724	11.299	3	3	3	3	-0.00069921	-0.0011775
9.434	9.1441	12.148	11.724	3	3	3	3	-0.00081678	-0.0011315
9.7216	9.434	12.571	12.148	3	3	3	3	-0.00097207	-0.00088334
10.007	9.7216	12.994	12.571	3	3	3	3	-0.0010516	-0.00073545
10.29	10.007	13.416	12.994	3	3	3	3	-0.0011203	-0.00058746
10.57	10.29	13.837	13.416	3	3	3	3	-0.0012249	-0.00044203
10.849	10.57	14.257	13.837	3	3	3	3	-0.0012627	-0.0002004
11.125	10.849	14.677	14.257	3	3	3	3	-0.0014308	-0.0001633
11.399	11.125	15.096	14.677	3	3	3	3	-0.0014276	6.8503e-05
11.672	11.399	15.515	15.096	3	3	3	3	-0.0014502	9.3835e-05
11.942	11.672	15.933	15.515	3	3	3	3	-0.0014967	0.00031194
12.21	11.942	16.35	15.933	3	3	3	3	-0.0014666	0.00052175
12.476	12.21	16.766	16.35	3	3	3	3	-0.0014577	0.00052391
12.741	12.476	17.182	16.766	3	3	3	3	-0.0015693	0.0007174
13.003	12.741	17.597	17.182	3	3	3	3	-0.0014021	0.00080221
13.264	13.003	18.011	17.597	2.8992	3	2.9428	3	-0.0013611	0.00088151
13.523	13.264	18.425	18.011	2.485	2.8992	2.1967	2.9428	-0.00063815	0.00019686
13.765	13.523	18.83	18.425	2.2105	2.485	1.7094	2.1967	-0.00069319	0.0013416
13.944	13.765	19.123	18.83	2.0022	2.2105	1.337	1.7094	-0.00063883	0.0015851
14.082	13.944	19.344	19.123	1.8469	2.0022	1.0588	1.337	-0.00068152	0.0014392
14.188	14.082	19.509	19.344	1.7308	1.8469	0.85016	1.0588	-0.00078254	0.0011692
14.27	14.188	19.633	19.509	1.6439	1.7308	0.69382	0.85016	-0.00082209	0.0010064
14.334	14.27	19.726	19.633	1.5788	1.6439	0.57661	0.69382	-0.000787	0.00077799
14.386	14.334	19.795	19.726	1.5298	1.5788	0.48869	0.57661	-0.00094666	0.00064748
14.427	14.386	19.847	19.795	1.493	1.5298	0.42271	0.48869	-0.00086238	0.00057846
14.461	14.427	19.887	19.847	1.4651	1.493	0.37316	0.42271	-0.0009067	0.00046227
14.489	14.461	19.916	19.887	1.444	1.4651	0.33592	0.37316	-0.00081783	0.00041584
14.513	14.489	19.938	19.916	1.4279	1.444	0.3079	0.33592	-0.0009467	0.00044947
14.533	14.513	19.954	19.938	1.4156	1.4279	0.28679	0.3079	-0.00093662	0.00032164
14.551	14.533	19.967	19.954	1.406	1.4156	0.27085	0.28679	-0.00089521	0.00027372
14.567	14.551	19.976	19.967	1.3986	1.406	0.25878	0.27085	-0.00087898	0.00026131
14.582	14.567	19.983	19.976	1.3927	1.3986	0.24963	0.25878	-0.00098071	0.0002768
14.595	14.582	19.988	19.983	1.388	1.3927	0.24265	0.24963	-0.00092261	0.00036451
14.607	14.595	19.992	19.988	1.3841	1.388	0.23731	0.24265	-0.00084422	0.00023161
14.619	14.607	19.995	19.992	1.381	1.3841	0.23319	0.23731	-0.00089987	0.00025777
14.63	14.619	19.998	19.995	1.3783	1.381	0.23	0.23319	-0.0009593	0.00020387
14.641	14.63	20	19.998	1.3761	1.3783	0.2275	0.23	-0.00089782	0.00031542
14.651	14.641	20.001	20	1.3741	1.3761	0.22553	0.2275	-0.00089505	0.00022575
14.66	14.651	20.002	20.001	1.3723	1.3741	0.22394	0.22553	-0.00093755	0.00026028
14.669	14.66	20.003	20.002	1.3707	1.3723	0.22266	0.22394	-0.00091686	0.00023827
14.678	14.669	20.003	20.003	1.3693	1.3707	0.2216	0.22266	-0.0009231	0.00017339
14.687	14.678	20.004	20.003	1.368	1.3693	0.22071	0.2216	-0.00085348	0.0002764
14.695	14.687	20.004	20.004	1.3667	1.368	0.21996	0.22071	-0.00090004	0.00025513
14.703	14.695	20.004	20.004	1.3656	1.3667	0.2193	0.21996	-0.00096193	0.0002162
14.711	14.703	20.005	20.004	1.3645	1.3656	0.21873	0.2193	-0.00083765	0.00026385
14.719	14.711	20.005	20.005	1.3634	1.3645	0.21821	0.21873	-0.00092128	0.00020064
14.726	14.719	20.005	20.005	1.3624	1.3634	0.21774	0.21821	-0.00091594	0.00032995
14.733	14.726	20.005	20.005	1.3614	1.3624	0.21731	0.21774	-0.00091651	0.00015366
14.741	14.733	20.005	20.005	1.3605	1.3614	0.21691	0.21731	-0.00082547	0.00027268
14.747	14.741	20.005	20.005	1.3596	1.3605	0.21654	0.21691	-0.00094123	0.00028774
14.754	14.747	20.005	20.005	1.3587	1.3596	0.21619	0.21654	-0.00086215	0.00020111
14.761	14.754	20.005	20.005	1.3579	1.3587	0.21585	0.21619	-0.00088779	0.00031189
14.767	14.761	20.005	20.005	1.3571	1.3579	0.21553	0.21585	-0.00091961	0.00022117
14.773	14.767	20.005	20.005	1.3562	1.3571	0.21523	0.21553	-0.00085697	0.00022958
14.779	14.773	20.005	20.005	1.3555	1.3562	0.21493	0.21523	-0.0008965	0.00023642
14.785	14.779	20.005	20.005	1.3547	1.3555	0.21465	0.21493	-0.00084343	0.0002427
14.79	14.785	20.005	20.005	1.354	1.3547	0.21438	0.21465	-0.00089239	0.00024808
14.796	14.79	20.005	20.005	1.3533	1.354	0.21411	0.21438	-0.0009458	0.00025334
14.801	14.796	20.005	20.005	1.3526	1.3533	0.21385	0.21411	-0.00080354	0.0002584
14.806	14.801	20.005	20.005	1.3519	1.3526	0.21361	0.21385	-0.00096544	0.00026243
14.812	14.806	20.005	20.005	1.3512	1.3519	0.21337	0.21361	-0.00083127	0.00026683
14.816	14.812	20.005	20.005	1.3506	1.3512	0.21313	0.21337	-0.00089965	0.00027058
14.821	14.816	20.005	20.005	1.3499	1.3506	0.21291	0.21313	-0.00087115	0.00027413
14.826	14.821	20.005	20.005	1.3493	1.3499	0.21269	0.21291	-0.00084763	0.0001775
14.831	14.826	20.005	20.005	1.3487	1.3493	0.21248	0.21269	-0.00092615	0.00028017
14.835	14.831	20.005	20.005	1.3482	1.3487	0.21227	0.21248	-0.00080789	0.00028324
14.839	14.835	20.005	20.005	1.3476	1.3482	0.21207	0.21227	-0.00089366	0.0001858
14.844	14.839	20.005	20.005	1.3471	1.3476	0.21188	0.21207	-0.00088096	0.00028815
14.848	14.844	20.005	20.005	1.3465	1.3471	0.21169	0.21188	-0.000872	0.00029055
14.852	14.848	20.005	20.005	1.346	1.3465	0.2115	0.21169	-0.00086656	0.00019309
14.856	14.852	20.005	20.005	1.3455	1.346	0.21132	0.2115	-0.00086316	0.00029492
14.859	14.856	20.005	20.005	1.345	1.3455	0.21115	0.21132	-0.00086216	0.00029688
14.863	14.859	20.005	20.005	1.3445	1.345	0.21098	0.21115	-0.00086468	0.00019882
14.867	14.863	20.005	20.005	1.344	1.3445	0.21082	0.21098	-0.00086924	0.0003005
14.87	14.867	20.005	20.005	1.3436	1.344	0.21066	0.21082	-0.0008762	0.00020216
14.874	14.87	20.005	20.005	1.3432	1.3436	0.2105	0.21066	-0.00088656	0.00030363
14.877	14.874	20.005	20.005	1.3427	1.3432	0.21035	0.2105	-0.0008993	0.0003051
14.88	14.877	20.005	20.005	1.3423	1.3427	0.21021	0.21035	-0.00081262	0.00020684
14.883	14.88	20.005	20.005	1.3419	1.3423	0.21007	0.21021	-0.00082865	0.00030774
14.886	14.883	20.005	20.005	1.3415	1.3419	0.20993	0.21007	-0.00094868	0.00020871
14.889	14.886	20.005	20.005	1.3411	1.3415	0.2098	0.20993	-0.00076997	0.00031019
14.892	14.889	20.005	20.005	1.3407	1.3411	0.20966	0.2098	-0.00089189	0.00021062
14.895	14.892	20.005	20.005	1.3404	1.3407	0.20954	0.20966	-0.00091682	0.00031157
14.898	14.895	20.005	20.005	1.34	1.3404	0.20942	0.20954	-0.00084401	0.00021287
14.9	14.898	20.005	20.005	1.3397	1.34	0.2093	0.20942	-0.00087379	0.00031341
14.903	14.9	20.005	20.005	1.3393	1.3397	0.20918	0.2093	-0.00080461	0.00021417
14.906	14.903	20.004	20.005	1.339	1.3393	0.20907	0.20918	-0.00083655	0.00031447
14.908	14.906	20.004	20.004	1.3387	1.339	0.20896	0.20907	-0.00087101	0.00021498
14.911	14.908	20.004	20.004	1.3383	1.3387	0.20885	0.20896	-0.00090593	0.00021545
14.913	14.911	20.004	20.004	1.338	1.3383	0.20875	0.20885	-0.00084459	0.00031588
14.915	14.913	20.004	20.004	1.3377	1.338	0.20865	0.20875	-0.00088325	0.00021626
14.917	14.915	20.004	20.004	1.3375	1.3377	0.20855	0.20865	-0.00082543	0.00031682
14.92	14.917	20.004	20.004	1.3372	1.3375	0.20846	0.20855	-0.00086772	0.00021695
14.922	14.92	20.004	20.004	1.3369	1.3372	0.20837	0.20846	-0.00081206	0.00031726
14.924	14.922	20.004	20.004	1.3366	1.3369	0.20828	0.20837	-0.0008565	0.00021714
14.926	14.924	20.004	20.004	1.3364	1.3366	0.20819	0.20828	-0.00090301	0.00031735
14.928	14.926	20.004	20.004	1.3361	1.3364	0.20811	0.20819	-0.00085191	0.0002177
14.93	14.928	20.004	20.004	1.3359	1.3361	0.20802	0.20811	-0.00080191	0.00031787
14.931	14.93	20.004	20.004	1.3356	1.3359	0.20794	0.20802	-0.00085216	0.0002177
14.933	14.931	20.004	20.004	1.3354	1.3356	0.20787	0.20794	-0.00090446	0.00031755
14.935	14.933	20.004	20.004	1.3352	1.3354	0.20779	0.20787	-0.00085915	0.00021784
14.937	14.935	20.004	20.004	1.335	1.3352	0.20772	0.20779	-0.00081348	0.00031796
14.938	14.937	20.004	20.004	1.3347	1.335	0.20765	0.20772	-0.00086951	0.00021758
14.94	14.938	20.003	20.004	1.3345	1.3347	0.20758	0.20765	-0.00082613	0.00021753
14.942	14.94	20.003	20.003	1.3343	1.3345	0.20751	0.20758	-0.00088421	0.00031702
14.943	14.942	20.003	20.003	1.3341	1.3343	0.20745	0.20751	-0.0008447	0.0002171
14.945	14.943	20.003	20.003	1.3339	1.3341	0.20738	0.20745	-0.00080482	0.00031687
14.946	14.945	20.003	20.003	1.3337	1.3339	0.20732	0.20738	-0.00086517	0.00021643
14.947	14.946	20.003	20.003	1.3336	1.3337	0.20726	0.20732	-0.00082759	0.00031632
14.949	14.947	20.003	20.003	1.3334	1.3336	0.20721	0.20726	-0.00089158	0.00021593
14.95	14.949	20.003	20.003	1.3332	1.3334	0.20715	0.20721	-0.00085615	0.00031586
14.951	14.95	20.003	20.003	1.333	1.3332	0.20709	0.20715	-0.0008223	0.00021566
14.953	14.951	20.003	20.003	1.3329	1.333	0.20704	0.20709	-0.00088821	0.00031522
14.954	14.953	20.003	20.003	1.3327	1.3329	0.20699	0.20704	-0.00085518	0.00031514
14.955	14.954	20.003	20.003	1.3325	1.3327	0.20694	0.20699	-0.00082336	0.00021507
14.956	14.955	20.003	20.003	1.3324	1.3325	0.20689	0.20694	-0.00079145	0.00031467
14.958	14.956	20.003	20.003	1.3322	1.3324	0.20684	0.20689	-0.00086123	0.00021393
14.959	14.958	20.003	20.003	1.3321	1.3322	0.2068	0.20684	-0.0008316	0.00031351
14.96	14.959	20.003	20.003	1.3319	1.3321	0.20675	0.2068	-0.00090354	0.0002131
14.961	14.96	20.003	20.003	1.3318	1.3319	0.20671	0.20675	-0.00077459	0.00031302
14.962	14.961	20.003	20.003	1.3317	1.3318	0.20667	0.20671	-0.00084787	0.00021224
14.963	14.962	20.003	20.003	1.3316	1.3317	0.20663	0.20667	-0.0009204	0.00031172
14.964	14.963	20.003	20.003	1.3314	1.3316	0.20659	0.20663	-0.00079532	0.00021177
14.965	14.964	20.003	20.003	0.95597	1.3314	0.58082	0.20659	0.14631	-0.14649
15.113	14.965	19.856	20.003	0.78909	0.95597	0.74534	0.58082	0.14753	-0.14632
15.205	15.113	19.765	19.856	0.65309	0.78909	0.8789	0.74534	0.14785	-0.14653
15.273	15.205	19.7	19.765	0.55292	0.65309	0.9767	0.8789	0.14811	-0.1467
15.32	15.273	19.654	19.7	0.47829	0.55292	1.0492	0.9767	0.14842	-0.14679
15.352	15.32	19.624	19.654	0.4229	0.47829	1.1027	1.0492	0.14846	-0.1469
15.373	15.352	19.604	19.624	0.38192	0.4229	1.1422	1.1027	0.14858	-0.147
15.386	15.373	19.593	19.604	0.3517	0.38192	1.1711	1.1422	0.14862	-0.14693
15.393	15.386	19.587	19.593	0.32953	0.3517	1.1923	1.1711	0.14873	-0.14696
15.395	15.393	19.586	19.587	0.31339	0.32953	1.2077	1.1923	0.14862	-0.147
15.394	15.395	19.588	19.586	0.30174	0.31339	1.2188	1.2077	0.1486	-0.14695
15.391	15.394	19.592	19.588	0.29345	0.30174	1.2268	1.2188	0.1487	-0.14694
15.386	15.391	19.597	19.592	0.28767	0.29345	1.2324	1.2268	0.14859	-0.14694
15.38	15.386	19.604	19.597	0.28374	0.28767	1.2362	1.2324	0.1485	-0.14688
15.372	15.38	19.612	19.604	0.28121	0.28374	1.2387	1.2362	0.14853	-0.14686
15.365	15.372	19.62	19.612	0.2797	0.28121	1.2403	1.2387	0.14855	-0.14683
15.357	15.365	19.628	19.62	0.27894	0.2797	1.2411	1.2403	0.14842	-0.14677
15.348	15.357	19.637	19.628	0.27875	0.27894	1.2415	1.2411	0.14838	-0.1467
15.34	15.348	19.646	19.637	0.27897	0.27875	1.2415	1.2415	0.14835	-0.14675
15.332	15.34	19.654	19.646	0.27948	0.27897	1.2412	1.2415	0.14836	-0.14665
15.323	15.332	19.663	19.654	0.2802	0.27948	1.2407	1.2412	0.14823	-0.14661
15.315	15.323	19.671	19.663	0.28108	0.2802	1.2401	1.2407	0.14827	-0.14654
15.307	15.315	19.68	19.671	0.28205	0.28108	1.2394	1.2401	0.14819	-0.14655
15.299	15.307	19.688	19.68	0.2831	0.28205	1.2386	1.2394	0.14819	-0.14655
15.291	15.299	19.696	19.688	0.28419	0.2831	1.2378	1.2386	0.14808	-0.14645
15.283	15.291	19.704	19.696	0.2853	0.28419	1.2369	1.2378	0.14807	-0.14653
15.276	15.283	19.711	19.704	0.28643	0.2853	1.2361	1.2369	0.14805	-0.14642
15.268	15.276	19.719	19.711	0.28755	0.28643	1.2352	1.2361	0.14794	-0.14631
15.261	15.268	19.726	19.719	0.28867	0.28755	1.2344	1.2352	0.14802	-0.1464
15.254	15.261	19.733	19.726	0.28977	0.28867	1.2335	1.2344	0.14791	-0.14629
15.248	15.254	19.74	19.733	0.29085	0.28977	1.2327	1.2335	0.1479	-0.14638
15.241	15.248	19.747	19.74	0.29192	0.29085	1.2319	1.2327	0.1478	-0.14618
15.235	15.241	19.754	19.747	0.29296	0.29192	1.231	1.2319	0.1479	-0.14629
15.228	15.235	19.76	19.754	0.29398	0.29296	1.2303	1.231	0.1478	-0.14619
15.222	15.228	19.767	19.76	0.29498	0.29398	1.2295	1.2303	0.14771	-0.1462
15.216	15.222	19.773	19.767	0.29596	0.29498	1.2287	1.2295	0.14772	-0.14622
15.21	15.216	19.779	19.773	0.29691	0.29596	1.228	1.2287	0.14774	-0.14614
15.205	15.21	19.784	19.779	0.29784	0.29691	1.2273	1.228	0.14766	-0.14606
15.199	15.205	19.79	19.784	0.29874	0.29784	1.2266	1.2273	0.14769	-0.14609
15.194	15.199	19.796	19.79	0.29962	0.29874	1.2259	1.2266	0.14762	-0.14613
15.189	15.194	19.801	19.796	0.30048	0.29962	1.2252	1.2259	0.14756	-0.14597
15.184	15.189	19.806	19.801	0.30131	0.30048	1.2246	1.2252	0.14759	-0.14611
15.179	15.184	19.811	19.806	0.30212	0.30131	1.2239	1.2246	0.14754	-0.14595
15.174	15.179	19.816	19.811	0.30291	0.30212	1.2233	1.2239	0.14749	-0.146
15.169	15.174	19.821	19.816	0.30368	0.30291	1.2227	1.2233	0.14754	-0.14596
15.165	15.169	19.826	19.821	0.30443	0.30368	1.2221	1.2227	0.14749	-0.14591
15.16	15.165	19.83	19.826	0.30516	0.30443	1.2216	1.2221	0.14745	-0.14597
15.156	15.16	19.835	19.83	0.30587	0.30516	1.221	1.2216	0.14742	-0.14584
15.152	15.156	19.839	19.835	0.30656	0.30587	1.2205	1.221	0.14738	-0.14591
15.148	15.152	19.843	19.839	0.30724	0.30656	1.2199	1.2205	0.14745	-0.14588
15.144	15.148	19.847	19.843	0.30789	0.30724	1.2194	1.2199	0.14733	-0.14585
15.14	15.144	19.851	19.847	0.30853	0.30789	1.2189	1.2194	0.14741	-0.14583
15.136	15.14	19.855	19.851	0.30915	0.30853	1.2184	1.2189	0.14729	-0.14582
15.133	15.136	19.859	19.855	0.30975	0.30915	1.218	1.2184	0.14737	-0.1458
15.129	15.133	19.863	19.859	0.31034	0.30975	1.2175	1.218	0.14726	-0.14579
15.126	15.129	19.866	19.863	0.31091	0.31034	1.217	1.2175	0.14735	-0.14578
15.122	15.126	19.87	19.866	0.31147	0.31091	1.2166	1.217	0.14724	-0.14577
15.119	15.122	19.873	19.87	0.31201	0.31147	1.2162	1.2166	0.14724	-0.14577
15.116	15.119	19.877	19.873	0.31254	0.31201	1.2158	1.2162	0.14724	-0.14577
15.113	15.116	19.88	19.877	0.31305	0.31254	1.2154	1.2158	0.14724	-0.14567
15.11	15.113	19.883	19.88	0.31355	0.31305	1.215	1.2154	0.14714	-0.14568
15.107	15.11	19.886	19.883	0.31404	0.31355	1.2146	1.215	0.14725	-0.14568
15.104	15.107	19.889	19.886	0.31451	0.31404	1.2142	1.2146	0.14716	-0.14569
15.101	15.104	19.892	19.889	0.31497	0.31451	1.2139	1.2142	0.14717	-0.1457
15.098	15.101	19.895	19.892	0.31542	0.31497	1.2135	1.2139	0.14708	-0.14562
15.096	15.098	19.898	19.895	0.31585	0.31542	1.2131	1.2135	0.1472	-0.14573
15.093	15.096	19.9	19.898	0.31628	0.31585	1.2128	1.2131	0.14712	-0.14555
15.091	15.093	19.903	19.9	0.31669	0.31628	1.2125	1.2128	0.14714	-0.14567
15.088	15.091	19.905	19.903	0.31709	0.31669	1.2122	1.2125	0.14706	-0.1456
15.086	15.088	19.908	19.905	0.31748	0.31709	1.2119	1.2122	0.14708	-0.14562
15.084	15.086	19.91	19.908	0.31786	0.31748	1.2115	1.2119	0.14711	-0.14555
15.081	15.084	19.913	19.91	0.31823	0.31786	1.2113	1.2115	0.14704	-0.14558
15.079	15.081	19.915	19.913	0.31859	0.31823	1.211	1.2113	0.14697	-0.14561
15.077	15.079	19.917	19.915	0.31894	0.31859	1.2107	1.211	0.1471	-0.14554
15.075	15.077	19.919	19.917	0.31928	0.31894	1.2104	1.2107	0.14704	-0.14557
15.073	15.075	19.921	19.919	0.31962	0.31928	1.2102	1.2104	0.14697	-0.14561
15.071	15.073	19.923	19.921	0.31994	0.31962	1.2099	1.2102	0.14701	-0.14555
15.069	15.071	19.925	19.923	0.32025	0.31994	1.2096	1.2099	0.14705	-0.14549
15.067	15.069	19.927	19.925	0.32056	0.32025	1.2094	1.2096	0.14699	-0.14553
15.066	15.067	19.929	19.927	0.32086	0.32056	1.2092	1.2094	0.14693	-0.14557
15.064	15.066	19.931	19.929	0.32115	0.32086	1.2089	1.2092	0.14698	-0.14541
15.062	15.064	19.933	19.931	0.32143	0.32115	1.2087	1.2089	0.14692	-0.14556
15.06	15.062	19.935	19.933	0.32171	0.32143	1.2085	1.2087	0.14697	-0.14551
15.059	15.06	19.936	19.935	0.32197	0.32171	1.2083	1.2085	0.14702	-0.14545
15.057	15.059	19.938	19.936	0.32223	0.32197	1.2081	1.2083	0.14687	-0.1455
15.056	15.057	19.94	19.938	0.32249	0.32223	1.2079	1.2081	0.14692	-0.14545
15.054	15.056	19.941	19.94	0.32273	0.32249	1.2077	1.2079	0.14697	-0.14551
15.053	15.054	19.943	19.941	0.32297	0.32273	1.2075	1.2077	0.14693	-0.14546
15.051	15.053	19.944	19.943	0.32321	0.32297	1.2073	1.2075	0.14688	-0.14541
15.05	15.051	19.946	19.944	0.32343	0.32321	1.2071	1.2073	0.14694	-0.14547
15.049	15.05	19.947	19.946	0.32365	0.32343	1.2069	1.2071	0.1469	-0.14543
15.047	15.049	19.949	19.947	0.32387	0.32365	1.2067	1.2069	0.14686	-0.14549
15.046	15.047	19.95	19.949	0.32408	0.32387	1.2066	1.2067	0.14692	-0.14544
15.045	15.046	19.951	19.95	0.32428	0.32408	1.2064	1.2066	0.14688	-0.14541
15.044	15.045	19.953	19.951	0.32448	0.32428	1.2063	1.2064	0.14684	-0.14537
15.042	15.044	19.954	19.953	0.32467	0.32448	1.2061	1.2063	0.1469	-0.14543
15.041	15.042	19.955	19.954	0.32486	0.32467	1.2059	1.2061	0.14687	-0.14539
15.04	15.041	19.956	19.955	0.32504	0.32486	1.2058	1.2059	0.14683	-0.14546
15.039	15.04	19.957	19.956	0.32522	0.32504	1.2057	1.2058	0.1468	-0.14542
15.038	15.039	19.958	19.957	0.32539	0.32522	1.2055	1.2057	0.14686	-0.14539
15.037	15.038	19.959	19.958	0.32556	0.32539	1.2054	1.2055	0.14683	-0.14536
15.036	15.037	19.961	19.959	0.32573	0.32556	1.2052	1.2054	0.1469	-0.14542
15.035	15.036	19.962	19.961	0.32588	0.32573	1.2051	1.2052	0.14677	-0.14539
15.034	15.035	19.963	19.962	0.32604	0.32588	1.205	1.2051	0.14684	-0.14536
15.033	15.034	19.964	19.963	0.32619	0.32604	1.2049	1.205	0.14681	-0.14533
15.032	15.033	19.965	19.964	0.32634	0.32619	1.2047	1.2049	0.14678	-0.1454
15.031	15.032	19.965	19.965	0.32648	0.32634	1.2046	1.2047	0.14685	-0.14537
15.031	15.031	19.966	19.965	0.32662	0.32648	1.2045	1.2046	0.14683	-0.14535
15.03	15.031	19.967	19.966	0.32676	0.32662	1.2044	1.2045	0.1468	-0.14542
15.029	15.03	19.968	19.967	0.32689	0.32676	1.2043	1.2044	0.14677	-0.1453
15.028	15.029	19.969	19.968	0.32702	0.32689	1.2042	1.2043	0.14685	-0.14537
15.027	15.028	19.97	19.969	0.32714	0.32702	1.2041	1.2042	0.14673	-0.14535
15.027	15.027	19.971	19.97	0.32726	0.32714	1.204	1.2041	0.1468	-0.14542
15.026	15.027	19.971	19.971	0.32738	0.32726	1.2039	1.204	0.14678	-0.1453
15.025	15.026	19.972	19.971	0.3275	0.32738	1.2038	1.2039	0.14676	-0.14538
15.025	15.025	19.973	19.972	0.32761	0.3275	1.2037	1.2038	0.14684	-0.14535
15.024	15.025	19.974	19.973	0.32772	0.32761	1.2036	1.2037	0.14672	-0.14533
15.023	15.024	19.974	19.974	0.32782	0.32772	1.2035	1.2036	0.14679	-0.14531
15.023	15.023	19.975	19.974	0.32793	0.32782	1.2034	1.2035	0.14677	-0.14529
15.022	15.023	19.976	19.975	0.32803	0.32793	1.2034	1.2034	0.14676	-0.14537
15.021	15.022	19.976	19.976	0.32813	0.32803	1.2033	1.2034	0.14674	-0.14535
15.021	15.021	19.977	19.976	0.32822	0.32813	1.2032	1.2033	0.14682	-0.14533
15.02	15.021	19.977	19.977	0.32831	0.32822	1.2031	1.2032	0.1467	-0.14531
15.02	15.02	19.978	19.977	0.3284	0.32831	1.203	1.2031	0.14678	-0.1453
15.019	15.02	19.979	19.978	0.32849	0.3284	1.203	1.203	0.14677	-0.14528
15.019	15.019	19.979	19.979	0.32858	0.32849	1.2029	1.203	0.14675	-0.14536
15.018	15.019	19.98	19.979	0.32866	0.32858	1.2028	1.2029	0.14673	-0.14535
15.018	15.018	19.98	19.98	0.32874	0.32866	1.2028	1.2028	0.14672	-0.14523
15.017	15.018	19.981	19.98	0.32882	0.32874	1.2027	1.2028	0.1467	-0.14531
15.017	15.017	19.981	19.981	0.3289	0.32882	1.2026	1.2027	0.14679	-0.1453
15.016	15.017	19.982	19.981	0.32897	0.3289	1.2026	1.2026	0.14667	-0.14538
15.016	15.016	19.982	19.982	0.32904	0.32897	1.2025	1.2026	0.14676	-0.14527
15.015	15.016	19.983	19.982	0.32911	0.32904	1.2025	1.2025	0.14675	-0.14526
15.015	15.015	19.983	19.983	0.32918	0.32911	1.2024	1.2025	0.14673	-0.14534
15.015	15.015	19.984	19.983	0.32925	0.32918	1.2024	1.2024	0.14672	-0.14533
15.014	15.015	19.984	19.984	0.32932	0.32925	1.2023	1.2024	0.14671	-0.14532
15.014	15.014	19.984	19.984	0.32938	0.32932	1.2022	1.2023	0.1468	-0.1453
15.014	15.014	19.985	19.984	0.32944	0.32938	1.2022	1.2022	0.14668	-0.14529
15.013	15.014	19.985	19.985	0.3295	0.32944	1.2021	1.2022	0.14667	-0.14528
15.013	15.013	19.986	19.985	0.32956	0.3295	1.2021	1.2021	0.14676	-0.14527
15.012	15.013	19.986	19.986	0.32961	0.32956	1.2021	1.2021	0.14675	-0.14526
15.012	15.012	19.986	19.986	0.32967	0.32961	1.202	1.2021	0.14664	-0.14535
15.012	15.012	19.987	19.986	0.32972	0.32967	1.202	1.202	0.14673	-0.14523
15.011	15.012	19.987	19.987	0.32978	0.32972	1.2019	1.202	0.14672	-0.14532
15.011	15.011	19.987	19.987	0.32983	0.32978	1.2019	1.2019	0.14671	-0.14531
15.011	15.011	19.988	19.987	0.32988	0.32983	1.2018	1.2019	0.1467	-0.1452
15.011	15.011	19.988	19.988	0.32993	0.32988	1.2018	1.2018	0.14669	-0.14529
15.01	15.011	19.988	19.988	0.32997	0.32993	1.2018	1.2018	0.14678	-0.14528
15.01	15.01	19.989	19.988	0.33002	0.32997	1.2017	1.2018	0.14667	-0.14528
15.01	15.01	19.989	19.989	0.33006	0.33002	1.2017	1.2017	0.14666	-0.14527
15.009	15.01	19.989	19.989	0.70507	0.33006	0.82774	1.2017	-0.00032414	0.0013116
14.862	15.009	20.136	19.989	0.87019	0.70507	0.6648	0.82774	-0.00087396	0.00054971
14.771	14.862	20.226	20.136	1.0043	0.87019	0.53294	0.6648	-0.00092524	0.00049417
14.705	14.771	20.291	20.226	1.1026	1.0043	0.43685	0.53294	-0.0007949	0.00039641
14.66	14.705	20.336	20.291	1.1755	1.1026	0.36592	0.43685	-0.00092441	0.00031766
14.629	14.66	20.366	20.336	1.2294	1.1755	0.31372	0.36592	-0.00090554	0.0002751
14.609	14.629	20.385	20.366	1.2691	1.2294	0.27537	0.31372	-0.00090008	0.00025626
14.597	14.609	20.396	20.385	1.2983	1.2691	0.24725	0.27537	-0.00094896	0.00011333
14.591	14.597	20.402	20.396	1.3196	1.2983	0.22671	0.24725	-0.0009033	0.00020025
14.59	14.591	20.403	20.402	1.3352	1.3196	0.21175	0.22671	-0.00096949	0.00012747
14.591	14.59	20.401	20.403	1.3464	1.3352	0.20093	0.21175	-0.00085466	9.8708e-05
14.595	14.591	20.397	20.401	1.3544	1.3464	0.19316	0.20093	-0.00088503	0.00013736
14.601	14.595	20.392	20.397	1.36	1.3544	0.18764	0.19316	-0.00092905	0.00011065
14.608	14.601	20.385	20.392	1.3639	1.36	0.18377	0.18764	-0.0009139	0.00014137
14.615	14.608	20.378	20.385	1.3664	1.3639	0.18113	0.18377	-0.00093326	0.00012002
14.623	14.615	20.37	20.378	1.368	1.3664	0.17938	0.18113	-0.00095419	0.0001141
14.631	14.623	20.362	20.37	1.3689	1.368	0.1783	0.17938	-0.00083128	7.302e-05
14.64	14.631	20.354	20.362	1.3692	1.3689	0.17769	0.1783	-0.0010012	0.00013255
14.649	14.64	20.345	20.354	1.3692	1.3692	0.17744	0.17769	-0.00089549	0.00012185
14.657	14.649	20.337	20.345	1.3689	1.3692	0.17744	0.17744	-0.00083252	0.00015926
14.666	14.657	20.329	20.337	1.3684	1.3689	0.17762	0.17744	-0.00092977	5.9872e-05
14.674	14.666	20.321	20.329	1.3677	1.3684	0.17794	0.17762	-0.00089742	0.00013499
14.682	14.674	20.313	20.321	1.367	1.3677	0.17834	0.17794	-0.00094658	0.00019236
14.691	14.682	20.305	20.313	1.3662	1.367	0.17881	0.17834	-0.00088095	0.00013846
14.698	14.691	20.297	20.305	1.3653	1.3662	0.17933	0.17881	-0.00090832	7.6803e-05
14.706	14.698	20.29	20.297	1.3645	1.3653	0.17987	0.17933	-0.00082979	0.00021049
14.714	14.706	20.282	20.29	1.3636	1.3645	0.18043	0.17987	-0.0009476	0.00014215
14.721	14.714	20.275	20.282	1.3627	1.3636	0.18099	0.18043	-0.00086748	7.4212e-05
14.729	14.721	20.268	20.275	1.3618	1.3627	0.18156	0.18099	-0.00088629	0.00020642
14.736	14.729	20.261	20.268	1.3609	1.3618	0.18213	0.18156	-0.00090684	0.00014076
14.743	14.736	20.254	20.261	1.3601	1.3609	0.18269	0.18213	-0.00093	0.00017762
14.749	14.743	20.248	20.254	1.3592	1.3601	0.18324	0.18269	-0.0008576	0.00011736
14.756	14.749	20.241	20.248	1.3584	1.3592	0.18379	0.18324	-0.0008871	0.00015972
14.762	14.756	20.235	20.241	1.3576	1.3584	0.18432	0.18379	-0.00091971	0.00020548
14.769	14.762	20.229	20.235	1.3567	1.3576	0.18484	0.18432	-0.00085665	0.00015521
14.775	14.769	20.223	20.229	1.356	1.3567	0.18535	0.18484	-0.00089698	0.00020785
14.781	14.775	20.218	20.223	1.3552	1.356	0.18585	0.18535	-0.00084188	0.00016417
14.786	14.781	20.212	20.218	1.3545	1.3552	0.18634	0.18585	-0.00089017	0.0001237
14.792	14.786	20.207	20.212	1.3537	1.3545	0.18682	0.18634	-0.00084292	0.00018659
14.797	14.792	20.201	20.207	1.353	1.3537	0.18729	0.18682	-0.00089783	0.00025281
14.803	14.797	20.196	20.201	1.3523	1.353	0.18774	0.18729	-0.00085866	0.00012307
14.808	14.803	20.191	20.196	1.3517	1.3523	0.18818	0.18774	-0.0009213	0.00019605
14.813	14.808	20.186	20.191	1.351	1.3517	0.18862	0.18818	-0.00088862	0.00017252
14.818	14.813	20.181	20.186	1.3504	1.351	0.18904	0.18862	-0.00085786	0.00025204
14.823	14.818	20.177	20.181	1.3498	1.3504	0.18945	0.18904	-0.00093233	0.00013453
14.827	14.823	20.172	20.177	1.3492	1.3498	0.18985	0.18945	-0.00080955	0.0002204
14.832	14.827	20.168	20.172	1.3486	1.3492	0.19024	0.18985	-0.00088821	0.00020838
14.836	14.832	20.163	20.168	1.348	1.3486	0.19062	0.19024	-0.00087136	0.00019986
14.841	14.836	20.159	20.163	1.3474	1.348	0.19099	0.19062	-0.000858	0.0001939
14.845	14.841	20.155	20.159	1.3469	1.3474	0.19135	0.19099	-0.00084681	0.00019057
14.849	14.845	20.151	20.155	1.3464	1.3469	0.1917	0.19135	-0.00093927	0.00018988
14.853	14.849	20.147	20.151	1.3458	1.3464	0.19205	0.1917	-0.00083469	0.00019211
14.857	14.853	20.143	20.147	1.3454	1.3458	0.19238	0.19205	-0.00083134	0.00029646
14.861	14.857	20.14	20.143	1.3449	1.3454	0.19271	0.19238	-0.00093186	0.00020343
14.864	14.861	20.136	20.14	1.3444	1.3449	0.19303	0.19271	-0.00083514	0.0002132
14.868	14.864	20.133	20.136	1.3439	1.3444	0.19334	0.19303	-0.00083975	0.00012474
14.871	14.868	20.129	20.133	1.3435	1.3439	0.19364	0.19334	-0.00084801	0.00023823
14.875	14.871	20.126	20.129	1.343	1.3435	0.19393	0.19364	-0.00085867	0.00025419
14.878	14.875	20.123	20.126	1.3426	1.343	0.19422	0.19393	-0.00087137	0.00017255
14.881	14.878	20.12	20.123	1.3422	1.3426	0.1945	0.19422	-0.00088611	0.00029294
14.884	14.881	20.117	20.12	1.3418	1.3422	0.19477	0.1945	-0.00090325	0.00021563
14.887	14.884	20.114	20.117	1.3414	1.3418	0.19504	0.19477	-0.0008238	0.00014056
14.89	14.887	20.111	20.114	1.341	1.3414	0.1953	0.19504	-0.00084422	0.00026642
14.893	14.89	20.108	20.111	1.3406	1.341	0.19555	0.1953	-0.00086863	0.00019454
14.896	14.893	20.105	20.108	1.3403	1.3406	0.1958	0.19555	-0.00089351	0.00022459
14.899	14.896	20.102	20.105	1.3399	1.3403	0.19604	0.1958	-0.00082213	0.00025663
14.901	14.899	20.1	20.102	1.3396	1.3399	0.19627	0.19604	-0.00085063	0.00019015
14.904	14.901	20.097	20.1	1.3392	1.3396	0.1965	0.19627	-0.00088277	0.00022534
14.906	14.904	20.095	20.097	1.3389	1.3392	0.19672	0.1965	-0.00081572	0.00026236
14.909	14.906	20.092	20.095	1.3386	1.3389	0.19694	0.19672	-0.00085001	0.00020086
14.911	14.909	20.09	20.092	1.3383	1.3386	0.19715	0.19694	-0.00088648	0.00024103
14.914	14.911	20.087	20.09	1.338	1.3383	0.19735	0.19715	-0.00082523	0.00028288
14.916	14.914	20.085	20.087	1.3377	1.338	0.19755	0.19735	-0.00086532	0.00022608
14.918	14.916	20.083	20.085	1.3374	1.3377	0.19775	0.19755	-0.00090612	0.00027093
14.92	14.918	20.081	20.083	1.3371	1.3374	0.19794	0.19775	-0.00085066	0.00021748
14.922	14.92	20.079	20.081	1.3368	1.3371	0.19812	0.19794	-0.00079495	0.00016489
14.924	14.922	20.077	20.079	1.3366	1.3368	0.19831	0.19812	-0.00083926	0.00031317
14.926	14.924	20.075	20.077	1.3363	1.3366	0.19848	0.19831	-0.00088756	0.00016326
14.928	14.926	20.073	20.075	1.336	1.3363	0.19865	0.19848	-0.00083619	0.00031468
14.93	14.928	20.071	20.073	1.3358	1.336	0.19882	0.19865	-0.00088652	0.00016747
14.932	14.93	20.069	20.071	1.3356	1.3358	0.19898	0.19882	-0.00083731	0.00032138
14.934	14.932	20.067	20.069	1.3353	1.3356	0.19914	0.19898	-0.0008898	0.00017652
14.935	14.934	20.066	20.067	1.3351	1.3353	0.1993	0.19914	-0.00084424	0.00023292
14.937	14.935	20.064	20.066	1.3349	1.3351	0.19945	0.1993	-0.00080025	0.00029007
14.939	14.937	20.062	20.064	1.3347	1.3349	0.1996	0.19945	-0.00085626	0.00024835
14.941	14.939	20.061	20.062	1.3345	1.3347	0.19974	0.1996	-0.00091297	0.00020801
14.942	14.941	20.059	20.061	1.3343	1.3345	0.19988	0.19974	-0.00077184	0.00026873
14.944	14.942	20.058	20.059	1.3341	1.3343	0.20002	0.19988	-0.00083136	0.00022986
14.945	14.944	20.056	20.058	1.3339	1.3341	0.20015	0.20002	-0.00089171	0.00029229
14.947	14.945	20.055	20.056	1.3337	1.3339	0.20028	0.20015	-0.00085433	0.00025613
14.948	14.947	20.053	20.055	1.3335	1.3337	0.20041	0.20028	-0.00081671	0.00022083
14.949	14.948	20.052	20.053	1.3333	1.3335	0.20053	0.20041	-0.00088056	0.00028581
14.951	14.949	20.051	20.052	1.3332	1.3333	0.20065	0.20053	-0.00084535	0.00025228
14.952	14.951	20.049	20.051	1.333	1.3332	0.20076	0.20065	-0.00081136	0.00021962
14.953	14.952	20.048	20.049	1.3328	1.333	0.20088	0.20076	-0.00087738	0.00028724
14.954	14.953	20.047	20.048	1.3326	1.3328	0.20099	0.20088	-0.00084432	0.0001562
14.956	14.954	20.046	20.047	1.3325	1.3326	0.2011	0.20099	-0.00081239	0.00032556
14.957	14.956	20.044	20.046	1.3323	1.3325	0.2012	0.2011	-0.00088227	0.00019578
14.958	14.957	20.043	20.044	1.3322	1.3323	0.20131	0.2012	-0.00085262	0.00026698
14.959	14.958	20.042	20.043	1.332	1.3322	0.20141	0.20131	-0.00082306	0.00023893
14.96	14.959	20.041	20.042	1.3319	1.332	0.2015	0.20141	-0.0008934	0.00031124
14.961	14.96	20.04	20.041	1.3318	1.3319	0.2016	0.2015	-0.00086615	0.00018504
14.962	14.961	20.039	20.04	1.3316	1.3318	0.20169	0.2016	-0.00084	0.00025908
14.963	14.962	20.038	20.039	1.3315	1.3316	0.20178	0.20169	-0.00081261	0.00033352
14.964	14.963	20.037	20.038	1.3314	1.3315	0.20187	0.20178	-0.00078817	0.00020894
14.965	14.964	20.036	20.037	1.3313	1.3314	0.20196	0.20187	-0.00086204	0.00028455
14.966	14.965	20.035	20.036	1.3312	1.3313	0.20204	0.20196	-0.00083841	0.00026112
14.967	14.966	20.034	20.035	1.331	1.3312	0.20212	0.20204	-0.00091454	0.00023827
14.968	14.967	20.033	20.034	1.3309	1.331	0.2022	0.20212	-0.00079149	0.00021643
14.969	14.968	20.032	20.033	1.3308	1.3309	0.20228	0.2022	-0.00086897	0.00029423
14.969	14.969	20.032	20.032	1.3307	1.3308	0.20235	0.20228	-0.00084751	0.00027329
14.97	14.969	20.031	20.032	1.3306	1.3307	0.20243	0.20235	-0.0008258	0.00025279
14.971	14.97	20.03	20.031	1.3305	1.3306	0.2025	0.20243	-0.00080556	0.00023272
14.972	14.971	20.029	20.03	1.3304	1.3305	0.20257	0.2025	-0.00088386	0.0003128
14.973	14.972	20.029	20.029	1.3303	1.3304	0.20264	0.20257	-0.00086456	0.00019406
14.973	14.973	20.028	20.029	1.3302	1.3303	0.2027	0.20264	-0.00084637	0.00027558
14.974	14.973	20.027	20.028	1.3301	1.3302	0.20277	0.2027	-0.00082694	0.00025749
14.975	14.974	20.026	20.027	1.33	1.3301	0.20283	0.20277	-0.00080887	0.00023976
14.975	14.975	20.026	20.026	1.3299	1.33	0.20289	0.20283	-0.0008908	0.00032233
14.976	14.975	20.025	20.026	1.3298	1.3299	0.20295	0.20289	-0.00077513	0.00020608
14.977	14.976	20.024	20.025	1.3298	1.3298	0.20301	0.20295	-0.00085682	0.00028938
14.977	14.977	20.024	20.024	1.3297	1.3298	0.20307	0.20301	-0.00084115	0.00027357
14.978	14.977	20.023	20.024	1.3296	1.3297	0.20312	0.20307	-0.00082524	0.00025819
14.978	14.978	20.023	20.023	1.3295	1.3296	0.20318	0.20312	-0.00090933	0.00024295
14.979	14.978	20.022	20.023	1.3295	1.3295	0.20323	0.20318	-0.00079571	0.00022858
14.979	14.979	20.021	20.022	1.3294	1.3295	0.20328	0.20323	-0.00087967	0.000314
14.98	14.979	20.021	20.021	1.3293	1.3294	0.20333	0.20328	-0.00086616	0.00030038
14.98	14.98	20.02	20.021	1.3293	1.3293	0.20338	0.20333	-0.00075241	0.0001872
14.981	14.98	20.02	20.02	1.3292	1.3293	0.20343	0.20338	-0.00083773	0.00027328
14.982	14.981	20.019	20.02	1.3291	1.3292	0.20347	0.20343	-0.00092423	0.0002601
14.982	14.982	20.019	20.019	1.3291	1.3291	0.20352	0.20347	-0.00081276	0.00024807
14.982	14.982	20.018	20.019	1.329	1.3291	0.20356	0.20352	-0.00080036	0.00033569
14.983	14.982	20.018	20.018	1.3289	1.329	0.20361	0.20356	-0.0008882	0.0002237
14.983	14.983	20.017	20.018	1.3289	1.3289	0.20365	0.20361	-0.00077662	0.00031234
14.984	14.983	20.017	20.017	1.3288	1.3289	0.20369	0.20365	-0.00086433	0.00020086
14.984	14.984	20.017	20.017	1.3288	1.3288	0.20373	0.20369	-0.00085276	0.00028978
14.985	14.984	20.016	20.017	1.3287	1.3288	0.20377	0.20373	-0.00084275	0.00027901
14.985	14.985	20.016	20.016	1.3287	1.3287	0.2038	0.20377	-0.00083116	0.00026876
14.986	14.985	20.015	20.016	1.3286	1.3287	0.20384	0.2038	-0.00082105	0.00025851
14.986	14.986	20.015	20.015	1.3286	1.3286	0.20388	0.20384	-0.00091093	0.0002484
14.986	14.986	20.015	20.015	1.3285	1.3286	0.20391	0.20388	-0.00080163	0.00023901
14.987	14.986	20.014	20.015	1.3285	1.3285	0.20394	0.20391	-0.00079139	0.0003294
14.987	14.987	20.014	20.014	1.3284	1.3285	0.20398	0.20394	-0.00088139	0.00022006
14.987	14.987	20.013	20.014	1.3284	1.3284	0.20401	0.20398	-0.00087345	0.00031132
14.988	14.987	20.013	20.013	1.3283	1.3284	0.20404	0.20401	-0.00076413	0.00020276
14.988	14.988	20.013	20.013	1.3283	1.3283	0.20407	0.20404	-0.00085525	0.00029381
14.988	14.988	20.012	20.013	1.3282	1.3283	0.2041	0.20407	-0.00084754	0.00028547
14.989	14.988	20.012	20.012	1.3282	1.3282	0.20413	0.2041	-0.00083958	0.00027756
14.989	14.989	20.012	20.012	1.3282	1.3282	0.20416	0.20413	-0.00083163	0.0002698
14.989	14.989	20.012	20.012	1.3281	1.3282	0.20419	0.20416	-0.00082367	0.00026218
14.989	14.989	20.011	20.012	1.3281	1.3281	-0.22985	0.20419	-0.00062501	0.17048
14.99	14.989	20.181	20.011	1.3281	1.3281	-0.42274	-0.22985	-0.00098265	0.16996
14.99	14.99	20.287	20.181	1.328	1.3281	-0.57993	-0.42274	-0.00096521	0.17025
14.99	14.99	20.363	20.287	1.328	1.328	-0.69568	-0.57993	-0.0010813	0.17037
14.991	14.99	20.416	20.363	1.3279	1.328	-0.78188	-0.69568	-0.00098786	0.17048
14.991	14.991	20.453	20.416	1.3279	1.3279	-0.84581	-0.78188	-0.0010879	0.17057
14.991	14.991	20.476	20.453	1.3279	1.3279	-0.89309	-0.84581	-0.0010876	0.1706
14.991	14.991	20.49	20.476	1.3279	1.3279	-0.92791	-0.89309	-0.00098534	0.17054
14.992	14.991	20.496	20.49	1.3278	1.3279	-0.9534	-0.92791	-0.0010812	0.1706
14.992	14.992	20.498	20.496	1.3278	1.3278	-0.97193	-0.9534	-0.0010775	0.17057
14.992	14.992	20.496	20.498	1.3278	1.3278	-0.98525	-0.97193	-0.0010731	0.17058
14.992	14.992	20.491	20.496	1.3277	1.3278	-0.99468	-0.98525	-0.0010685	0.17052
14.992	14.992	20.484	20.491	1.3277	1.3277	-1.0012	-0.99468	-0.0010637	0.17047
14.992	14.992	20.476	20.484	1.3277	1.3277	-1.0056	-1.0012	-0.0010602	0.17048
14.993	14.992	20.466	20.476	1.3277	1.3277	-1.0084	-1.0056	-0.0010553	0.17038
14.993	14.993	20.457	20.466	1.3276	1.3277	-1.01	-1.0084	-0.0010516	0.17033
14.993	14.993	20.446	20.457	1.3276	1.3276	-1.0107	-1.01	-0.0010464	0.1704
14.993	14.993	20.436	20.446	1.3276	1.3276	-1.0108	-1.0107	-0.0010429	0.17025
14.993	14.993	20.425	20.436	1.3276	1.3276	-1.0104	-1.0108	-0.0011375	0.1702
14.994	14.993	20.415	20.425	1.3276	1.3276	-1.0096	-1.0104	-0.0010346	0.17018
14.994	14.994	20.404	20.415	1.3275	1.3276	-1.0086	-1.0096	-0.0010307	0.17021
14.994	14.994	20.394	20.404	1.3275	1.3275	-1.0075	-1.0086	-0.0011269	0.17011
14.994	14.994	20.384	20.394	1.3275	1.3275	-1.0062	-1.0075	-0.0010224	0.16999
14.994	14.994	20.374	20.384	1.3275	1.3275	-1.0049	-1.0062	-0.0011183	0.17004
14.994	14.994	20.364	20.374	1.3274	1.3275	-1.0035	-1.0049	-0.0010153	0.16999
14.995	14.994	20.354	20.364	1.3274	1.3274	-1.0021	-1.0035	-0.0011113	0.16993
14.995	14.995	20.345	20.354	1.3274	1.3274	-1.0006	-1.0021	-0.0010097	0.16997
14.995	14.995	20.336	20.345	1.3274	1.3274	-0.99921	-1.0006	-0.0011057	0.1698
14.995	14.995	20.327	20.336	1.3274	1.3274	-0.9978	-0.99921	-0.0011024	0.16984
14.995	14.995	20.318	20.327	1.3274	1.3274	-0.99641	-0.9978	-0.00099928	0.16979
14.995	14.995	20.309	20.318	1.3273	1.3274	-0.99504	-0.99641	-0.0010952	0.16983
14.995	14.995	20.301	20.309	1.3273	1.3273	-0.9937	-0.99504	-0.0010936	0.16969
14.995	14.995	20.293	20.301	1.3273	1.3273	-0.99238	-0.9937	-0.0010902	0.16974
14.996	14.995	20.285	20.293	1.3273	1.3273	-0.9911	-0.99238	-0.0010885	0.1696
14.996	14.996	20.278	20.285	1.3273	1.3273	-0.98984	-0.9911	-0.001085	0.16967
14.996	14.996	20.27	20.278	1.3273	1.3273	-0.98861	-0.98984	-0.00098331	0.16954
14.996	14.996	20.263	20.27	1.3273	1.3273	-0.98742	-0.98861	-0.0010791	0.16962
14.996	14.996	20.256	20.263	1.3272	1.3273	-0.98625	-0.98742	-0.0010775	0.1695
14.996	14.996	20.249	20.256	1.3272	1.3272	-0.98512	-0.98625	-0.001074	0.16959
14.996	14.996	20.242	20.249	1.3272	1.3272	-0.98401	-0.98512	-0.0010723	0.16949
14.996	14.996	20.236	20.242	1.3272	1.3272	-0.98293	-0.98401	-0.0010703	0.16939
14.996	14.996	20.23	20.236	1.3272	1.3272	-0.98188	-0.98293	-0.0010669	0.16949
14.997	14.996	20.224	20.23	1.3272	1.3272	-0.98086	-0.98188	-0.0011651	0.16941
14.997	14.997	20.218	20.224	1.3272	1.3272	-0.97987	-0.98086	-0.001064	0.16942
14.997	14.997	20.212	20.218	1.3272	1.3272	-0.9789	-0.97987	-0.001062	0.16934
14.997	14.997	20.206	20.212	1.3271	1.3272	-0.97796	-0.9789	-0.00106	0.16937
14.997	14.997	20.201	20.206	1.3271	1.3271	-0.97704	-0.97796	-0.0010567	0.1693
14.997	14.997	20.195	20.201	1.3271	1.3271	-0.97615	-0.97704	-0.0010547	0.16933
14.997	14.997	20.19	20.195	1.3271	1.3271	-0.97528	-0.97615	-0.0011528	0.16927
14.997	14.997	20.185	20.19	1.3271	1.3271	-0.97443	-0.97528	-0.0010516	0.16921
14.997	14.997	20.18	20.185	1.3271	1.3271	-0.97361	-0.97443	-0.0010495	0.16926
14.997	14.997	20.175	20.18	1.3271	1.3271	-0.97281	-0.97361	-0.0010476	0.16921
14.997	14.997	20.17	20.175	1.3271	1.3271	-0.97203	-0.97281	-0.0011456	0.16927
14.997	14.997	20.166	20.17	1.3271	1.3271	-0.97127	-0.97203	-0.0010446	0.16913
14.998	14.997	20.161	20.166	1.3271	1.3271	-0.97053	-0.97127	-0.0010423	0.16919
14.998	14.998	20.157	20.161	1.327	1.3271	-0.96981	-0.97053	-0.0011419	0.16916
14.998	14.998	20.153	20.157	1.327	1.327	-0.96911	-0.96981	-0.0010408	0.16913
14.998	14.998	20.149	20.153	1.327	1.327	-0.96843	-0.96911	-0.0011386	0.1691
14.998	14.998	20.145	20.149	1.327	1.327	-0.96777	-0.96843	-0.0010374	0.16908
14.998	14.998	20.141	20.145	1.327	1.327	-0.96713	-0.96777	-0.0010353	0.16916
14.998	14.998	20.137	20.141	1.327	1.327	-0.9665	-0.96713	-0.0011349	0.16904
14.998	14.998	20.133	20.137	1.327	1.327	-0.96589	-0.9665	-0.0010336	0.16903
14.998	14.998	20.13	20.133	1.327	1.327	-0.9653	-0.96589	-0.0011315	0.16902
14.998	14.998	20.126	20.13	1.327	1.327	-0.96472	-0.9653	-0.0010303	0.16901
14.998	14.998	20.123	20.126	1.327	1.327	-0.96415	-0.96472	-0.0011296	0.169
14.998	14.998	20.12	20.123	1.327	1.327	-0.96361	-0.96415	-0.0010284	0.169
14.998	14.998	20.116	20.12	1.327	1.327	-0.96307	-0.96361	-0.0011263	0.169
14.998	14.998	20.113	20.116	1.327	1.327	-0.96256	-0.96307	-0.0010266	0.16901
14.998	14.998	20.11	20.113	1.3269	1.327	-0.96205	-0.96256	-0.0011244	0.16891
14.998	14.998	20.107	20.11	1.3269	1.3269	-0.96156	-0.96205	-0.0010231	0.16892
14.998	14.998	20.104	20.107	1.3269	1.3269	-0.96108	-0.96156	-0.0011224	0.16893
14.998	14.998	20.102	20.104	1.3269	1.3269	-0.96062	-0.96108	-0.0011212	0.16895
14.998	14.998	20.099	20.102	1.3269	1.3269	-0.96016	-0.96062	-0.0010214	0.16896
14.998	14.998	20.096	20.099	1.3269	1.3269	-0.95972	-0.96016	-0.0011192	0.16888
14.998	14.998	20.094	20.096	1.3269	1.3269	-0.9593	-0.95972	-0.0010194	0.1689
14.999	14.998	20.091	20.094	1.3269	1.3269	-0.95888	-0.9593	-0.0011173	0.16883
14.999	14.999	20.089	20.091	1.3269	1.3269	-0.95847	-0.95888	-0.0011174	0.16895
14.999	14.999	20.086	20.089	1.3269	1.3269	-0.95808	-0.95847	-0.0010162	0.16878
14.999	14.999	20.084	20.086	1.3269	1.3269	-0.95769	-0.95808	-0.0011153	0.16891
14.999	14.999	20.082	20.084	1.3269	1.3269	-0.95732	-0.95769	-0.0011142	0.16884
14.999	14.999	20.08	20.082	1.3269	1.3269	-0.95695	-0.95732	-0.0010142	0.16887
14.999	14.999	20.078	20.08	1.3269	1.3269	-0.9566	-0.95695	-0.0011121	0.1688
14.999	14.999	20.075	20.078	1.3269	1.3269	-0.95625	-0.9566	-0.0011122	0.16884
14.999	14.999	20.073	20.075	1.3269	1.3269	-0.95592	-0.95625	-0.0010109	0.16878
14.999	14.999	20.071	20.073	1.3269	1.3269	-0.95559	-0.95592	-0.0011101	0.16882
14.999	14.999	20.07	20.071	1.3269	1.3269	-0.95527	-0.95559	-0.0011104	0.16876
14.999	14.999	20.068	20.07	1.3269	1.3269	-0.95496	-0.95527	-0.0010089	0.1688
14.999	14.999	20.066	20.068	1.3269	1.3269	-0.95466	-0.95496	-0.0011082	0.16874
14.999	14.999	20.064	20.066	1.3269	1.3269	-0.95437	-0.95466	-0.0011084	0.16879
14.999	14.999	20.062	20.064	1.3269	1.3269	-0.95408	-0.95437	-0.001107	0.16884
14.999	14.999	20.061	20.062	1.3269	1.3269	-0.95381	-0.95408	-0.0010072	0.16868
14.999	14.999	20.059	20.061	1.3268	1.3269	-0.95354	-0.95381	-0.0011063	0.16883
14.999	14.999	20.058	20.059	1.3268	1.3268	-0.95327	-0.95354	-0.0011052	0.16869
14.999	14.999	20.056	20.058	1.3268	1.3268	-0.95302	-0.95327	-0.0011051	0.16874
14.999	14.999	20.054	20.056	1.3268	1.3268	-0.95277	-0.95302	-0.0010052	0.16879
14.999	14.999	20.053	20.054	1.3268	1.3268	-0.95253	-0.95277	-0.001103	0.16865
14.999	14.999	20.052	20.053	1.3268	1.3268	-0.95229	-0.95253	-0.0011031	0.1688
14.999	14.999	20.05	20.052	1.3268	1.3268	-0.95206	-0.95229	-0.0011033	0.16866
14.999	14.999	20.049	20.05	1.3268	1.3268	-0.95184	-0.95206	-0.0011017	0.16872
14.999	14.999	20.047	20.049	1.3268	1.3268	-0.95162	-0.95184	-0.0010019	0.16868
14.999	14.999	20.046	20.047	1.3268	1.3268	-0.95141	-0.95162	-0.0011011	0.16874
14.999	14.999	20.045	20.046	1.3268	1.3268	-0.9512	-0.95141	-0.0011013	0.1687
14.999	14.999	20.044	20.045	1.3268	1.3268	-0.951	-0.9512	-0.0010999	0.16866
14.999	14.999	20.043	20.044	1.3268	1.3268	-0.95081	-0.951	-0.0010999	0.16873
14.999	14.999	20.041	20.043	1.3268	1.3268	-0.95062	-0.95081	-0.001	0.16869
14.999	14.999	20.04	20.041	1.3268	1.3268	-0.95043	-0.95062	-0.0010992	0.16866
14.999	14.999	20.039	20.04	1.3268	1.3268	-0.95025	-0.95043	-0.0010979	0.16862
14.999	14.999	20.038	20.039	1.3268	1.3268	-0.95008	-0.95025	-0.0010979	0.16869
14.999	14.999	20.037	20.038	1.3268	1.3268	-0.94991	-0.95008	-0.001098	0.16866
14.999	14.999	20.036	20.037	1.3268	1.3268	-0.94974	-0.94991	-0.001098	0.16863
14.999	14.999	20.035	20.036	1.3268	1.3268	-0.94958	-0.94974	-0.00099802	0.1687
14.999	14.999	20.034	20.035	1.3268	1.3268	-0.94942	-0.94958	-0.0010959	0.16867
14.999	14.999	20.033	20.034	1.3268	1.3268	-0.94927	-0.94942	-0.001096	0.16864
14.999	14.999	20.032	20.033	1.3268	1.3268	-0.94912	-0.94927	-0.001096	0.16861
14.999	14.999	20.032	20.032	1.3268	1.3268	-0.94898	-0.94912	-0.001096	0.16869
14.999	14.999	20.031	20.032	1.3268	1.3268	-0.94884	-0.94898	-0.0010961	0.16856
14.999	14.999	20.03	20.031	1.3268	1.3268	-0.9487	-0.94884	-0.0010946	0.16864
14.999	14.999	20.029	20.03	1.3268	1.3268	-0.94857	-0.9487	-0.0010947	0.16861
14.999	14.999	20.028	20.029	1.3268	1.3268	-0.94844	-0.94857	-0.0009947	0.16869
15	14.999	20.028	20.028	1.3268	1.3268	-0.94831	-0.94844	-0.001094	0.16856
15	15	20.027	20.028	1.3268	1.3268	-0.94819	-0.94831	-0.001094	0.16864
15	15	20.026	20.027	1.3268	1.3268	-0.94807	-0.94819	-0.0010942	0.16862
15	15	20.025	20.026	1.3268	1.3268	-0.94795	-0.94807	-0.0010927	0.1686
15	15	20.025	20.025	1.3268	1.3268	-0.94784	-0.94795	-0.0010927	0.16868
15	15	20.024	20.025	1.3268	1.3268	-0.94773	-0.94784	-0.0010928	0.16856
15	15	20.023	20.024	1.3268	1.3268	-0.94762	-0.94773	-0.0010927	0.16864
15	15	20.023	20.023	1.3268	1.3268	-0.94752	-0.94762	-0.0010928	0.16862
15	15	20.022	20.023	1.3268	1.3268	-0.94742	-0.94752	-0.00099284	0.1686
15	15	20.022	20.022	1.3268	1.3268	-0.94732	-0.94742	-0.001092	0.16858
15	15	20.021	20.022	1.3268	1.3268	-0.94722	-0.94732	-0.0010922	0.16866
15	15	20.02	20.021	1.3268	1.3268	-0.94713	-0.94722	-0.0010908	0.16854
15	15	20.02	20.02	1.3268	1.3268	-0.94704	-0.94713	-0.0010907	0.16863
15	15	20.019	20.02	1.3268	1.3268	-0.94695	-0.94704	-0.0010908	0.16861
15	15	20.019	20.019	1.3268	1.3268	-0.94686	-0.94695	-0.0010908	0.16859
15	15	20.018	20.019	1.3268	1.3268	-0.94678	-0.94686	-0.0010908	0.16858
15	15	20.018	20.018	1.3268	1.3268	-0.9467	-0.94678	-0.0010908	0.16856
15	15	20.017	20.018	1.3268	1.3268	-0.94662	-0.9467	-0.0010908	0.16855
15	15	20.017	20.017	1.3268	1.3268	-0.94654	-0.94662	-0.0010909	0.16864
15	15	20.017	20.017	1.3268	1.3268	-0.94646	-0.94654	-0.001091	0.16852
15	15	20.016	20.017	1.3268	1.3268	-0.94639	-0.94646	-0.0010894	0.16861
15	15	20.016	20.016	1.3268	1.3268	-0.94632	-0.94639	-0.0009895	0.16859
15	15	20.015	20.016	1.3268	1.3268	-0.94625	-0.94632	-0.0010887	0.16858
15	15	20.015	20.015	1.3268	1.3268	-0.94618	-0.94625	-0.0010888	0.16857
15	15	20.014	20.015	1.3268	1.3268	-0.94612	-0.94618	-0.0010888	0.16856
15	15	20.014	20.014	1.3268	1.3268	-0.94605	-0.94612	-0.0010888	0.16854
15	15	20.014	20.014	1.3268	1.3268	-0.94599	-0.94605	-0.0010888	0.16853
15	15	20.013	20.014	1.3268	1.3268	-0.94593	-0.94599	-0.0010888	0.16862
15	15	20.013	20.013	1.3268	1.3268	-0.94587	-0.94593	-0.001089	0.16851
15	15	20.012	20.013	1.3268	1.3268	-0.94581	-0.94587	-0.0010889	0.1686
15	15	20.012	20.012	1.3268	1.3268	-0.94576	-0.94581	-0.001089	0.16859
15	15	20.012	20.012	1.3268	1.3268	-0.51255	-0.94576	-0.0013698	-0.0012984
15	15	19.842	20.012	1.3267	1.3268	-0.32149	-0.51255	-0.00095498	-0.0003859
15	15	19.736	19.842	1.3267	1.3267	-0.16622	-0.32149	-0.00096411	-0.00017661
15	15	19.66	19.736	1.3267	1.3267	-0.052331	-0.16622	-0.00093432	-8.243e-05
15	15	19.607	19.66	1.3267	1.3267	0.032203	-0.052331	-0.00091426	0.00011285
15	15	19.571	19.607	1.3267	1.3267	0.094714	0.032203	-0.00089851	0.00011142
15	15	19.548	19.571	1.3267	1.3267	0.14083	0.094714	-0.00088636	0.00031143
15	15	19.535	19.548	1.3267	1.3267	0.17475	0.14083	-0.00087737	0.0002682
15	15	19.528	19.535	1.3267	1.3267	0.19957	0.17475	-0.00087035	0.00035446
15	15	19.526	19.528	1.3267	1.3267	0.21763	0.19957	-0.00076517	0.00030209
15	15	19.528	19.526	1.3267	1.3267	0.23065	0.21763	-0.00086029	0.00036218
15	15	19.532	19.528	1.3267	1.3267	0.23994	0.23065	-0.00085744	0.00047549
15	15	19.539	19.532	1.3267	1.3267	0.24645	0.23994	-0.00085524	0.00034856
15	15	19.546	19.539	1.3267	1.3267	0.2509	0.24645	-0.00085329	0.00043636
15	15	19.555	19.546	1.3267	1.3267	0.25382	0.2509	-0.00085199	0.00043137
15	15	19.564	19.555	1.3267	1.3267	0.25562	0.25382	-0.00085089	0.00035369
15	15	19.574	19.564	1.3267	1.3267	0.25659	0.25562	-0.00084993	0.00044321
15	15	19.584	19.574	1.3267	1.3267	0.25694	0.25659	-0.00084933	0.00045557
15	15	19.594	19.584	1.3267	1.3267	0.25686	0.25694	-0.00084877	0.00035818
15	15	19.604	19.594	1.3267	1.3267	0.25645	0.25686	-0.00084818	0.00042566
15	15	19.614	19.604	1.3267	1.3267	0.25581	0.25645	-0.00084786	0.00043993
15	15	19.623	19.614	1.3267	1.3267	0.25501	0.25581	-0.00084753	0.00038768
15	15	19.633	19.623	1.3267	1.3267	0.25409	0.25501	-0.00084569	0.00035855
15	15	19.642	19.633	1.3267	1.3267	0.2531	0.25409	-0.00084539	0.00044481
15	15	19.652	19.642	1.3267	1.3267	0.25206	0.2531	-0.00084525	0.00034137
15	15	19.661	19.652	1.3267	1.3267	0.25099	0.25206	-0.00084491	0.0004438
15	15	19.67	19.661	1.3267	1.3267	0.24991	0.25099	-0.00084483	0.00034953
15	15	19.678	19.67	1.3267	1.3267	0.24882	0.24991	-0.00084453	0.00035587
15	15	19.687	19.678	1.3267	1.3267	0.24774	0.24882	-0.00084436	0.00036127
15	15	19.695	19.687	1.3267	1.3267	0.24667	0.24774	-0.0008442	0.00046483
15	15	19.703	19.695	1.3267	1.3267	0.24562	0.24667	-0.00084416	0.00036598
15	15	19.711	19.703	1.3267	1.3267	0.24459	0.24562	-0.00084389	0.00036362
15	15	19.718	19.711	1.3267	1.3267	0.24357	0.24459	-0.00084374	0.00035728
15	15	19.726	19.718	1.3267	1.3267	0.24258	0.24357	-0.0008436	0.00034689
15	15	19.733	19.726	1.3267	1.3267	0.24161	0.24258	-0.00084345	0.00043234
15	15	19.74	19.733	1.3267	1.3267	0.24066	0.24161	-0.00084341	0.00031361
15	15	19.747	19.74	1.3267	1.3267	0.23973	0.24066	-0.00084315	0.0003905
15	15	19.753	19.747	1.3267	1.3267	0.23883	0.23973	-0.00084312	0.00036298
15	15	19.76	19.753	1.3267	1.3267	0.23795	0.23883	-0.00084297	0.00033138
15	15	19.766	19.76	1.3267	1.3267	0.23709	0.23795	-0.00084281	0.00039517
15	15	19.773	19.766	1.3267	1.3267	0.23625	0.23709	-0.00084277	0.00035509
15	15	19.779	19.773	1.3267	1.3267	0.23544	0.23625	-0.00084262	0.00031093
15	15	19.784	19.779	1.3267	1.3267	0.23464	0.23544	-0.00084246	0.00036245
15	15	19.79	19.784	1.3267	1.3267	0.23387	0.23464	-0.00084242	0.0003101
15	15	19.796	19.79	1.3267	1.3267	0.23311	0.23387	-0.00084226	0.00035396
15	15	19.801	19.796	1.3267	1.3267	0.23238	0.23311	-0.00084222	0.00039396
15	15	19.806	19.801	1.3267	1.3267	0.23167	0.23238	-0.00084217	0.00033063
15	15	19.811	19.806	1.3267	1.3267	0.23097	0.23167	-0.000842	0.00026352
15	15	19.816	19.811	1.3267	1.3267	0.23029	0.23097	-0.00084184	0.00039267
15	15	19.821	19.816	1.3267	1.3267	0.22963	0.23029	-0.0008419	0.0003187
15	15	19.826	19.821	1.3267	1.3267	0.22899	0.22963	-0.00074173	0.00034133
15	15	19.83	19.826	1.3267	1.3267	0.22837	0.22899	-0.00084087	0.00036028
15	15	19.835	19.83	1.3267	1.3267	0.22776	0.22837	-0.00084094	0.00027652
15	15	19.839	19.835	1.3267	1.3267	0.22716	0.22776	-0.00084077	0.00038964
15	15	19.843	19.839	1.3267	1.3267	0.22659	0.22716	-0.00084083	0.00030008
15	15	19.848	19.843	1.3267	1.3267	0.22602	0.22659	-0.00084065	0.00030742
15	15	19.852	19.848	1.3267	1.3267	0.22548	0.22602	-0.00084059	0.00031177
15	15	19.855	19.852	1.3267	1.3267	0.22494	0.22548	-0.00084052	0.00031353
15	15	19.859	19.855	1.3267	1.3267	0.22442	0.22494	-0.00084046	0.00031254
15	15	19.863	19.859	1.3267	1.3267	0.22392	0.22442	-0.0008404	0.00030896
15	15	19.867	19.863	1.3267	1.3267	0.22343	0.22392	-0.00084033	0.00040277
15	15	19.87	19.867	1.3267	1.3267	0.22295	0.22343	-0.00084037	0.00029445
15	15	19.874	19.87	1.3267	1.3267	0.22248	0.22295	-0.00084019	0.0002836
15	15	19.877	19.874	1.3267	1.3267	0.22203	0.22248	-0.00084011	0.00037021
15	15	19.88	19.877	1.3267	1.3267	0.22159	0.22203	-0.00083868	0.00025469
15	15	19.883	19.88	1.3267	1.3267	0.22115	0.22159	-0.0008385	0.00033678
15	15	19.886	19.883	1.3267	1.3267	0.22073	0.22115	-0.00083854	0.00031679
15	15	19.889	19.886	1.3267	1.3267	0.22033	0.22073	-0.00083846	0.00029473
15	15	19.892	19.889	1.3267	1.3267	0.21993	0.22033	-0.00083839	0.00027051
15	15	19.895	19.892	1.3267	1.3267	0.21954	0.21993	-0.00083831	0.00034429
15	15	19.898	19.895	1.3267	1.3267	0.21916	0.21954	-0.00083835	0.00031621
15	15	19.901	19.898	1.3267	1.3267	0.2188	0.21916	-0.00083827	0.00028637
15	15	19.903	19.901	1.3267	1.3267	0.21844	0.2188	-0.00083819	0.00035451
15	15	19.906	19.903	1.3267	1.3267	0.21809	0.21844	-0.00083822	0.00032095
15	15	19.908	19.906	1.3267	1.3267	0.21776	0.21809	-0.00083814	0.00028576
15	15	19.911	19.908	1.3267	1.3267	0.21743	0.21776	-0.00083806	0.00024856
15	15	19.913	19.911	1.3267	1.3267	0.2171	0.21743	-0.00083798	0.00030965
15	15	19.915	19.913	1.3267	1.3267	0.21679	0.2171	-0.00083801	0.00036918
15	15	19.918	19.915	1.3267	1.3267	0.21649	0.21679	-0.00083804	0.00022754
15	15	19.92	19.918	1.3267	1.3267	0.21619	0.21649	-0.00083784	0.00028396
15	15	19.922	19.92	1.3267	1.3267	0.2159	0.21619	-0.00083787	0.00033874
15	15	19.924	19.922	1.3267	1.3267	0.21562	0.2159	-0.0008379	0.0002925
15	15	19.926	19.924	1.3267	1.3267	0.21535	0.21562	-0.00083781	0.00034477
15	15	19.928	19.926	1.3267	1.3267	0.21508	0.21535	-0.00083784	0.00029564
15	15	19.93	19.928	1.3267	1.3267	0.21482	0.21508	-0.00083775	0.00024531
15	15	19.932	19.93	1.3267	1.3267	0.21457	0.21482	-0.00083766	0.00029327
15	15	19.933	19.932	1.3267	1.3267	0.21432	0.21457	-0.00083768	0.00033997
15	15	19.935	19.933	1.3267	1.3267	0.21408	0.21432	-0.00083771	0.0002858
15	15	19.937	19.935	1.3267	1.3267	0.21385	0.21408	-0.00083762	0.00033028
15	15	19.939	19.937	1.3267	1.3267	0.21363	0.21385	-0.00083764	0.00027365
15	15	19.94	19.939	1.3267	1.3267	0.2134	0.21363	-0.00083755	0.00031583
15	15	19.942	19.94	1.3267	1.3267	0.21319	0.2134	-0.00083757	0.00025691
15	15	19.943	19.942	1.3267	1.3267	0.21298	0.21319	-0.00083747	0.00029678
15	15	19.945	19.943	1.3267	1.3267	0.21277	0.21298	-0.00083749	0.0002357
15	15	19.946	19.945	1.3267	1.3267	0.21258	0.21277	-0.0008374	0.00037342
15	15	19.948	19.946	1.3267	1.3267	0.21238	0.21258	-0.00083753	0.00021035
15	15	19.949	19.948	1.3267	1.3267	0.21219	0.21238	-0.00083732	0.00034615
15	15	19.95	19.949	1.3267	1.3267	0.21201	0.21219	-0.00083746	0.00028122
15	15	19.952	19.95	1.3267	1.3267	0.21183	0.21201	-0.00083736	0.00031532
15	15	19.953	19.952	1.3267	1.3267	0.21166	0.21183	-0.00083738	0.00024846
15	15	19.954	19.953	1.3267	1.3267	0.21149	0.21166	-0.00083728	0.0002807
15	15	19.955	19.954	1.3267	1.3267	0.21133	0.21149	-0.0008373	0.00031197
15	15	19.957	19.955	1.3267	1.3267	0.21117	0.21133	-0.00083731	0.00024267
15	15	19.958	19.957	1.3267	1.3267	0.21101	0.21117	-0.00083722	0.00027231
15	15	19.959	19.958	1.3267	1.3267	0.21086	0.21101	-0.00083723	0.00030114
15	15	19.96	19.959	1.3267	1.3267	0.21071	0.21086	-0.00083725	0.00032938
15	15	19.961	19.96	1.3267	1.3267	0.21057	0.21071	-0.00083726	0.00025704
15	15	19.962	19.961	1.3267	1.3267	0.21043	0.21057	-0.00083716	0.0002838
15	15	19.963	19.962	1.3267	1.3267	0.21029	0.21043	-0.00083717	0.00030974
15	15	19.964	19.963	1.3267	1.3267	0.21016	0.21029	-0.00083719	0.00023524
15	15	19.965	19.964	1.3267	1.3267	0.21003	0.21016	-0.00083709	0.00035984
15	15	19.966	19.965	1.3267	1.3267	0.2099	0.21003	-0.00083721	0.00028409
15	15	19.967	19.966	1.3267	1.3267	0.20978	0.2099	-0.00083711	0.00020767
15	15	19.968	19.967	1.3267	1.3267	0.20966	0.20978	-0.00083701	0.00033011
15	15	19.968	19.968	1.3267	1.3267	0.20954	0.20966	-0.00083714	0.00025235
15	15	19.969	19.968	1.3267	1.3267	0.20943	0.20954	-0.00083703	0.00027392
15	15	19.97	19.969	1.3267	1.3267	0.20932	0.20943	-0.00083704	0.00029482
15	15	19.971	19.97	1.3267	1.3267	0.20921	0.20932	-0.00083706	0.00031543
15	15	19.972	19.971	1.3267	1.3267	0.20911	0.20921	-0.00083707	0.00023545
15	15	19.972	19.972	1.3267	1.3267	0.209	0.20911	-0.00083696	0.00035486
15	15	19.973	19.972	1.3267	1.3267	0.20891	0.209	-0.00083709	0.00027392
15	15	19.974	19.973	1.3267	1.3267	0.20881	0.20891	-0.00083698	0.00029245
15	15	19.975	19.974	1.3267	1.3267	0.20872	0.20881	-0.00083699	0.00021032
15	15	19.975	19.975	1.3267	1.3267	0.20862	0.20872	-0.00083689	0.00032757
15	15	19.976	19.975	1.3267	1.3267	0.20853	0.20862	-0.00083701	0.00024462
15	15	19.977	19.976	1.3267	1.3267	0.20845	0.20853	-0.0008369	0.00026115
15	15	19.977	19.977	1.3267	1.3267	0.20836	0.20845	-0.00083691	0.00027715
15	15	19.978	19.977	1.3267	1.3267	0.20828	0.20836	-0.00083692	0.00029271
15	15	19.978	19.978	1.3267	1.3267	0.2082	0.20828	-0.00083693	0.00030799
15	15	19.979	19.978	1.3267	1.3267	0.20812	0.2082	-0.00083694	0.00032296
15	15	19.98	19.979	1.3267	1.3267	0.20805	0.20812	-0.00083694	0.00023765
15	15	19.98	19.98	1.3267	1.3267	0.20797	0.20805	-0.00083684	0.00025172
15	15	19.98	19.98	1.3267	1.3267	0.2079	0.20797	-0.00083685	0.00026528
15	15	19.981	19.98	1.3267	1.3267	0.20783	0.2079	-0.00083685	0.00027854
15	15	19.982	19.981	1.3267	1.3267	0.20776	0.20783	-0.00083686	0.00029151
15	15	19.982	19.982	1.3267	1.3267	0.2077	0.20776	-0.00083687	0.00030419
15	15	19.983	19.982	1.3267	1.3267	0.20763	0.2077	-0.00083687	0.00031672
15	15	19.983	19.983	1.3267	1.3267	0.20757	0.20763	-0.00083688	0.00022881
15	15	19.983	19.983	1.3267	1.3267	0.20751	0.20757	-0.00083677	0.00024044
15	15	19.984	19.983	1.3267	1.3267	0.20745	0.20751	-0.00083678	0.00035155
15	15	19.984	19.984	1.3267	1.3267	0.20739	0.20745	-0.0008369	0.00026283
15	15	19.985	19.984	1.3267	1.3267	0.20733	0.20739	-0.00083679	0.00027372
15	15	19.985	19.985	1.3267	1.3267	0.20728	0.20733	-0.00083679	0.00028424
15	15	19.985	19.985	1.3267	1.3267	0.20722	0.20728	-0.0008368	0.00029447
15	15	19.986	19.985	1.3267	1.3267	0.20717	0.20722	-0.0008368	0.00020441
15	15	19.986	19.986	1.3267	1.3267	0.20712	0.20717	-0.0008367	0.00031403
15	15	19.987	19.986	1.3267	1.3267	0.20707	0.20712	-0.00083682	0.0003233
15	15	19.987	19.987	1.3267	1.3267	0.20702	0.20707	-0.00083682	0.0002328
15	15	19.987	19.987	1.3267	1.3267	0.20698	0.20702	-0.00083671	0.00024168
15	15	19.988	19.987	1.3267	1.3267	0.20693	0.20698	-0.00083672	0.00035019
15	15	19.988	19.988	0.95095	1.3267	0.14857	0.20693	0.14683	0.023093
15.147	15	20.011	19.988	0.78401	0.95095	0.12211	0.14857	0.14744	0.022637
15.239	15.147	20.026	20.011	0.64798	0.78401	0.10039	0.12211	0.14787	0.022046
15.305	15.239	20.037	20.026	0.54783	0.64798	0.084233	0.10039	0.1482	0.021893
15.352	15.305	20.044	20.037	0.47325	0.54783	0.072086	0.084233	0.14829	0.021632
15.383	15.352	20.05	20.044	0.41793	0.47325	0.062998	0.072086	0.14851	0.021559
15.404	15.383	20.054	20.05	0.37703	0.41793	0.056224	0.062998	0.1485	0.021395
15.416	15.404	20.056	20.054	0.3469	0.37703	0.051201	0.056224	0.14852	0.021334
15.422	15.416	20.057	20.056	0.32484	0.3469	0.047502	0.051201	0.14861	0.021347
15.423	15.422	20.058	20.057	0.3088	0.32484	0.044803	0.047502	0.14857	0.021287
15.422	15.423	20.058	20.058	0.29726	0.3088	0.042859	0.044803	0.14853	0.021398
15.418	15.422	20.058	20.058	0.28908	0.29726	0.041484	0.042859	0.1485	0.02131
15.412	15.418	20.057	20.058	0.2834	0.28908	0.040537	0.041484	0.14847	0.021347
15.405	15.412	20.056	20.057	0.27958	0.2834	0.039913	0.040537	0.14846	0.021427
15.397	15.405	20.055	20.056	0.27715	0.27958	0.03953	0.039913	0.14847	0.021463
15.389	15.397	20.054	20.055	0.27575	0.27715	0.039326	0.03953	0.14838	0.021467
15.38	15.389	20.053	20.054	0.2751	0.27575	0.039257	0.039326	0.14832	0.021546
15.371	15.38	20.051	20.053	0.27501	0.2751	0.039287	0.039257	0.14826	0.021506
15.362	15.371	20.05	20.051	0.27532	0.27501	0.03939	0.039287	0.14821	0.021552
15.353	15.362	20.049	20.05	0.27593	0.27532	0.039546	0.03939	0.14821	0.021687
15.344	15.353	20.048	20.049	0.27675	0.27593	0.039739	0.039546	0.14816	0.021614
15.335	15.344	20.046	20.048	0.27771	0.27675	0.039959	0.039739	0.14807	0.021735
15.327	15.335	20.045	20.046	0.27878	0.27771	0.040198	0.039959	0.14807	0.021651
15.318	15.327	20.044	20.045	0.27991	0.27878	0.040447	0.040198	0.14796	0.021763
15.31	15.318	20.043	20.044	0.28109	0.27991	0.040704	0.040447	0.14793	0.021873
15.302	15.31	20.041	20.043	0.28228	0.28109	0.040965	0.040704	0.14791	0.021781
15.293	15.302	20.04	20.041	0.28349	0.28228	0.041226	0.040965	0.14798	0.021887
15.286	15.293	20.039	20.04	0.28469	0.28349	0.041485	0.041226	0.14785	0.021891
15.278	15.286	20.038	20.039	0.28588	0.28469	0.041743	0.041485	0.14772	0.021995
15.271	15.278	20.037	20.038	0.28706	0.28588	0.041996	0.041743	0.14779	0.0219
15.264	15.271	20.036	20.037	0.28822	0.28706	0.042245	0.041996	0.14777	0.022002
15.257	15.264	20.035	20.036	0.28935	0.28822	0.042489	0.042245	0.14765	0.022005
15.25	15.257	20.034	20.035	0.29047	0.28935	0.042728	0.042489	0.14773	0.022107
15.243	15.25	20.033	20.034	0.29156	0.29047	0.042962	0.042728	0.14763	0.022109
15.236	15.243	20.032	20.033	0.29262	0.29156	0.04319	0.042962	0.14752	0.022111
15.23	15.236	20.031	20.032	0.29366	0.29262	0.043412	0.04319	0.14762	0.022113
15.224	15.23	20.03	20.031	0.29467	0.29366	0.043629	0.043412	0.14753	0.022114
15.218	15.224	20.029	20.03	0.29566	0.29467	0.04384	0.043629	0.14744	0.022216
15.212	15.218	20.029	20.029	0.29662	0.29566	0.044045	0.04384	0.14745	0.022218
15.206	15.212	20.028	20.029	0.29756	0.29662	0.044245	0.044045	0.14747	0.022219
15.201	15.206	20.027	20.028	0.29847	0.29756	0.04444	0.044245	0.14739	0.022221
15.195	15.201	20.026	20.027	0.29936	0.29847	0.044629	0.04444	0.14742	0.022322
15.19	15.195	20.026	20.026	0.30022	0.29936	0.044814	0.044629	0.14736	0.022323
15.185	15.19	20.025	20.026	0.30106	0.30022	0.044993	0.044814	0.14729	0.022325
15.18	15.185	20.024	20.025	0.30188	0.30106	0.045167	0.044993	0.14734	0.022326
15.175	15.18	20.023	20.024	0.30268	0.30188	0.045337	0.045167	0.14728	0.022328
15.171	15.175	20.023	20.023	0.30346	0.30268	0.045502	0.045337	0.14723	0.022429
15.166	15.171	20.022	20.023	0.30421	0.30346	0.045662	0.045502	0.14729	0.02243
15.162	15.166	20.022	20.022	0.30495	0.30421	0.045818	0.045662	0.14725	0.022432
15.157	15.162	20.021	20.022	0.30567	0.30495	0.04597	0.045818	0.14711	0.022433
15.153	15.157	20.02	20.021	0.30636	0.30567	0.046118	0.04597	0.14717	0.022434
15.149	15.153	20.02	20.02	0.30704	0.30636	0.046261	0.046118	0.14714	0.022536
15.145	15.149	20.019	20.02	0.3077	0.30704	0.046401	0.046261	0.14722	0.022437
15.141	15.145	20.019	20.019	0.30834	0.3077	0.046537	0.046401	0.14709	0.022538
15.137	15.141	20.018	20.019	0.30897	0.30834	0.046668	0.046537	0.14707	0.022539
15.134	15.137	20.018	20.018	0.30958	0.30897	0.046797	0.046668	0.14705	0.02254
15.13	15.134	20.017	20.018	0.31017	0.30958	0.046922	0.046797	0.14704	0.022542
15.127	15.13	20.017	20.017	0.31075	0.31017	0.047043	0.046922	0.14703	0.022543
15.123	15.127	20.016	20.017	0.31131	0.31075	0.047161	0.047043	0.14702	0.022644
15.12	15.123	20.016	20.016	0.31185	0.31131	0.047276	0.047161	0.14702	0.022545
15.117	15.12	20.015	20.016	0.31238	0.31185	0.047387	0.047276	0.14701	0.022646
15.114	15.117	20.015	20.015	0.3129	0.31238	0.047496	0.047387	0.14701	0.022647
15.111	15.114	20.015	20.015	0.3134	0.3129	0.047601	0.047496	0.14692	0.022648
15.108	15.111	20.014	20.015	0.31389	0.3134	0.047704	0.047601	0.14692	0.02265
15.105	15.108	20.014	20.014	0.31437	0.31389	0.047804	0.047704	0.14693	0.022651
15.102	15.105	20.013	20.014	0.31483	0.31437	0.047901	0.047804	0.14694	0.022652
15.099	15.102	20.013	20.013	0.31529	0.31483	0.047995	0.047901	0.14685	0.022653
15.097	15.099	20.012	20.013	0.31572	0.31529	0.048087	0.047995	0.14687	0.022754
15.094	15.097	20.012	20.012	0.31615	0.31572	0.048176	0.048087	0.14689	0.022755
15.091	15.094	20.012	20.012	0.31657	0.31615	0.048263	0.048176	0.14691	0.022657
15.089	15.091	20.012	20.012	0.31697	0.31657	0.048347	0.048263	0.14683	0.022757
15.087	15.089	20.011	20.012	0.31737	0.31697	0.048429	0.048347	0.14685	0.022758
15.084	15.087	20.011	20.011	0.31775	0.31737	0.048509	0.048429	0.14678	0.022759
15.082	15.084	20.011	20.011	0.31812	0.31775	0.048586	0.048509	0.14681	0.02276
15.08	15.082	20.01	20.011	0.31849	0.31812	0.048662	0.048586	0.14684	0.022761
15.078	15.08	20.01	20.01	0.31884	0.31849	0.048735	0.048662	0.14677	0.022762
15.076	15.078	20.01	20.01	0.31918	0.31884	0.048806	0.048735	0.1468	0.022763
15.074	15.076	20.009	20.01	0.31952	0.31918	0.048876	0.048806	0.14674	0.022864
15.072	15.074	20.009	20.009	0.31984	0.31952	0.048943	0.048876	0.14678	0.022765
15.07	15.072	20.009	20.009	0.32016	0.31984	0.049008	0.048943	0.14672	0.022866
15.068	15.07	20.009	20.009	0.32047	0.32016	0.049072	0.049008	0.14676	0.022767
15.066	15.068	20.008	20.009	0.32077	0.32047	0.049134	0.049072	0.1467	0.022868
15.064	15.066	20.008	20.008	0.32106	0.32077	0.049194	0.049134	0.14674	0.022769
15.062	15.064	20.008	20.008	0.32135	0.32106	0.049253	0.049194	0.14669	0.022869
15.061	15.062	20.008	20.008	0.32162	0.32135	0.04931	0.049253	0.14673	0.02287
15.059	15.061	20.008	20.008	0.32189	0.32162	0.049365	0.04931	0.14668	0.022871
15.058	15.059	20.007	20.008	0.32216	0.32189	0.049419	0.049365	0.14673	0.022872
15.056	15.058	20.007	20.007	0.32241	0.32216	0.049472	0.049419	0.14668	0.022873
15.055	15.056	20.007	20.007	0.32266	0.32241	0.049522	0.049472	0.14663	0.022873
15.053	15.055	20.007	20.007	0.3229	0.32266	0.049572	0.049522	0.14669	0.022874
15.052	15.053	20.006	20.007	0.32314	0.3229	0.04962	0.049572	0.14664	0.022875
15.05	15.052	20.006	20.006	0.32337	0.32314	0.049667	0.04962	0.1467	0.022876
15.049	15.05	20.006	20.006	0.32359	0.32337	0.049712	0.049667	0.14655	0.022976
15.048	15.049	20.006	20.006	0.32381	0.32359	0.049757	0.049712	0.14671	0.022878
15.046	15.048	20.006	20.006	0.32402	0.32381	0.0498	0.049757	0.14657	0.022878
15.045	15.046	20.006	20.006	0.32422	0.32402	0.049842	0.0498	0.14663	0.022979
15.044	15.045	20.006	20.006	0.32442	0.32422	0.049882	0.049842	0.14659	0.022879
15.043	15.044	20.005	20.006	0.32462	0.32442	0.049922	0.049882	0.14666	0.02298
15.042	15.043	20.005	20.005	0.32481	0.32462	0.04996	0.049922	0.14662	0.022881
15.04	15.042	20.005	20.005	0.32499	0.32481	0.049998	0.04996	0.14658	0.022981
15.039	15.04	20.005	20.005	0.32517	0.32499	0.050034	0.049998	0.14655	0.022882
15.038	15.039	20.005	20.005	0.32534	0.32517	0.05007	0.050034	0.14662	0.022983
15.037	15.038	20.005	20.005	0.32551	0.32534	0.050104	0.05007	0.14658	0.022983
15.036	15.037	20.005	20.005	0.32568	0.32551	0.050137	0.050104	0.14655	0.022984
15.035	15.036	20.004	20.005	0.32584	0.32568	0.05017	0.050137	0.14662	0.022885
15.034	15.035	20.004	20.004	0.32599	0.32584	0.050202	0.05017	0.14659	0.022985
15.034	15.034	20.004	20.004	0.32615	0.32599	0.050232	0.050202	0.14656	0.022985
15.033	15.034	20.004	20.004	0.3263	0.32615	0.050262	0.050232	0.14653	0.022986
15.032	15.033	20.004	20.004	0.32644	0.3263	0.050291	0.050262	0.1466	0.022987
15.031	15.032	20.004	20.004	0.32658	0.32644	0.050319	0.050291	0.14648	0.022987
15.03	15.031	20.004	20.004	0.32672	0.32658	0.050347	0.050319	0.14655	0.022988
15.029	15.03	20.004	20.004	0.32685	0.32672	0.050374	0.050347	0.14653	0.022989
15.028	15.029	20.003	20.004	0.32698	0.32685	0.0504	0.050374	0.1466	0.022989
15.028	15.028	20.003	20.003	0.3271	0.32698	0.050425	0.0504	0.14648	0.022989
15.027	15.028	20.003	20.003	0.32723	0.3271	0.050449	0.050425	0.14655	0.02299
15.026	15.027	20.003	20.003	0.32735	0.32723	0.050473	0.050449	0.14653	0.022991
15.025	15.026	20.003	20.003	0.32746	0.32735	0.050496	0.050473	0.14651	0.022991
15.025	15.025	20.003	20.003	0.32758	0.32746	0.050519	0.050496	0.14659	0.022992
15.024	15.025	20.003	20.003	0.32769	0.32758	0.050541	0.050519	0.14647	0.022992
15.024	15.024	20.003	20.003	0.32779	0.32769	0.050562	0.050541	0.14654	0.023092
15.023	15.024	20.003	20.003	0.3279	0.32779	0.050583	0.050562	0.14652	0.022993
15.022	15.023	20.003	20.003	0.328	0.3279	0.050603	0.050583	0.1465	0.022993
15.022	15.022	20.003	20.003	0.3281	0.328	0.050623	0.050603	0.14649	0.022993
15.021	15.022	20.003	20.003	0.32819	0.3281	0.050642	0.050623	0.14647	0.023094
15.021	15.021	20.003	20.003	0.32829	0.32819	0.05066	0.050642	0.14655	0.022995
15.02	15.021	20.002	20.003	0.32838	0.32829	0.050679	0.05066	0.14643	0.022995
15.019	15.02	20.002	20.002	0.32847	0.32838	0.050696	0.050679	0.14651	0.023095
15.019	15.019	20.002	20.002	0.32855	0.32847	0.050713	0.050696	0.1465	0.022996
15.018	15.019	20.002	20.002	0.32864	0.32855	0.05073	0.050713	0.14648	0.022996
15.018	15.018	20.002	20.002	0.32872	0.32864	0.050746	0.05073	0.14647	0.023096
15.017	15.018	20.002	20.002	0.3288	0.32872	0.050762	0.050746	0.14655	0.022997
15.017	15.017	20.002	20.002	0.32887	0.3288	0.050777	0.050762	0.14644	0.023097
15.017	15.017	20.002	20.002	0.32895	0.32887	0.050792	0.050777	0.14652	0.022998
15.016	15.017	20.002	20.002	0.32902	0.32895	0.050806	0.050792	0.14641	0.022998
15.016	15.016	20.002	20.002	0.32909	0.32902	0.05082	0.050806	0.14649	0.023098
15.015	15.016	20.002	20.002	0.32916	0.32909	0.050834	0.05082	0.14648	0.022999
15.015	15.015	20.002	20.002	0.32923	0.32916	0.050847	0.050834	0.14647	0.023099
15.014	15.015	20.002	20.002	0.3293	0.32923	0.05086	0.050847	0.14645	0.022999
15.014	15.014	20.002	20.002	0.32936	0.3293	0.050872	0.05086	0.14654	0.023099
15.014	15.014	20.002	20.002	0.32942	0.32936	0.050884	0.050872	0.14643	0.023099
15.013	15.014	20.002	20.002	0.32948	0.32942	0.050896	0.050884	0.14642	0.023
15.013	15.013	20.002	20.002	0.32954	0.32948	0.050908	0.050896	0.14651	0.023101
15.013	15.013	20.002	20.002	0.3296	0.32954	0.050919	0.050908	0.1465	0.023001
15.012	15.013	20.001	20.002	0.32965	0.3296	0.05093	0.050919	0.14639	0.023101
15.012	15.012	20.001	20.001	0.32971	0.32965	0.05094	0.05093	0.14647	0.023001
15.012	15.012	20.001	20.001	0.32976	0.32971	0.050951	0.05094	0.14646	0.023101
15.011	15.012	20.001	20.001	0.32981	0.32976	0.050961	0.050951	0.14646	0.023102
15.011	15.011	20.001	20.001	0.32986	0.32981	0.05097	0.050961	0.14645	0.023002
15.011	15.011	20.001	20.001	0.32991	0.32986	0.05098	0.05097	0.14644	0.023102
15.01	15.011	20.001	20.001	0.32996	0.32991	0.050989	0.05098	0.14643	0.023102
15.01	15.01	20.001	20.001	0.70498	0.32996	0.11013	0.050989	-0.0008621	-0.00024924
14.863	15.01	19.978	20.001	0.8701	0.70498	0.1382	0.11013	-0.00097116	-4.4774e-05
14.772	14.863	19.963	19.978	1.0042	0.8701	0.1616	0.1382	-0.0010332	1.4069e-05
14.706	14.772	19.951	19.963	1.1025	1.0042	0.17938	0.1616	-0.00097268	1.8916e-05
14.66	14.706	19.943	19.951	1.1754	1.1025	0.19298	0.17938	-0.00098233	0.00014284
14.629	14.66	19.937	19.943	1.2293	1.1754	0.2033	0.19298	-0.00094718	0.00010368
14.609	14.629	19.933	19.937	1.269	1.2293	0.21107	0.2033	-0.00093076	0.00018832
14.598	14.609	19.931	19.933	1.2982	1.269	0.21688	0.21107	-0.00097035	0.00020415
14.592	14.598	19.929	19.931	1.3196	1.2982	0.22116	0.21688	-0.00091777	0.00017894
14.59	14.592	19.929	19.929	1.3351	1.3196	0.22427	0.22116	-0.00097993	0.00025445
14.592	14.59	19.929	19.929	1.3463	1.3351	0.22648	0.22427	-0.00096123	0.00018657
14.596	14.592	19.929	19.929	1.3543	1.3463	0.22799	0.22648	-0.0008893	0.0002396
14.601	14.596	19.93	19.929	1.36	1.3543	0.22898	0.22799	-0.00093235	0.00028562
14.608	14.601	19.931	19.93	1.3638	1.36	0.22956	0.22898	-0.0009155	0.00020406
14.616	14.608	19.933	19.931	1.3664	1.3638	0.22984	0.22956	-0.0009319	0.0002775
14.623	14.616	19.934	19.933	1.3679	1.3664	0.22988	0.22984	-0.00095337	0.00029334
14.632	14.623	19.936	19.934	1.3688	1.3679	0.22976	0.22988	-0.00092966	0.00024195
14.64	14.632	19.938	19.936	1.3692	1.3688	0.22951	0.22976	-0.00089973	0.00021468
14.649	14.64	19.939	19.938	1.3691	1.3692	0.22916	0.22951	-0.00089246	0.00030556
14.658	14.649	19.941	19.939	1.3688	1.3691	0.22875	0.22916	-0.00092932	0.00021053
14.666	14.658	19.942	19.941	1.3683	1.3688	0.22829	0.22875	-0.00092689	0.00022588
14.674	14.666	19.944	19.942	1.3677	1.3683	0.2278	0.22829	-0.00089572	0.00034856
14.683	14.674	19.946	19.944	1.367	1.3677	0.22728	0.2278	-0.00084322	0.00017706
14.691	14.683	19.947	19.946	1.3661	1.367	0.22676	0.22728	-0.00097775	0.00030894
14.699	14.691	19.949	19.947	1.3653	1.3661	0.22622	0.22676	-0.00090464	0.00024416
14.707	14.699	19.95	19.949	1.3644	1.3653	0.22569	0.22622	-0.00082727	0.00028101
14.714	14.707	19.952	19.95	1.3635	1.3644	0.22516	0.22569	-0.00094481	0.00021828
14.722	14.714	19.953	19.952	1.3626	1.3635	0.22464	0.22516	-0.00086455	0.00025655
14.729	14.722	19.955	19.953	1.3618	1.3626	0.22412	0.22464	-0.00098335	0.00029452
14.736	14.729	19.956	19.955	1.3609	1.3618	0.22362	0.22412	-0.00080448	0.00023321
14.743	14.736	19.957	19.956	1.36	1.3609	0.22312	0.22362	-0.00092804	0.00027052
14.75	14.743	19.959	19.957	1.3592	1.36	0.22263	0.22312	-0.00085418	0.00030766
14.756	14.75	19.96	19.959	1.3583	1.3592	0.22216	0.22263	-0.0009837	0.00024413
14.763	14.756	19.961	19.96	1.3575	1.3583	0.2217	0.22216	-0.00081836	0.00028042
14.769	14.763	19.962	19.961	1.3567	1.3575	0.22124	0.2217	-0.00095423	0.00021496
14.775	14.769	19.963	19.962	1.3559	1.3567	0.22081	0.22124	-0.00089539	0.00024925
14.781	14.775	19.965	19.963	1.3552	1.3559	0.22038	0.22081	-0.00084003	0.00028234
14.787	14.781	19.966	19.965	1.3544	1.3552	0.21996	0.22038	-0.00088832	0.00031446
14.792	14.787	19.967	19.966	1.3537	1.3544	0.21955	0.21996	-0.00084106	0.000246
14.798	14.792	19.968	19.967	1.353	1.3537	0.21916	0.21955	-0.00089719	0.00027634
14.803	14.798	19.969	19.968	1.3523	1.353	0.21877	0.21916	-0.00085642	0.00020618
14.808	14.803	19.97	19.969	1.3517	1.3523	0.2184	0.21877	-0.00091903	0.00033465
14.813	14.808	19.971	19.97	1.351	1.3517	0.21803	0.2184	-0.00088634	0.00026308
14.818	14.813	19.971	19.971	1.3504	1.351	0.21768	0.21803	-0.00085691	0.00029053
14.823	14.818	19.972	19.971	1.3497	1.3504	0.21734	0.21768	-0.00092977	0.00021692
14.828	14.823	19.973	19.972	1.3491	1.3497	0.217	0.21734	-0.00080696	0.00024271
14.832	14.828	19.974	19.973	1.3485	1.3491	0.21668	0.217	-0.00088695	0.00026711
14.836	14.832	19.975	19.974	1.348	1.3485	0.21636	0.21668	-0.00087006	0.00029116
14.841	14.836	19.976	19.975	1.3474	1.348	0.21605	0.21636	-0.00085667	0.00021475
14.845	14.841	19.976	19.976	1.3469	1.3474	0.21575	0.21605	-0.00094533	0.00033734
14.849	14.845	19.977	19.976	1.3463	1.3469	0.21546	0.21575	-0.00083867	0.00025989
14.853	14.849	19.978	19.977	1.3458	1.3463	0.21518	0.21546	-0.00083299	0.00028147
14.857	14.853	19.979	19.978	1.3453	1.3458	0.2149	0.21518	-0.00092972	0.00020207
14.861	14.857	19.979	19.979	1.3448	1.3453	0.21463	0.2149	-0.00083079	0.00032237
14.864	14.861	19.98	19.979	1.3444	1.3448	0.21437	0.21463	-0.0009333	0.00024174
14.868	14.864	19.98	19.98	1.3439	1.3444	0.21412	0.21437	-0.00084016	0.00026125
14.871	14.868	19.981	19.98	1.3435	1.3439	0.21388	0.21412	-0.00084688	0.00027951
14.875	14.871	19.982	19.981	1.343	1.3435	0.21364	0.21388	-0.00085736	0.00029731
14.878	14.875	19.982	19.982	1.3426	1.343	0.2134	0.21364	-0.00087001	0.00021471
14.881	14.878	19.983	19.982	1.3422	1.3426	0.21318	0.2134	-0.0008847	0.0003314
14.884	14.881	19.983	19.983	1.3418	1.3422	0.21296	0.21318	-0.00080326	0.00024808
14.887	14.884	19.984	19.983	1.3414	1.3418	0.21274	0.21296	-0.00092145	0.00026372
14.89	14.887	19.984	19.984	1.341	1.3414	0.21254	0.21274	-0.00084434	0.00027923
14.893	14.89	19.985	19.984	1.3406	1.341	0.21233	0.21254	-0.00086698	0.00019415
14.896	14.893	19.985	19.985	1.3402	1.3406	0.21214	0.21233	-0.00089325	0.00030843
14.899	14.896	19.986	19.985	1.3399	1.3402	0.21195	0.21214	-0.00082045	0.0002227
14.901	14.899	19.986	19.986	1.3395	1.3399	0.21176	0.21195	-0.00085024	0.00033607
14.904	14.901	19.987	19.986	1.3392	1.3395	0.21158	0.21176	-0.00088108	0.00024936
14.906	14.904	19.987	19.987	1.3389	1.3392	0.2114	0.21158	-0.00081531	0.00026231
14.909	14.906	19.987	19.987	1.3386	1.3389	0.21123	0.2114	-0.00084953	0.00027452
14.911	14.909	19.988	19.987	1.3382	1.3386	0.21107	0.21123	-0.00088604	0.00028656
14.914	14.911	19.988	19.988	1.3379	1.3382	0.21091	0.21107	-0.00082472	0.0001985
14.916	14.914	19.988	19.988	1.3377	1.3379	0.21075	0.21091	-0.00086462	0.00030946
14.918	14.916	19.989	19.988	1.3374	1.3377	0.2106	0.21075	-0.00090556	0.00032048
14.92	14.918	19.989	19.989	1.3371	1.3374	0.21045	0.2106	-0.00084855	0.00023178
14.922	14.92	19.99	19.989	1.3368	1.3371	0.2103	0.21045	-0.00089277	0.00024209
14.924	14.922	19.99	19.99	1.3365	1.3368	0.21016	0.2103	-0.0008394	0.0002523
14.926	14.924	19.99	19.99	1.3363	1.3365	0.21003	0.21016	-0.00078737	0.00026185
14.928	14.926	19.991	19.99	1.336	1.3363	0.20989	0.21003	-0.00093534	0.00027081
14.93	14.928	19.991	19.991	1.3358	1.336	0.20977	0.20989	-0.00078642	0.00028046
14.932	14.93	19.991	19.991	1.3356	1.3358	0.20964	0.20977	-0.00083641	0.00028909
14.934	14.932	19.991	19.991	1.3353	1.3356	0.20952	0.20964	-0.00088884	0.00029778
14.936	14.934	19.992	19.991	1.3351	1.3353	0.2094	0.20952	-0.00084342	0.00020637
14.937	14.936	19.992	19.992	1.3349	1.3351	0.20928	0.2094	-0.00089923	0.00031441
14.939	14.937	19.992	19.992	1.3347	1.3349	0.20917	0.20928	-0.00085608	0.00022253
14.941	14.939	19.992	19.992	1.3344	1.3347	0.20906	0.20917	-0.00081257	0.00033018
14.942	14.941	19.993	19.992	1.3342	1.3344	0.20896	0.20906	-0.00087077	0.00023748
14.944	14.942	19.993	19.993	1.334	1.3342	0.20885	0.20896	-0.00083103	0.00024481
14.945	14.944	19.993	19.993	1.3339	1.334	0.20875	0.20885	-0.00079127	0.00035155
14.947	14.945	19.993	19.993	1.3337	1.3339	0.20866	0.20875	-0.0008531	0.00025831
14.948	14.947	19.994	19.993	1.3335	1.3337	0.20856	0.20866	-0.00091552	0.00026496
14.949	14.948	19.994	19.994	1.3333	1.3335	0.20847	0.20856	-0.00078021	0.00027171
14.951	14.949	19.994	19.994	1.3331	1.3333	0.20838	0.20847	-0.00084396	0.00027753
14.952	14.951	19.994	19.994	1.333	1.3331	0.20829	0.20838	-0.00091013	0.00018341
14.953	14.952	19.994	19.994	1.3328	1.333	0.20821	0.20829	-0.00087687	0.00028931
14.954	14.953	19.994	19.994	1.3326	1.3328	0.20813	0.20821	-0.00084518	0.00029507
14.956	14.954	19.995	19.994	1.3325	1.3326	0.20805	0.20813	-0.00081337	0.00030062
14.957	14.956	19.995	19.995	1.3323	1.3325	0.20797	0.20805	-0.00088157	0.00020588
14.958	14.957	19.995	19.995	1.3322	1.3323	0.20789	0.20797	-0.00085193	0.00031108
14.959	14.958	19.995	19.995	1.332	1.3322	0.20782	0.20789	-0.00082241	0.00031616
14.96	14.959	19.995	19.995	1.3319	1.332	0.20775	0.20782	-0.00079423	0.00022102
14.961	14.96	19.995	19.995	1.3318	1.3319	0.20768	0.20775	-0.00086595	0.00022541
14.962	14.961	19.996	19.995	1.3316	1.3318	0.20761	0.20768	-0.0008386	0.00032971
14.963	14.962	19.996	19.996	1.3315	1.3316	0.20754	0.20761	-0.0008127	0.00023424
14.964	14.963	19.996	19.996	1.3314	1.3315	0.20748	0.20754	-0.00088657	0.00033839
14.965	14.964	19.996	19.996	1.3313	1.3314	0.20742	0.20748	-0.00086149	0.00024275
14.966	14.965	19.996	19.996	1.3311	1.3313	0.20736	0.20742	-0.00083752	0.00024709
14.967	14.966	19.996	19.996	1.331	1.3311	0.2073	0.20736	-0.00081367	0.00025076
14.968	14.967	19.996	19.996	1.3309	1.331	0.20724	0.2073	-0.00089129	0.00025428
14.969	14.968	19.997	19.996	1.3308	1.3309	0.20719	0.20724	-0.00086825	0.00035808
14.969	14.969	19.997	19.997	1.3307	1.3308	0.20713	0.20719	-0.00084668	0.00026197
14.97	14.969	19.997	19.997	1.3306	1.3307	0.20708	0.20713	-0.00082634	0.00026562
14.971	14.97	19.997	19.997	1.3305	1.3306	0.20703	0.20708	-0.00080465	0.00026889
14.972	14.971	19.997	19.997	1.3304	1.3305	0.20698	0.20703	-0.00088443	0.00027187
14.973	14.972	19.997	19.997	1.3303	1.3304	0.20693	0.20698	-0.00076502	0.00027513
14.973	14.973	19.997	19.997	1.3302	1.3303	0.20688	0.20693	-0.00084468	0.00027788
14.974	14.973	19.997	19.997	1.3301	1.3302	0.20684	0.20688	-0.00092675	0.00018084
14.975	14.974	19.997	19.997	1.33	1.3301	0.20679	0.20684	-0.00080939	0.00028382
14.975	14.975	19.997	19.997	1.3299	1.33	0.20675	0.20679	-0.00079131	0.00028639
14.976	14.975	19.997	19.997	1.3298	1.3299	0.20671	0.20675	-0.00087325	0.00028883
14.977	14.976	19.998	19.997	1.3298	1.3298	0.20667	0.20671	-0.00085748	0.00029169
14.977	14.977	19.998	19.998	1.3297	1.3298	0.20663	0.20667	-0.00084158	0.00029432
14.978	14.977	19.998	19.998	1.3296	1.3297	0.20659	0.20663	-0.00082568	0.00019695
14.978	14.978	19.998	19.998	1.3295	1.3296	0.20655	0.20659	-0.00080966	0.00029897
14.979	14.978	19.998	19.998	1.3295	1.3295	0.20652	0.20655	-0.00089388	0.00030108
14.979	14.979	19.998	19.998	1.3294	1.3295	0.20648	0.20652	-0.00088027	0.00020369
14.98	14.979	19.998	19.998	1.3293	1.3294	0.20645	0.20648	-0.00076641	0.00030604
14.981	14.98	19.998	19.998	1.3293	1.3293	0.20641	0.20645	-0.00085197	0.00030763
14.981	14.981	19.998	19.998	1.3292	1.3293	0.20638	0.20641	-0.00083835	0.00020995
14.982	14.981	19.998	19.998	1.3291	1.3292	0.20635	0.20638	-0.0008245	0.00031172
14.982	14.982	19.998	19.998	1.3291	1.3291	0.20632	0.20635	-0.00091234	0.00021358
14.982	14.982	19.998	19.998	1.329	1.3291	0.20629	0.20632	-0.0007993	0.00031562
14.983	14.982	19.998	19.998	1.3289	1.329	0.20626	0.20629	-0.00088702	0.00031726
14.983	14.983	19.998	19.998	1.3289	1.3289	0.20623	0.20626	-0.00077557	0.00021947
14.984	14.983	19.998	19.998	1.3288	1.3289	0.2062	0.20623	-0.00086453	0.00032086
14.984	14.984	19.999	19.998	1.3288	1.3288	0.20618	0.2062	-0.00085319	0.00022256
14.985	14.984	19.999	19.999	1.3287	1.3288	0.20615	0.20618	-0.00084149	0.00032422
14.985	14.985	19.999	19.999	1.3287	1.3287	0.20613	0.20615	-0.0008315	0.00022583
14.986	14.985	19.999	19.999	1.3286	1.3287	0.2061	0.20613	-0.00082127	0.0002272
14.986	14.986	19.999	19.999	1.3286	1.3286	0.20608	0.2061	-0.00081116	0.00032835
14.986	14.986	19.999	19.999	1.3285	1.3286	0.20605	0.20608	-0.00090117	0.00022967
14.987	14.986	19.999	19.999	1.3285	1.3285	0.20603	0.20605	-0.00079176	0.00033131
14.987	14.987	19.999	19.999	1.3284	1.3285	0.20601	0.20603	-0.00088164	0.00023241
14.987	14.987	19.999	19.999	1.3284	1.3284	0.20599	0.20601	-0.0008737	0.0002339
14.988	14.987	19.999	19.999	1.3283	1.3284	0.20597	0.20599	-0.00076428	0.00033524
14.988	14.988	19.999	19.999	1.3283	1.3283	0.20595	0.20597	-0.00085563	0.00023604
14.988	14.988	19.999	19.999	1.3282	1.3283	0.20593	0.20595	-0.00084769	0.00023724
14.989	14.988	19.999	19.999	1.3282	1.3282	0.20591	0.20593	-0.00083826	0.00033829
14.989	14.989	19.999	19.999	1.3282	1.3282	0.20589	0.20591	-0.00083043	0.0002395
