0	15	20	3	3	30	40	0	0	7.5	10
0.1	14.5766	19.5557	3	3	29.1532	39.1114	0	0	-0.211706	-0.222142
0.2	14.172	19.1123	3	3	28.3439	38.2246	0	0	-0.202315	-0.221713
0.3	13.7786	18.6697	3	3	27.5573	37.3394	0	0	-0.196656	-0.221302
0.4	13.3943	18.2279	3	3	26.7887	36.4558	0	0	-0.192158	-0.220898
0.5	13.0177	17.7869	3	3	26.0353	35.5738	0	0	-0.188331	-0.220499
0.6	12.6478	17.3467	3	3	25.2955	34.6934	0	0	-0.184958	-0.220104
0.7	12.2839	16.9073	3	3	24.5678	33.8145	0	0	-0.181916	-0.219712
0.8	11.9257	16.4686	3	3	23.8513	32.9372	0	0	-0.179132	-0.219323
0.9	11.5725	16.0307	3	3	23.1451	32.0615	0	0	-0.176555	-0.218937
1	11.2242	15.5936	3	3	22.4485	31.1873	0	0	-0.174148	-0.218554
1.1	10.8805	15.1573	3	3	21.761	30.3146	0	0	-0.171886	-0.218174
1.2	10.541	14.7217	3	3	21.082	29.4434	0	0	-0.169749	-0.217795
1.3	10.2055	14.2869	3	3	20.4111	28.5737	0	0	-0.167719	-0.217419
1.4	9.87397	13.8528	3	3	19.7479	27.7055	0	0	-0.165785	-0.217045
1.5	9.5461	13.4194	3	3	19.0922	26.8388	0	0	-0.163936	-0.216673
1.6	9.22177	12.9868	3	3	18.4435	25.9736	0	0	-0.162163	-0.216303
1.7	8.90085	12.5549	3	3	17.8017	25.1099	0	0	-0.160459	-0.215934
1.8	8.58321	12.1238	3	3	17.1664	24.2476	0	0	-0.158818	-0.215568
1.9	8.26875	11.6934	3	3	16.5375	23.3868	0	0	-0.157234	-0.215203
2	7.95734	11.2637	3	3	15.9147	22.5274	0	0	-0.155703	-0.21484
2.1	7.6489	10.8348	3	3	15.2978	21.6695	0	0	-0.15422	-0.214479
2.2	7.34333	10.4065	3	3	14.6867	20.8131	0	0	-0.152783	-0.214119
2.3	7.04056	9.979	3	3	14.0811	19.958	0	0	-0.151387	-0.213761
2.4	6.7405	9.5522	3	3	13.481	19.1044	0	0	-0.150031	-0.213404
2.5	6.44307	9.1261	3	3	12.8861	18.2522	0	0	-0.148712	-0.213049
2.6	6.14822	8.70071	3	3	12.2964	17.4014	0	0	-0.147426	-0.212695
2.7	5.85587	8.27602	3	3	11.7117	16.552	0	0	-0.146174	-0.212343
2.8	5.56597	7.85204	3	3	11.1319	15.7041	0	0	-0.144952	-0.211991
2.9	5.27845	7.42876	3	3	10.5569	14.8575	0	0	-0.143758	-0.211642
3	4.99327	7.00617	3	3	9.98653	14.0123	0	0	-0.142593	-0.211293
3.1	4.71036	6.58428	3	3	9.42072	13.1686	0	0	-0.141453	-0.210946
3.2	4.42969	6.16308	3	3	8.85937	12.3262	0	0	-0.140338	-0.2106
3.3	4.15119	5.74257	3	3	8.30239	11.4851	0	0	-0.139246	-0.210256
3.4	3.87484	5.32274	3	3	7.74968	10.6455	0	0	-0.138177	-0.209912
3.5	3.60058	4.9036	3	3	7.20116	9.8072	0	0	-0.137129	-0.20957
3.6	3.32838	4.48514	3	3	6.65675	8.97028	0	0	-0.136102	-0.209229
3.7	3.05819	4.06736	3	3	6.11638	8.13472	0	0	-0.135094	-0.208889
3.8	2.78998	3.65026	3	3	5.57996	7.30052	0	0	-0.134105	-0.208551
3.9	2.52371	3.23383	3	3	5.04742	6.46767	0	0	-0.133135	-0.208213
4	2.25935	2.81808	3	3	4.51869	5.63616	0	0	-0.132181	-0.207877
4.1	1.99686	2.403	3	3	3.99371	4.806	0	0	-0.131244	-0.207541
4.2	1.73621	1.98858	3	3	3.47242	3.97717	0	0	-0.130324	-0.207207
4.3	1.47737	1.57484	2.8992	2.9428	2.95475	3.14967	0.0738687	0	-0.129418	-0.206874
4.4	1.23521	1.17026	2.48496	2.19674	2.47041	2.34051	0.135629	0.0585128	-0.121083	-0.20229
4.5	1.05588	0.876856	2.21052	1.70937	2.11176	1.75371	0.188423	0.102356	-0.0896635	-0.1467
4.6	0.918307	0.656107	2.00217	1.337	1.83661	1.31221	0.234338	0.135161	-0.0687865	-0.110374
4.7	0.812439	0.49084	1.8469	1.05875	1.62488	0.98168	0.27496	0.159703	-0.052934	-0.0826336
4.8	0.730217	0.367011	1.73079	0.850162	1.46043	0.734023	0.311471	0.178054	-0.0411109	-0.0619144
4.9	0.665698	0.274226	1.64389	0.693824	1.3314	0.548452	0.344756	0.191765	-0.0322597	-0.0463926
5	0.614447	0.204688	1.57875	0.576607	1.22889	0.409377	0.375478	0.201999	-0.0256255	-0.0347688
5.1	0.573161	0.152562	1.52982	0.488687	1.14632	0.305123	0.404136	0.209627	-0.0206428	-0.0260634
5.2	0.539379	0.113475	1.49297	0.422708	1.07876	0.22695	0.431105	0.215301	-0.0168913	-0.0195433
5.3	0.511264	0.0841557	1.46514	0.373161	1.02253	0.168311	0.456669	0.219509	-0.0140575	-0.0146596
5.4	0.487447	0.0621529	1.44403	0.335921	0.974894	0.124306	0.481041	0.222617	-0.0119083	-0.0110014
5.5	0.466907	0.0456314	1.42793	0.3079	0.933815	0.0912628	0.504386	0.224898	-0.0102698	-0.00826078
5.6	0.448882	0.0332168	1.41558	0.286785	0.897764	0.0664336	0.52683	0.226559	-0.00901283	-0.00620729
5.7	0.4328	0.0238801	1.40603	0.270845	0.8656	0.0477601	0.54847	0.227753	-0.00804083	-0.00466837
5.8	0.418236	0.0168505	1.39857	0.258782	0.836472	0.0337011	0.569382	0.228595	-0.00728205	-0.00351476
5.9	0.40487	0.0115511	1.39268	0.249626	0.80974	0.0231022	0.589626	0.229173	-0.00668296	-0.00264972
6	0.392463	0.00754955	1.38797	0.242649	0.784925	0.0150991	0.609249	0.229551	-0.00620371	-0.00200078
6.1	0.380834	0.00452218	1.38414	0.237307	0.761667	0.00904436	0.62829	0.229777	-0.00581456	-0.00151368
6.2	0.369847	0.00222654	1.38098	0.233193	0.739694	0.00445309	0.646783	0.229888	-0.00549338	-0.00114782
6.3	0.3594	0.000481023	1.37833	0.230001	0.718799	0.000962047	0.664753	0.229912	-0.00522364	-0.000872761
6.4	0.349414	-0.000850451	1.37606	0.227503	0.698827	-0.0017009	0.682223	0.229869	-0.004993	-0.000665737
6.5	0.339829	-0.00186984	1.37408	0.225527	0.679658	-0.00373968	0.699215	0.229776	-0.00479228	-0.000509695
6.6	0.3306	-0.00265357	1.37233	0.223944	0.6612	-0.00530715	0.715745	0.229643	-0.00461458	-0.000391866
6.7	0.32169	-0.00325895	1.37075	0.22266	0.64338	-0.0065179	0.731829	0.22948	-0.00445479	-0.000302689
6.8	0.313072	-0.00372896	1.36932	0.221601	0.626144	-0.00745792	0.747483	0.229294	-0.00430905	-0.000235004
6.9	0.304723	-0.00409586	1.36799	0.220714	0.609446	-0.00819172	0.762719	0.229089	-0.00417447	-0.00018345
7	0.296625	-0.00438388	1.36675	0.219958	0.593251	-0.00876776	0.77755	0.22887	-0.00404889	-0.000144012
7.1	0.288764	-0.00461125	1.36559	0.219303	0.577528	-0.0092225	0.791989	0.228639	-0.00393068	-0.000113683
7.2	0.281127	-0.00479167	1.36448	0.218726	0.562254	-0.00958334	0.806045	0.2284	-0.0038186	-9.02108e-05
7.3	0.273703	-0.00493548	1.36343	0.21821	0.547407	-0.00987097	0.81973	0.228153	-0.00371172	-7.19073e-05
7.4	0.266485	-0.0050505	1.36241	0.217742	0.532969	-0.010101	0.833054	0.2279	-0.00360934	-5.75079e-05
7.5	0.259463	-0.00514263	1.36144	0.217312	0.518926	-0.0102853	0.846028	0.227643	-0.00351089	-4.60648e-05
7.6	0.252631	-0.00521636	1.36051	0.216913	0.505262	-0.0104327	0.858659	0.227383	-0.00341596	-3.6867e-05
7.7	0.245983	-0.00527513	1.3596	0.216539	0.491965	-0.0105503	0.870958	0.227119	-0.00332421	-2.93811e-05
7.8	0.239512	-0.00532154	1.35872	0.216186	0.479024	-0.0106431	0.882934	0.226853	-0.0032354	-2.32068e-05
7.9	0.233213	-0.00535763	1.35787	0.215852	0.466426	-0.0107153	0.894594	0.226585	-0.0031493	-1.80431e-05
8	0.227082	-0.00538495	1.35705	0.215532	0.454163	-0.0107699	0.905949	0.226316	-0.00306575	-1.36636e-05
8.1	0.221113	-0.00540475	1.35624	0.215226	0.442225	-0.0108095	0.917004	0.226045	-0.0029846	-9.89801e-06
8.2	0.215301	-0.00541798	1.35547	0.214932	0.430602	-0.010836	0.927769	0.225774	-0.00290574	-6.61748e-06
8.3	0.209643	-0.00542543	1.35471	0.214649	0.419286	-0.0108509	0.938251	0.225503	-0.00282908	-3.72472e-06
8.4	0.204134	-0.00542773	1.35397	0.214375	0.408268	-0.0108555	0.948458	0.225232	-0.00275451	-1.14591e-06
8.5	0.19877	-0.00542538	1.35325	0.214111	0.39754	-0.0108508	0.958397	0.22496	-0.00268197	1.17517e-06
8.6	0.193547	-0.00541881	1.35256	0.213855	0.387094	-0.0108376	0.968074	0.22469	-0.00261138	3.2815e-06
8.7	0.188462	-0.0054084	1.35188	0.213608	0.376924	-0.0108168	0.977497	0.224419	-0.00254268	5.20614e-06
8.8	0.18351	-0.00539445	1.35122	0.213367	0.36702	-0.0107889	0.986672	0.224149	-0.00247582	6.97468e-06
8.9	0.178689	-0.00537724	1.35057	0.213135	0.357377	-0.0107545	0.995607	0.223881	-0.00241073	8.60709e-06
9	0.173994	-0.005357	1.34995	0.212909	0.347988	-0.010714	1.00431	0.223613	-0.00234736	1.01191e-05
9.1	0.169423	-0.00533395	1.34934	0.21269	0.338845	-0.0106679	1.01278	0.223346	-0.00228567	1.15233e-05
9.2	0.164971	-0.00530829	1.34874	0.212477	0.329943	-0.0106166	1.02103	0.223081	-0.0022256	1.28298e-05
9.3	0.160637	-0.0052802	1.34817	0.21227	0.321274	-0.0105604	1.02906	0.222817	-0.00216712	1.40469e-05
9.4	0.156417	-0.00524983	1.3476	0.21207	0.312834	-0.0104997	1.03688	0.222554	-0.00211018	1.51815e-05
9.5	0.152307	-0.00521736	1.34705	0.211875	0.304615	-0.0104347	1.04449	0.222293	-0.00205474	1.62394e-05
9.6	0.148306	-0.0051829	1.34652	0.211685	0.296612	-0.0103658	1.05191	0.222034	-0.00200076	1.72256e-05
9.7	0.144409	-0.00514662	1.346	0.211502	0.288819	-0.0102932	1.05913	0.221777	-0.0019482	1.81444e-05
9.8	0.140615	-0.00510862	1.34549	0.211323	0.281231	-0.0102172	1.06616	0.221521	-0.00189702	1.89997e-05
9.9	0.136921	-0.00506903	1.345	0.21115	0.273842	-0.0101381	1.07301	0.221268	-0.00184718	1.97949e-05
10	0.133324	-0.00502796	1.34452	0.210981	0.266647	-0.0100559	1.07967	0.221016	-0.00179865	2.05332e-05
10.1	0.129821	-0.00498553	1.34405	0.210817	0.259642	-0.00997105	1.08616	0.220767	-0.0017514	2.12174e-05
10.2	0.12641	-0.00494183	1.3436	0.210658	0.25282	-0.00988365	1.09248	0.22052	-0.00170539	2.18501e-05
10.3	0.123089	-0.00489696	1.34316	0.210504	0.246178	-0.00979392	1.09864	0.220275	-0.00166059	2.24339e-05
10.4	0.119855	-0.00485102	1.34272	0.210354	0.23971	-0.00970203	1.10463	0.220033	-0.00161697	2.29711e-05
10.5	0.116706	-0.00480409	1.3423	0.210208	0.233412	-0.00960818	1.11047	0.219792	-0.00157449	2.34638e-05
10.6	0.11364	-0.00475626	1.3419	0.210066	0.22728	-0.00951252	1.11615	0.219555	-0.00153313	2.39141e-05
10.7	0.110654	-0.00470761	1.3415	0.209928	0.221308	-0.00941522	1.12168	0.219319	-0.00149285	2.43241e-05
10.8	0.107747	-0.00465822	1.34111	0.209795	0.215494	-0.00931644	1.12707	0.219086	-0.00145363	2.46955e-05
10.9	0.104916	-0.00460816	1.34073	0.209665	0.209832	-0.00921632	1.13232	0.218856	-0.00141544	2.50302e-05
11	0.102159	-0.0045575	1.34036	0.209538	0.204319	-0.009115	1.13742	0.218628	-0.00137826	2.53299e-05
11.1	0.0994753	-0.00450631	1.34001	0.209416	0.198951	-0.00901262	1.1424	0.218403	-0.00134205	2.55963e-05
11.2	0.0968617	-0.00445465	1.33966	0.209297	0.193723	-0.00890929	1.14724	0.21818	-0.00130679	2.58308e-05
11.3	0.0943168	-0.00440258	1.33932	0.209181	0.188634	-0.00880515	1.15196	0.21796	-0.00127246	2.60351e-05
11.4	0.0918387	-0.00435015	1.33899	0.209068	0.183677	-0.00870031	1.15655	0.217742	-0.00123903	2.62105e-05
11.5	0.0894258	-0.00429744	1.33866	0.208959	0.178852	-0.00859488	1.16102	0.217528	-0.00120648	2.63585e-05
11.6	0.0870762	-0.00424448	1.33835	0.208853	0.174152	-0.00848895	1.16537	0.217315	-0.00117478	2.64804e-05
11.7	0.0847884	-0.00419132	1.33804	0.20875	0.169577	-0.00838264	1.16961	0.217106	-0.00114392	2.65775e-05
11.8	0.0825606	-0.00413802	1.33775	0.208649	0.165121	-0.00827604	1.17374	0.216899	-0.00111387	2.6651e-05
11.9	0.0803914	-0.00408462	1.33746	0.208552	0.160783	-0.00816923	1.17776	0.216695	-0.0010846	2.6702e-05
12	0.0782792	-0.00403115	1.33718	0.208457	0.156558	-0.0080623	1.18167	0.216493	-0.00105611	2.67318e-05
12.1	0.0762225	-0.00397767	1.3369	0.208366	0.152445	-0.00795534	1.18548	0.216294	-0.00102836	2.67415e-05
12.2	0.0742198	-0.00392421	1.33663	0.208276	0.14844	-0.00784841	1.1892	0.216098	-0.00100135	2.6732e-05
12.3	0.0722697	-0.0038708	1.33637	0.20819	0.144539	-0.00774159	1.19281	0.215904	-0.000975037	2.67044e-05
12.4	0.0703709	-0.00381748	1.33612	0.208105	0.140742	-0.00763496	1.19633	0.215714	-0.000949421	2.66596e-05
12.5	0.0685219	-0.00376428	1.33587	0.208023	0.137044	-0.00752856	1.19975	0.215525	-0.000924477	2.65986e-05
12.6	0.0667215	-0.00371124	1.33563	0.207944	0.133443	-0.00742247	1.20309	0.21534	-0.000900188	2.65222e-05
12.7	0.0649685	-0.00365837	1.3354	0.207867	0.129937	-0.00731675	1.20634	0.215157	-0.000876538	2.64314e-05
12.8	0.0632615	-0.00360572	1.33517	0.207791	0.126523	-0.00721144	1.2095	0.214977	-0.000853509	2.63269e-05
12.9	0.0615993	-0.0035533	1.33495	0.207719	0.123199	-0.0071066	1.21258	0.214799	-0.000831084	2.62095e-05
13	0.0599808	-0.00350114	1.33473	0.207648	0.119962	-0.00700228	1.21558	0.214624	-0.000809249	2.608e-05
13.1	0.0584048	-0.00344926	1.33452	0.207579	0.11681	-0.00689852	1.2185	0.214451	-0.000787988	2.59391e-05
13.2	0.0568702	-0.00339769	1.33432	0.207512	0.11374	-0.00679538	1.22134	0.214282	-0.000767285	2.57874e-05
13.3	0.055376	-0.00334644	1.33412	0.207447	0.110752	-0.00669287	1.22411	0.214114	-0.000747126	2.56258e-05
13.4	0.053921	-0.00329553	1.33392	0.207384	0.107842	-0.00659105	1.22681	0.213949	-0.000727496	2.54547e-05
13.5	0.0525042	-0.00324498	1.33373	0.207322	0.105008	-0.00648995	1.22943	0.213787	-0.000708382	2.52748e-05
13.6	0.0511247	-0.0031948	1.33355	0.207263	0.102249	-0.00638961	1.23199	0.213627	-0.000689771	2.50867e-05
13.7	0.0497814	-0.00314502	1.33337	0.207205	0.0995628	-0.00629004	1.23448	0.21347	-0.000671648	2.4891e-05
13.8	0.0484734	-0.00309565	1.3332	0.207149	0.0969468	-0.00619129	1.2369	0.213315	-0.000654001	2.46881e-05
13.9	0.0471998	-0.00304669	1.33303	0.207094	0.0943995	-0.00609338	1.23926	0.213163	-0.000636818	2.44787e-05
14	0.0459596	-0.00299816	1.33286	0.207041	0.0919192	-0.00599632	1.24156	0.213013	-0.000620086	2.42631e-05
14.1	0.044752	-0.00295008	1.3327	0.20699	0.089504	-0.00590016	1.2438	0.212866	-0.000603794	2.40419e-05
14.2	0.0435761	-0.00290245	1.33254	0.206939	0.0871523	-0.00580489	1.24598	0.212721	-0.00058793	2.38154e-05
14.3	0.0424312	-0.00285528	1.33239	0.206891	0.0848623	-0.00571056	1.2481	0.212578	-0.000572483	2.35843e-05
14.4	0.0413163	-0.00280858	1.33224	0.206844	0.0826326	-0.00561716	1.25017	0.212437	-0.000557442	2.33487e-05
14.5	0.0402307	-0.00276236	1.3321	0.206798	0.0804614	-0.00552473	1.25218	0.212299	-0.000542795	2.31092e-05
14.6	0.0391736	-0.00271663	1.33195	0.206753	0.0783473	-0.00543326	1.25414	0.212163	-0.000528534	2.28661e-05
14.7	0.0381443	-0.00267139	1.33182	0.20671	0.0762887	-0.00534278	1.25604	0.21203	-0.000514647	2.26197e-05
14.8	0.0371421	-0.00262665	1.33168	0.206668	0.0742842	-0.0052533	1.2579	0.211898	-0.000501125	2.23704e-05
14.9	0.0361662	-0.00258241	1.33155	0.206627	0.0723323	-0.00516483	1.25971	0.211769	-0.000487958	2.21186e-05
15	15	-0.00253868	3	0.206587	30	-0.00507737	1.25971	0.211642	7.48192	2.18645e-05
15.1	15	-0.00330142	3	0.204493	30	-0.00660283	1.25971	0.211477	0	-0.000381366
15.2	15	-0.00535109	3	0.199483	30	-0.0107022	1.25971	0.21121	0	-0.00102484
15.3	15	-0.00822633	3	0.192908	30	-0.0164527	1.25971	0.210798	0	-0.00143762
15.4	15	-0.0116689	3	0.185156	30	-0.0233378	1.25971	0.210215	0	-0.00172129
15.5	15	-0.0154799	3	0.176576	30	-0.0309597	1.25971	0.209441	0	-0.00190548
15.6	15	-0.0195137	3	0.167421	30	-0.0390274	1.25971	0.208465	0	-0.00201691
15.7	15	-0.0236637	3	0.15788	30	-0.0473274	1.25971	0.207282	0	-0.00207501
15.8	15	-0.0278522	3	0.148091	30	-0.0557044	1.25971	0.20589	0	-0.00209425
15.9	15	-0.032023	3	0.138157	30	-0.0640461	1.25971	0.204288	0	-0.00208541
16	15	-0.036136	3	0.128153	30	-0.0722719	1.25971	0.202482	0	-0.00205646
16.1	15	-0.0401627	3	0.118135	30	-0.0803253	1.25971	0.200473	0	-0.00201335
16.2	15	-0.0440836	3	0.108142	30	-0.0881671	1.25971	0.198269	0	-0.00196045
16.3	15	-0.0478856	3	0.0982029	30	-0.0957712	1.25971	0.195875	0	-0.00190101
16.4	15	-0.0515604	3	0.0883388	30	-0.103121	1.25971	0.193297	0	-0.00183742
16.5	15	-0.0551033	3	0.0785639	30	-0.110207	1.25971	0.190542	0	-0.00177142
16.6	15	-0.0585119	3	0.0688882	30	-0.117024	1.25971	0.187616	0	-0.00170431
16.7	15	-0.0617859	3	0.0593182	30	-0.123572	1.25971	0.184527	0	-0.00163701
16.8	15	-0.0649263	3	0.0498579	30	-0.129853	1.25971	0.181281	0	-0.0015702
16.9	15	-0.067935	3	0.0405096	30	-0.13587	1.25971	0.177884	0	-0.00150435
17	15	-0.0708146	3	0.0312743	30	-0.141629	1.25971	0.174343	0	-0.00143979
17.1	15	-0.0735681	3	0.0221519	30	-0.147136	1.25971	0.170665	0	-0.00137676
17.2	15	-0.0761989	3	0.0131417	30	-0.152398	1.25971	0.166855	0	-0.0013154
17.3	15	-0.0787105	3	0.00424252	30	-0.157421	1.25971	0.162919	0	-0.00125581
17.4	15	-0.0811065	3	-0.00454716	30	-0.162213	1.25971	0.158864	0	-0.00119803
17.5	15	-0.0833907	3	-0.0132291	30	-0.166781	1.25971	0.154694	0	-0.00114209
17.6	15	-0.0855667	3	-0.0218053	30	-0.171133	1.25971	0.150416	0	-0.00108798
17.7	15	-0.0876381	3	-0.0302777	30	-0.175276	1.25971	0.146034	0	-0.00103569
17.8	15	-0.0896085	3	-0.0386483	30	-0.179217	1.25971	0.141554	0	-0.000985189
17.9	15	-0.0914813	3	-0.0469194	30	-0.182963	1.25971	0.13698	0	-0.000936433
18	15	-0.0932601	3	-0.0550929	30	-0.18652	1.25971	0.132317	0	-0.000889384
18.1	15	-0.0949481	3	-0.0631709	30	-0.189896	1.25971	0.127569	0	-0.000843995
18.2	15	-0.0965485	3	-0.0711554	30	-0.193097	1.25971	0.122742	0	-0.000800219
18.3	15	-0.0980645	3	-0.0790484	30	-0.196129	1.25971	0.117839	0	-0.000758007
18.4	15	-0.0994992	3	-0.0868519	30	-0.198998	1.25971	0.112864	0	-0.000717311
18.5	15	-0.100855	3	-0.0945678	30	-0.201711	1.25971	0.107821	0	-0.000678081
18.6	15	-0.102136	3	-0.102198	30	-0.204272	1.25971	0.102714	0	-0.00064027
18.7	15	-0.103344	3	-0.109744	30	-0.206687	1.25971	0.0975469	0	-0.000603831
18.8	15	-0.104481	3	-0.117208	30	-0.208962	1.25971	0.0923229	0	-0.000568718
18.9	15	-0.105551	3	-0.124591	30	-0.211101	1.25971	0.0870454	0	-0.000534886
19	15	-0.106555	3	-0.131895	30	-0.213111	1.25971	0.0817176	0	-0.000502292
19.1	15	-0.107497	3	-0.139122	30	-0.214994	1.25971	0.0763427	0	-0.000470893
19.2	15	-0.108378	3	-0.146274	30	-0.216757	1.25971	0.0709238	0	-0.000440649
19.3	15	-0.109201	3	-0.153351	30	-0.218403	1.25971	0.0654637	0	-0.00041152
19.4	15	-0.109968	3	-0.160355	30	-0.219937	1.25971	0.0599653	0	-0.000383468
19.5	15	-0.110681	3	-0.167288	30	-0.221363	1.25971	0.0544313	0	-0.000356457
19.6	15	-0.111342	3	-0.174151	30	-0.222684	1.25971	0.0488642	0	-0.00033045
19.7	15	-0.111953	3	-0.180945	30	-0.223906	1.25971	0.0432665	0	-0.000305413
19.8	15	-0.112516	3	-0.187672	30	-0.225031	1.25971	0.0376407	0	-0.000281313
19.9	15	-0.113032	3	-0.194333	30	-0.226064	1.25971	0.0319891	0	-0.000258118
20	15	-0.113503	3	-0.200929	30	-0.227007	1.25971	0.026314	0	-0.000235797
20.1	15	-0.113932	3	-0.207461	30	-0.227864	1.25971	0.0206173	0	-0.000214319
20.2	15	-0.114319	3	-0.213931	30	-0.228639	1.25971	0.0149014	0	-0.000193656
20.3	15	-0.114667	3	-0.22034	30	-0.229334	1.25971	0.00916803	0	-0.000173781
20.4	15	-0.114976	3	-0.226688	30	-0.229953	1.25971	0.00341921	0	-0.000154665
20.5	15	-0.115249	3	-0.232977	30	-0.230498	1.25971	-0.00234323	0	-0.000136284
20.6	15	-0.115486	3	-0.239208	30	-0.230972	1.25971	-0.00811754	0	-0.000118611
20.7	15	-0.115689	3	-0.245382	30	-0.231379	1.25971	-0.013902	0	-0.000101623
20.8	15	-0.11586	3	-0.2515	30	-0.23172	1.25971	-0.019695	0	-8.52966e-05
20.9	15	-0.115999	3	-0.257563	30	-0.231998	1.25971	-0.025495	0	-6.96085e-05
21	15	-0.116108	3	-0.263571	30	-0.232216	1.25971	-0.0313004	0	-5.45371e-05
21.1	15	-0.116188	3	-0.269527	30	-0.232377	1.25971	-0.0371098	0	-4.00613e-05
21.2	15	-0.116241	3	-0.275429	30	-0.232481	1.25971	-0.0429218	0	-2.61608e-05
21.3	15	-0.116266	3	-0.281281	30	-0.232533	1.25971	-0.0487351	0	-1.28157e-05
21.4	15	-0.116266	3	-0.287081	30	-0.232533	1.25971	-0.0545485	0	-7.05216e-09
21.5	15	-0.116242	3	-0.292832	30	-0.232484	1.25971	-0.0603605	0	1.22835e-05
21.6	15	-0.116194	3	-0.298533	30	-0.232387	1.25971	-0.0661702	0	2.40738e-05
21.7	15	-0.116123	3	-0.304187	30	-0.232246	1.25971	-0.0719764	0	3.53811e-05
21.8	15	-0.11603	3	-0.309792	30	-0.232061	1.25971	-0.0777779	0	4.62218e-05
21.9	15	-0.115917	3	-0.315352	30	-0.231834	1.25971	-0.0835737	0	5.66121e-05
22	15	-0.115784	3	-0.320864	30	-0.231568	1.25971	-0.089363	0	6.65675e-05
22.1	15	-0.115632	3	-0.326332	30	-0.231264	1.25971	-0.0951445	0	7.61029e-05
22.2	15	-0.115461	3	-0.331755	30	-0.230923	1.25971	-0.100918	0	8.52329e-05
22.3	15	-0.115273	3	-0.337134	30	-0.230547	1.25971	-0.106681	0	9.39715e-05
22.4	15	-0.115069	3	-0.34247	30	-0.230138	1.25971	-0.112435	0	0.000102332
22.5	15	-0.114848	3	-0.347763	30	-0.229696	1.25971	-0.118177	0	0.000110328
22.6	15	-0.114612	3	-0.353014	30	-0.229224	1.25971	-0.123908	0	0.000117971
22.7	15	-0.114362	3	-0.358224	30	-0.228723	1.25971	-0.129626	0	0.000125275
22.8	15	-0.114097	3	-0.363393	30	-0.228194	1.25971	-0.135331	0	0.000132251
22.9	15	-0.113819	3	-0.368521	30	-0.227639	1.25971	-0.141022	0	0.000138909
23	15	-0.113529	3	-0.37361	30	-0.227058	1.25971	-0.146698	0	0.000145262
23.1	15	-0.113226	3	-0.37866	30	-0.226452	1.25971	-0.152359	0	0.000151321
23.2	15	-0.112912	3	-0.383672	30	-0.225824	1.25971	-0.158005	0	0.000157094
23.3	15	-0.112587	3	-0.388645	30	-0.225174	1.25971	-0.163634	0	0.000162593
23.4	15	-0.112251	3	-0.393581	30	-0.224502	1.25971	-0.169247	0	0.000167826
23.5	15	-0.111905	3	-0.39848	30	-0.223811	1.25971	-0.174842	0	0.000172804
23.6	15	-0.11155	3	-0.403343	30	-0.223101	1.25971	-0.18042	0	0.000177536
23.7	15	-0.111186	3	-0.40817	30	-0.222373	1.25971	-0.185979	0	0.000182029
23.8	15	-0.110814	3	-0.412961	30	-0.221628	1.25971	-0.19152	0	0.000186293
23.9	15	-0.110433	3	-0.417717	30	-0.220866	1.25971	-0.197041	0	0.000190335
24	15	-0.110045	3	-0.422439	30	-0.22009	1.25971	-0.202544	0	0.000194164
24.1	15	-0.109649	3	-0.427127	30	-0.219298	1.25971	-0.208026	0	0.000197787
24.2	15	-0.109247	3	-0.431781	30	-0.218494	1.25971	-0.213488	0	0.000201212
24.3	15	-0.108838	3	-0.436402	30	-0.217676	1.25971	-0.21893	0	0.000204445
24.4	15	-0.108423	3	-0.44099	30	-0.216846	1.25971	-0.224351	0	0.000207494
24.5	15	-0.108002	3	-0.445546	30	-0.216004	1.25971	-0.229752	0	0.000210365
24.6	15	-0.107576	3	-0.450069	30	-0.215152	1.25971	-0.23513	0	0.000213065
24.7	15	-0.107145	3	-0.454562	30	-0.21429	1.25971	-0.240488	0	0.000215599
24.8	15	-0.106709	3	-0.459023	30	-0.213418	1.25971	-0.245823	0	0.000217974
24.9	15	-0.106269	3	-0.463453	30	-0.212537	1.25971	-0.251136	0	0.000220197
25	15	-0.105824	3	-0.467853	30	-0.211648	1.25971	-0.256428	0	0.000222271
25.1	15	-0.105376	3	-0.472223	30	-0.210751	1.25971	-0.261696	0	0.000224203
25.2	15	-0.104924	3	-0.476564	30	-0.209847	1.25971	-0.266943	0	0.000225998
25.3	15	-0.104468	3	-0.480875	30	-0.208936	1.25971	-0.272166	0	0.000227661
25.4	15	-0.10401	3	-0.485157	30	-0.20802	1.25971	-0.277366	0	0.000229198
25.5	15	-0.103549	3	-0.489411	30	-0.207097	1.25971	-0.282544	0	0.000230612
25.6	15	-0.103085	3	-0.493636	30	-0.20617	1.25971	-0.287698	0	0.000231908
25.7	15	-0.102619	3	-0.497833	30	-0.205237	1.25971	-0.292829	0	0.000233092
25.8	15	-0.10215	3	-0.502003	30	-0.204301	1.25971	-0.297937	0	0.000234166
25.9	15	-0.10168	3	-0.506146	30	-0.20336	1.25971	-0.303021	0	0.000235136
26	15	-0.101208	3	-0.510261	30	-0.202416	1.25971	-0.308081	0	0.000236005
26.1	15	-0.100734	3	-0.51435	30	-0.201469	1.25971	-0.313118	0	0.000236777
26.2	15	-0.10026	3	-0.518412	30	-0.200519	1.25971	-0.318131	0	0.000237456
26.3	15	-0.0997834	3	-0.522449	30	-0.199567	1.25971	-0.32312	0	0.000238046
26.4	15	-0.0993063	3	-0.526459	30	-0.198613	1.25971	-0.328085	0	0.00023855
26.5	15	-0.0988284	3	-0.530444	30	-0.197657	1.25971	-0.333027	0	0.000238971
26.6	15	-0.0983498	3	-0.534404	30	-0.1967	1.25971	-0.337944	0	0.000239313
26.7	15	-0.0978706	3	-0.538339	30	-0.195741	1.25971	-0.342838	0	0.000239578
26.8	15	-0.0973911	3	-0.54225	30	-0.194782	1.25971	-0.347707	0	0.000239771
26.9	15	-0.0969113	3	-0.546135	30	-0.193823	1.25971	-0.352553	0	0.000239893
27	15	-0.0964314	3	-0.549997	30	-0.192863	1.25971	-0.357374	0	0.000239949
27.1	15	-0.0959515	3	-0.553835	30	-0.191903	1.25971	-0.362172	0	0.000239939
27.2	15	-0.0954718	3	-0.557649	30	-0.190944	1.25971	-0.366945	0	0.000239868
27.3	15	-0.0949923	3	-0.56144	30	-0.189985	1.25971	-0.371695	0	0.000239737
27.4	15	-0.0945132	3	-0.565208	30	-0.189026	1.25971	-0.376421	0	0.00023955
27.5	15	-0.0940346	3	-0.568952	30	-0.188069	1.25971	-0.381123	0	0.000239308
27.6	15	-0.0935566	3	-0.572674	30	-0.187113	1.25971	-0.3858	0	0.000239014
27.7	15	-0.0930792	3	-0.576374	30	-0.186158	1.25971	-0.390454	0	0.000238671
27.8	15	-0.0926027	3	-0.580051	30	-0.185205	1.25971	-0.395084	0	0.000238279
27.9	15	-0.092127	3	-0.583707	30	-0.184254	1.25971	-0.399691	0	0.000237842
28	15	-0.0916523	3	-0.587341	30	-0.183305	1.25971	-0.404273	0	0.000237362
28.1	15	-0.0911786	3	-0.590953	30	-0.182357	1.25971	-0.408832	0	0.000236839
28.2	15	-0.090706	3	-0.594543	30	-0.181412	1.25971	-0.413368	0	0.000236277
28.3	15	-0.0902347	3	-0.598113	30	-0.180469	1.25971	-0.417879	0	0.000235677
28.4	15	-0.0897646	3	-0.601662	30	-0.179529	1.25971	-0.422368	0	0.000235041
28.5	15	-0.0892958	3	-0.60519	30	-0.178592	1.25971	-0.426832	0	0.00023437
28.6	15	-0.0888285	3	-0.608697	30	-0.177657	1.25971	-0.431274	0	0.000233666
28.7	15	-0.0883626	3	-0.612184	30	-0.176725	1.25971	-0.435692	0	0.000232931
28.8	15	-0.0878983	3	-0.615651	30	-0.175797	1.25971	-0.440087	0	0.000232167
28.9	15	-0.0874356	3	-0.619098	30	-0.174871	1.25971	-0.444459	0	0.000231373
29	15	-0.0869745	3	-0.622526	30	-0.173949	1.25971	-0.448807	0	0.000230553
29.1	15	-0.086515	3	-0.625933	30	-0.17303	1.25971	-0.453133	0	0.000229708
29.2	15	-0.0860574	3	-0.629322	30	-0.172115	1.25971	-0.457436	0	0.000228838
29.3	15	-0.0856015	3	-0.632691	30	-0.171203	1.25971	-0.461716	0	0.000227945
29.4	15	-0.0851474	3	-0.636041	30	-0.170295	1.25971	-0.465973	0	0.000227031
29.5	15	-0.0846952	3	-0.639373	30	-0.16939	1.25971	-0.470208	0	0.000226096
29.6	15	-0.0842449	3	-0.642685	30	-0.16849	1.25971	-0.47442	0	0.000225141
29.7	15	-0.0837966	3	-0.645979	30	-0.167593	1.25971	-0.47861	0	0.000224168
29.8	15	-0.0833503	3	-0.649255	30	-0.166701	1.25971	-0.482778	0	0.000223178
29.9	15	-0.0829059	3	-0.652513	30	-0.165812	1.25971	-0.486923	0	0.000222172
30	-25.7327	-0.0824636	-3	-0.655752	-51.4653	-0.164927	1.25971	-0.491046	-20.3663	0.00022115
30.1	-24.9655	-0.0802557	-3	-0.654466	-49.931	-0.160511	1.25971	-0.495059	0.383579	0.00110395
30.2	-24.2014	-0.0751845	-3	-0.646652	-48.4028	-0.150369	1.25971	-0.498818	0.382041	0.00253561
30.3	-23.4404	-0.0682138	-3	-0.635171	-46.8808	-0.136428	1.25971	-0.502229	0.380495	0.00348532
30.4	-22.6825	-0.0598785	-3	-0.620812	-45.3651	-0.119757	1.25971	-0.505223	0.378941	0.00416765
30.5	-21.9278	-0.0505936	-3	-0.604297	-43.8556	-0.101187	1.25971	-0.507753	0.377377	0.00464247
30.6	-21.1762	-0.0406644	-3	-0.58615	-42.3524	-0.0813288	1.25971	-0.509786	0.375803	0.0049646
30.7	-20.4277	-0.0303167	-3	-0.566761	-40.8555	-0.0606334	1.25971	-0.511302	0.374221	0.00517385
30.8	-19.6825	-0.0197167	-3	-0.546421	-39.365	-0.0394334	1.25971	-0.512287	0.372628	0.0053
30.9	-18.9404	-0.00898626	-3	-0.525344	-37.8809	-0.0179725	1.25971	-0.512737	0.371025	0.00536522
31	-18.2016	0.00178579	-3	-0.50369	-36.4032	0.00357159	1.25971	-0.512647	0.369412	0.00538603
31.1	-17.466	0.0125352	-3	-0.481575	-34.9321	0.0250705	1.25971	-0.512021	0.367788	0.00537473
31.2	-16.7337	0.0232162	-3	-0.459087	-33.4675	0.0464324	1.25971	-0.51086	0.366153	0.00534048
31.3	-16.0047	0.0337964	-3	-0.436287	-32.0094	0.0675929	1.25971	-0.50917	0.364506	0.00529011
31.4	-15.279	0.0442538	-3	-0.413221	-30.558	0.0885076	1.25971	-0.506957	0.362848	0.00522869
31.5	-14.5567	0.0545738	-3	-0.389921	-29.1133	0.109148	1.25971	-0.504229	0.361178	0.00515998
31.6	-13.8377	0.0647474	-3	-0.36641	-27.6753	0.129495	1.25971	-0.500991	0.359495	0.00508679
31.7	-13.1221	0.0747698	-3	-0.342702	-26.2441	0.14954	1.25971	-0.497253	0.3578	0.00501121
31.8	-12.4099	0.0846394	-3	-0.318807	-24.8198	0.169279	1.25971	-0.493021	0.356091	0.0049348
31.9	-11.7012	0.0943568	-3	-0.294731	-23.4023	0.188714	1.25971	-0.488303	0.354369	0.00485869
32	-10.9959	0.103924	-3	-0.270475	-21.9918	0.207849	1.25971	-0.483107	0.352632	0.00478375
32.1	-10.2941	0.113346	-3	-0.246038	-20.5883	0.226691	1.25971	-0.47744	0.35088	0.00471063
32.2	-9.5959	0.122625	-3	-0.221418	-19.1918	0.24525	1.25971	-0.471308	0.349114	0.00463979
32.3	-8.90124	0.131768	-3	-0.196612	-17.8025	0.263537	1.25971	-0.46472	0.347331	0.00457161
32.4	-8.21017	0.140781	-3	-0.171612	-16.4203	0.281562	1.25971	-0.457681	0.345532	0.00450636
32.5	-7.52274	0.14967	-3	-0.146414	-15.0455	0.299339	1.25971	-0.450197	0.343716	0.00444426
32.6	-6.83898	0.158441	-3	-0.121009	-13.678	0.316881	1.25971	-0.442275	0.341882	0.00438548
32.7	-6.15892	0.167101	-3	-0.0953883	-12.3178	0.334202	1.25971	-0.43392	0.34003	0.00433018
32.8	-5.4826	0.175658	-3	-0.0695432	-10.9652	0.351316	1.25971	-0.425137	0.338159	0.00427849
32.9	-4.81006	0.184119	-3	-0.0434631	-9.62013	0.368238	1.25971	-0.415931	0.336267	0.00423052
33	-4.14136	0.192492	-3	-0.0171371	-8.28271	0.384983	1.25971	-0.406307	0.334354	0.0041864
33.1	-3.47652	0.200784	-3	0.00944699	-6.95303	0.401568	1.25971	-0.396268	0.33242	0.00414625
33.2	-2.81559	0.209005	-3	0.036302	-5.63118	0.418009	1.25971	-0.385817	0.330462	0.0041102
33.3	-2.15863	0.217161	-2.837	0.0634419	-4.31726	0.434323	1.15178	-0.374959	0.328481	0.00407841
33.4	-1.52977	0.225189	-1.66981	0.0906914	-3.05953	0.450378	1.07529	-0.3637	0.314431	0.0040137
33.5	-1.07727	0.232503	-0.906866	0.116588	-2.15454	0.465006	1.02142	-0.352075	0.226249	0.00365702
33.6	-0.740349	0.238436	-0.327832	0.139686	-1.4807	0.476872	0.984407	-0.340153	0.16846	0.00296669
33.7	-0.491124	0.24279	0.102214	0.159743	-0.982249	0.48558	0.959851	-0.328013	0.124612	0.00217677
33.8	-0.307035	0.245546	0.422473	0.176735	-0.614071	0.491093	0.944499	-0.315736	0.0920445	0.00137829
33.9	-0.17145	0.246809	0.660819	0.190854	-0.342901	0.493618	0.935927	-0.303396	0.0677926	0.000631446
34	-0.0719574	0.246742	0.83816	0.202391	-0.143915	0.493483	0.932329	-0.291059	0.0497464	-3.38531e-05
34.1	0.000688094	0.24553	0.970062	0.211672	0.00137619	0.49106	0.932363	-0.278782	0.0363227	-0.000605728
34.2	0.053373	0.243363	1.06812	0.219029	0.106746	0.486726	0.935032	-0.266614	0.0263425	-0.00108348
34.3	0.091227	0.240418	1.14097	0.224769	0.182454	0.480835	0.939593	-0.254593	0.018927	-0.0014728
34.4	0.11807	0.236852	1.19506	0.229171	0.236141	0.473705	0.945497	-0.24275	0.0134216	-0.00178262
34.5	0.136748	0.232806	1.23517	0.232479	0.273495	0.465612	0.952334	-0.23111	0.00933866	-0.00202314
34.6	0.149377	0.228397	1.26487	0.234898	0.298754	0.456793	0.959803	-0.21969	0.00631474	-0.00220465
34.7	0.157536	0.223723	1.28683	0.236605	0.315071	0.447446	0.96768	-0.208504	0.00407922	-0.00233679
34.8	0.162397	0.218867	1.30302	0.237744	0.324793	0.437733	0.975799	-0.197561	0.0024305	-0.00242824
34.9	0.164833	0.213893	1.31493	0.238434	0.329667	0.427787	0.984041	-0.186866	0.00121845	-0.0024866
35	0.165496	0.208857	1.32364	0.238772	0.330992	0.417713	0.992316	-0.176423	0.000331205	-0.00251835
35.1	0.164867	0.203799	1.32998	0.238835	0.329734	0.407598	1.00056	-0.166233	-0.000314504	-0.00252892
35.2	0.163305	0.198753	1.33455	0.238688	0.326611	0.397506	1.00872	-0.156296	-0.000780709	-0.00252284
35.3	0.161078	0.193746	1.33782	0.238379	0.322156	0.387491	1.01678	-0.146608	-0.0011136	-0.00250381
35.4	0.158383	0.188796	1.34012	0.237948	0.316766	0.377592	1.0247	-0.137169	-0.00134757	-0.00247483
35.5	0.155367	0.183919	1.34169	0.237428	0.310733	0.367839	1.03247	-0.127973	-0.00150823	-0.00243832
35.6	0.152137	0.179127	1.34273	0.236841	0.304275	0.358254	1.04007	-0.119016	-0.00161464	-0.00239623
35.7	0.148775	0.174427	1.34338	0.236208	0.297551	0.348853	1.04751	-0.110295	-0.001681	-0.00235009
35.8	0.14534	0.169824	1.34374	0.235544	0.290679	0.339649	1.05478	-0.101804	-0.00171786	-0.00230112
35.9	0.141873	0.165324	1.34389	0.23486	0.283747	0.330648	1.06187	-0.0935376	-0.00173307	-0.00225028
36	0.138408	0.160927	1.34388	0.234165	0.276817	0.321854	1.06879	-0.0854912	-0.00173249	-0.00219832
36.1	0.134968	0.156636	1.34376	0.233466	0.269935	0.313271	1.07554	-0.0776595	-0.00172046	-0.00214581
36.2	0.131567	0.152449	1.34355	0.232768	0.263134	0.304898	1.08212	-0.070037	-0.0017002	-0.00209319
36.3	0.128219	0.148368	1.34329	0.232076	0.256438	0.296735	1.08853	-0.0626186	-0.00167411	-0.00204082
36.4	0.124931	0.14439	1.34299	0.231391	0.249862	0.288779	1.09478	-0.0553991	-0.00164396	-0.00198894
36.5	0.121709	0.140514	1.34267	0.230717	0.243418	0.281028	1.10086	-0.0483734	-0.00161108	-0.00193775
36.6	0.118556	0.136739	1.34233	0.230055	0.237112	0.273479	1.10679	-0.0415365	-0.00157643	-0.00188739
36.7	0.115475	0.133064	1.34197	0.229406	0.230949	0.266127	1.11256	-0.0348833	-0.00154074	-0.00183796
36.8	0.112465	0.129484	1.34161	0.22877	0.224931	0.258969	1.11819	-0.0284091	-0.00150452	-0.00178953
36.9	0.109529	0.126	1.34125	0.228149	0.219058	0.252	1.12366	-0.0221091	-0.00146817	-0.00174216
37	0.106665	0.122608	1.3409	0.227542	0.21333	0.245217	1.129	-0.0159786	-0.00143196	-0.00169587
37.1	0.103873	0.119307	1.34054	0.22695	0.207746	0.238614	1.13419	-0.0100133	-0.0013961	-0.00165068
37.2	0.101152	0.116094	1.34019	0.226373	0.202303	0.232188	1.13925	-0.00420859	-0.00136073	-0.00160659
37.3	0.0984996	0.112967	1.33985	0.225809	0.196999	0.225933	1.14417	0.00143974	-0.00132596	-0.0015636
37.4	0.0959159	0.109923	1.33951	0.225261	0.191832	0.219847	1.14897	0.00693591	-0.00129185	-0.00152169
37.5	0.093399	0.106962	1.33918	0.224726	0.186798	0.213923	1.15364	0.012284	-0.00125846	-0.00148087
37.6	0.0909474	0.104079	1.33886	0.224205	0.181895	0.208159	1.15819	0.0174879	-0.0012258	-0.0014411
37.7	0.0885596	0.101275	1.33854	0.223698	0.177119	0.202549	1.16261	0.0225517	-0.00119389	-0.00140238
37.8	0.0862341	0.0985452	1.33823	0.223205	0.172468	0.19709	1.16693	0.0274789	-0.00116275	-0.00136468
37.9	0.0839694	0.0958893	1.33793	0.222724	0.167939	0.191779	1.17112	0.0322734	-0.00113237	-0.00132797
38	0.0817639	0.0933048	1.33764	0.222256	0.163528	0.18661	1.17521	0.0369386	-0.00110275	-0.00129223
38.1	0.0796162	0.0907899	1.33735	0.2218	0.159232	0.18158	1.17919	0.0414781	-0.00107387	-0.00125745
38.2	0.0775247	0.0883427	1.33707	0.221357	0.155049	0.176685	1.18307	0.0458953	-0.00104572	-0.0012236
38.3	0.0754881	0.0859614	1.3368	0.220925	0.150976	0.171923	1.18684	0.0501933	-0.0010183	-0.00119066
38.4	0.0735049	0.0836442	1.33654	0.220505	0.14701	0.167288	1.19052	0.0543755	-0.000991587	-0.00115859
38.5	0.0715738	0.0813894	1.33628	0.220096	0.143148	0.162779	1.1941	0.058445	-0.000965564	-0.00112739
38.6	0.0696934	0.0791954	1.33603	0.219699	0.139387	0.158391	1.19758	0.0624048	-0.000940217	-0.00109702
38.7	0.0678623	0.0770604	1.33578	0.219311	0.135725	0.154121	1.20098	0.0662578	-0.000915531	-0.00106747
38.8	0.0660793	0.074983	1.33555	0.218934	0.132159	0.149966	1.20428	0.070007	-0.000891489	-0.00103871
38.9	0.0643432	0.0729615	1.33532	0.218567	0.128686	0.145923	1.2075	0.073655	-0.000868076	-0.00101073
39	0.0626526	0.0709945	1.33509	0.21821	0.125305	0.141989	1.21063	0.0772048	-0.000845275	-0.0009835
39.1	0.0610065	0.0690805	1.33487	0.217863	0.122013	0.138161	1.21368	0.0806588	-0.000823072	-0.000957002
39.2	0.0594036	0.0672181	1.33466	0.217525	0.118807	0.134436	1.21665	0.0840197	-0.000801451	-0.000931217
39.3	0.0578428	0.0654059	1.33445	0.217196	0.115686	0.130812	1.21954	0.08729	-0.000780397	-0.000906126
39.4	0.056323	0.0636424	1.33424	0.216875	0.112646	0.127285	1.22236	0.0904721	-0.000759896	-0.000881711
39.5	0.0548431	0.0619265	1.33405	0.216564	0.109686	0.123853	1.2251	0.0935684	-0.000739932	-0.000857953
39.6	0.0534021	0.0602569	1.33385	0.21626	0.106804	0.120514	1.22777	0.0965813	-0.000720493	-0.000834834
39.7	0.051999	0.0586322	1.33367	0.215965	0.103998	0.117264	1.23037	0.0995129	-0.000701564	-0.000812338
39.8	0.0506328	0.0570513	1.33348	0.215678	0.101266	0.114103	1.2329	0.102365	-0.000683132	-0.000790448
39.9	0.0493024	0.055513	1.33331	0.215398	0.0986048	0.111026	1.23537	0.105141	-0.000665184	-0.000769148
40	0.048007	0.0540161	1.33313	0.215126	0.0960139	0.108032	1.23777	0.107842	-0.000647707	-0.000748421
40.1	0.0467456	0.0525596	1.33297	0.214861	0.0934912	0.105119	1.2401	0.11047	-0.00063069	-0.000728252
40.2	0.0455174	0.0511424	1.3328	0.214603	0.0910347	0.102285	1.24238	0.113027	-0.00061412	-0.000708626
40.3	0.0443214	0.0497633	1.33264	0.214352	0.0886428	0.0995267	1.2446	0.115515	-0.000597984	-0.000689529
40.4	0.0431568	0.0484214	1.33249	0.214108	0.0863137	0.0968429	1.24675	0.117936	-0.000582273	-0.000670947
40.5	0.0420229	0.0471157	1.33233	0.213871	0.0840458	0.0942314	1.24886	0.120292	-0.000566975	-0.000652864
40.6	0.0409187	0.0458452	1.33219	0.213639	0.0818375	0.0916903	1.2509	0.122584	-0.000552078	-0.000635269
40.7	0.0398436	0.0446089	1.33204	0.213414	0.0796872	0.0892178	1.25289	0.124815	-0.000537573	-0.000618148
40.8	0.0387967	0.0434059	1.3319	0.213195	0.0775934	0.0868118	1.25483	0.126985	-0.000523448	-0.000601488
40.9	0.0377773	0.0422353	1.33177	0.212982	0.0755546	0.0844707	1.25672	0.129097	-0.000509695	-0.000585277
41	0.0367847	0.0410963	1.33163	0.212775	0.0735694	0.0821927	1.25856	0.131152	-0.000496303	-0.000569503
41.1	0.0358182	0.039988	1.33151	0.212573	0.0716363	0.0799761	1.26035	0.133151	-0.000483263	-0.000554153
41.2	0.034877	0.0389096	1.33138	0.212376	0.0697541	0.0778192	1.2621	0.135096	-0.000470566	-0.000539217
41.3	0.0339606	0.0378602	1.33126	0.212185	0.0679213	0.0757205	1.26379	0.13699	-0.000458202	-0.000524683
41.4	0.0330683	0.0368392	1.33114	0.211999	0.0661366	0.0736783	1.26545	0.138831	-0.000446163	-0.000510541
41.5	0.0321994	0.0358456	1.33102	0.211818	0.0643988	0.0716912	1.26706	0.140624	-0.00043444	-0.00049678
41.6	0.0313534	0.0348788	1.33091	0.211642	0.0627067	0.0697576	1.26863	0.142368	-0.000423026	-0.000483389
41.7	0.0305296	0.0339381	1.3308	0.21147	0.0610591	0.0678762	1.27015	0.144065	-0.000411911	-0.000470359
41.8	0.0297274	0.0330227	1.33069	0.211304	0.0594547	0.0660455	1.27164	0.145716	-0.000401088	-0.00045768
41.9	0.0289463	0.0321321	1.33059	0.211141	0.0578926	0.0642641	1.27309	0.147322	-0.00039055	-0.000445343
42	0.0281857	0.0312654	1.33049	0.210983	0.0563714	0.0625307	1.2745	0.148886	-0.000380288	-0.000433338
42.1	0.0274451	0.0304221	1.33039	0.210829	0.0548902	0.0608441	1.27587	0.150407	-0.000370296	-0.000421657
42.2	0.026724	0.0296015	1.33029	0.210679	0.0534479	0.059203	1.2772	0.151887	-0.000360567	-0.00041029
42.3	0.0260218	0.028803	1.3302	0.210534	0.0520436	0.057606	1.2785	0.153327	-0.000351093	-0.00039923
42.4	0.0253381	0.0280261	1.33011	0.210392	0.0506761	0.0560522	1.27977	0.154728	-0.000341868	-0.000388467
42.5	0.0246723	0.0272701	1.33002	0.210254	0.0493446	0.0545402	1.28101	0.156092	-0.000332885	-0.000377995
42.6	0.024024	0.0265345	1.32993	0.21012	0.048048	0.053069	1.28221	0.157418	-0.000324139	-0.000367805
42.7	0.0233928	0.0258187	1.32985	0.209989	0.0467855	0.0516374	1.28338	0.158709	-0.000315622	-0.000357889
42.8	0.0227781	0.0251222	1.32976	0.209862	0.0455562	0.0502445	1.28451	0.159966	-0.000307329	-0.00034824
42.9	0.0221796	0.0244445	1.32968	0.209738	0.0443592	0.048889	1.28562	0.161188	-0.000299254	-0.000338852
43	0.0215968	0.0237851	1.32961	0.209617	0.0431936	0.0475702	1.2867	0.162377	-0.000291391	-0.000329716
43.1	0.0210293	0.0231434	1.32953	0.2095	0.0420587	0.0462869	1.28776	0.163534	-0.000283735	-0.000320827
43.2	0.0204768	0.0225191	1.32946	0.209386	0.0409536	0.0450382	1.28878	0.16466	-0.00027628	-0.000312177
43.3	0.0199387	0.0219116	1.32938	0.209275	0.0398775	0.0438231	1.28978	0.165756	-0.00026902	-0.00030376
43.4	0.0194148	0.0213204	1.32931	0.209167	0.0388297	0.0426408	1.29075	0.166822	-0.000261952	-0.00029557
43.5	0.0189047	0.0207452	1.32925	0.209062	0.0378094	0.0414904	1.29169	0.167859	-0.000255069	-0.000287601
43.6	0.018408	0.0201855	1.32918	0.208959	0.0368159	0.0403711	1.29261	0.168868	-0.000248367	-0.000279846
43.7	0.0179243	0.0196409	1.32912	0.20886	0.0358486	0.0392819	1.29351	0.16985	-0.000241841	-0.000272301
43.8	0.0174533	0.019111	1.32905	0.208763	0.0349066	0.038222	1.29438	0.170806	-0.000235487	-0.000264958
43.9	0.0169947	0.0185954	1.32899	0.208669	0.0339894	0.0371908	1.29523	0.171736	-0.000229299	-0.000257814
44	0.0165482	0.0180937	1.32893	0.208577	0.0330963	0.0361873	1.29606	0.17264	-0.000223274	-0.000250862
44.1	0.0161134	0.0176055	1.32887	0.208487	0.0322267	0.0352109	1.29686	0.173521	-0.000217408	-0.000244098
44.2	0.01569	0.0171304	1.32882	0.2084	0.0313799	0.0342609	1.29765	0.174377	-0.000211695	-0.000237515
44.3	0.0152777	0.0166682	1.32876	0.208316	0.0305554	0.0333364	1.29841	0.175211	-0.000206133	-0.00023111
44.4	0.0148763	0.0162185	1.32871	0.208233	0.0297525	0.0324369	1.29916	0.176021	-0.000200717	-0.000224878
44.5	0.0144854	0.0157808	1.32866	0.208153	0.0289708	0.0315617	1.29988	0.17681	-0.000195443	-0.000218814
44.6	0.0141048	0.015355	1.3286	0.208075	0.0282095	0.03071	1.30059	0.177578	-0.000190307	-0.000212913
44.7	0.0137341	0.0149407	1.32856	0.207999	0.0274683	0.0298813	1.30127	0.178325	-0.000185307	-0.000207171
44.8	0.0133733	0.0145375	1.32851	0.207926	0.0267465	0.029075	1.30194	0.179052	-0.000180438	-0.000201584
44.9	0.0130219	0.0141452	1.32846	0.207854	0.0260438	0.0282904	1.30259	0.179759	-0.000175697	-0.000196148
45	0.0126797	20	1.32841	3	0.0253594	40	1.30323	0.179759	-0.00017108	9.99293
45.1	0.0123465	20	1.32837	3	0.0246931	40	1.30384	0.179759	-0.000166585	0
45.2	0.0120221	20	1.32833	3	0.0240443	40	1.30444	0.179759	-0.000162208	0
45.3	0.0117062	20	1.32828	3	0.0234125	40	1.30503	0.179759	-0.000157946	0
45.4	0.0113986	20	1.32824	3	0.0227973	40	1.3056	0.179759	-0.000153796	0
45.5	0.0110991	20	1.3282	3	0.0221983	40	1.30615	0.179759	-0.000149755	0
45.6	0.0108075	20	1.32816	3	0.021615	40	1.3067	0.179759	-0.00014582	0
45.7	0.0105235	20	1.32813	3	0.021047	40	1.30722	0.179759	-0.000141988	0
45.8	0.010247	20	1.32809	3	0.020494	40	1.30773	0.179759	-0.000138257	0
45.9	0.00997776	20	1.32805	3	0.0199555	40	1.30823	0.179759	-0.000134625	0
46	0.00971558	20	1.32802	3	0.0194312	40	1.30872	0.179759	-0.000131087	0
46.1	0.0094603	20	1.32798	3	0.0189206	40	1.30919	0.179759	-0.000127643	0
46.2	0.00921172	20	1.32795	3	0.0184234	40	1.30965	0.179759	-0.000124289	0
46.3	0.00896967	20	1.32792	3	0.0179393	40	1.3101	0.179759	-0.000121023	0
46.4	0.00873399	20	1.32789	3	0.017468	40	1.31054	0.179759	-0.000117843	0
46.5	0.00850449	20	1.32786	3	0.017009	40	1.31096	0.179759	-0.000114747	0
46.6	0.00828103	20	1.32783	3	0.0165621	40	1.31138	0.179759	-0.000111732	0
46.7	0.00806344	20	1.3278	3	0.0161269	40	1.31178	0.179759	-0.000108796	0
46.8	0.00785156	20	1.32777	3	0.0157031	40	1.31217	0.179759	-0.000105937	0
46.9	0.00764526	20	1.32774	3	0.0152905	40	1.31255	0.179759	-0.000103154	0
47	0.00744437	20	1.32771	3	0.0148887	40	1.31293	0.179759	-0.000100443	0
47.1	0.00724876	20	1.32769	3	0.0144975	40	1.31329	0.179759	-9.7804e-05	0
47.2	0.00705829	20	1.32766	3	0.0141166	40	1.31364	0.179759	-9.52341e-05	0
47.3	0.00687283	20	1.32764	3	0.0137457	40	1.31399	0.179759	-9.27318e-05	0
47.4	0.00669224	20	1.32761	3	0.0133845	40	1.31432	0.179759	-9.02952e-05	0
47.5	0.0065164	20	1.32759	3	0.0130328	40	1.31465	0.179759	-8.79226e-05	0
47.6	0.00634517	20	1.32757	3	0.0126903	40	1.31496	0.179759	-8.56123e-05	0
47.7	0.00617845	20	1.32755	3	0.0123569	40	1.31527	0.179759	-8.33628e-05	0
47.8	0.0060161	20	1.32752	3	0.0120322	40	1.31557	0.179759	-8.11724e-05	0
47.9	0.00585802	20	1.3275	3	0.011716	40	1.31587	0.179759	-7.90395e-05	0
48	0.0057041	20	1.32748	3	0.0114082	40	1.31615	0.179759	-7.69627e-05	0
48.1	0.00555422	20	1.32746	3	0.0111084	40	1.31643	0.179759	-7.49404e-05	0
48.2	0.00540827	20	1.32744	3	0.0108165	40	1.3167	0.179759	-7.29713e-05	0
48.3	0.00526616	20	1.32742	3	0.0105323	40	1.31696	0.179759	-7.10539e-05	0
48.4	0.00512779	20	1.32741	3	0.0102556	40	1.31722	0.179759	-6.91869e-05	0
48.5	0.00499305	20	1.32739	3	0.00998611	40	1.31747	0.179759	-6.7369e-05	0
48.6	0.00486186	20	1.32737	3	0.00972371	40	1.31771	0.179759	-6.55988e-05	0
48.7	0.00473411	20	1.32735	3	0.00946821	40	1.31795	0.179759	-6.38751e-05	0
48.8	0.00460971	20	1.32734	3	0.00921942	40	1.31818	0.179759	-6.21967e-05	0
48.9	0.00448859	20	1.32732	3	0.00897717	40	1.3184	0.179759	-6.05625e-05	0
49	0.00437064	20	1.3273	3	0.00874129	40	1.31862	0.179759	-5.89711e-05	0
49.1	0.0042558	20	1.32729	3	0.0085116	40	1.31883	0.179759	-5.74216e-05	0
49.2	0.00414398	20	1.32727	3	0.00828795	40	1.31904	0.179759	-5.59128e-05	0
49.3	0.00403509	20	1.32726	3	0.00807018	40	1.31924	0.179759	-5.44436e-05	0
49.4	0.00392906	20	1.32725	3	0.00785812	40	1.31944	0.179759	-5.30131e-05	0
49.5	0.00382582	20	1.32723	3	0.00765164	40	1.31963	0.179759	-5.16201e-05	0
49.6	0.00372529	20	1.32722	3	0.00745059	40	1.31982	0.179759	-5.02637e-05	0
49.7	0.00362741	20	1.3272	3	0.00725482	40	1.32	0.179759	-4.8943e-05	0
49.8	0.00353209	20	1.32719	3	0.00706419	40	1.32018	0.179759	-4.7657e-05	0
49.9	0.00343929	20	1.32718	3	0.00687857	40	1.32035	0.179759	-4.64048e-05	0
50	0.00334891	20	1.32717	3	0.00669783	40	1.32052	0.179759	-4.51854e-05	0
50.1	0.00326092	20	1.32716	3	0.00652184	40	1.32068	0.179759	-4.39981e-05	0
50.2	0.00317523	20	1.32714	3	0.00635047	40	1.32084	0.179759	-4.2842e-05	0
50.3	0.0030918	20	1.32713	3	0.0061836	40	1.32099	0.179759	-4.17163e-05	0
50.4	0.00301056	20	1.32712	3	0.00602112	40	1.32114	0.179759	-4.06202e-05	0
50.5	0.00293146	20	1.32711	3	0.00586291	40	1.32129	0.179759	-3.95529e-05	0
50.6	0.00285443	20	1.3271	3	0.00570886	40	1.32143	0.179759	-3.85136e-05	0
50.7	0.00277942	20	1.32709	3	0.00555885	40	1.32157	0.179759	-3.75016e-05	0
50.8	0.00270639	20	1.32708	3	0.00541279	40	1.32171	0.179759	-3.65162e-05	0
50.9	0.00263528	20	1.32707	3	0.00527056	40	1.32184	0.179759	-3.55567e-05	0
51	0.00256603	20	1.32706	3	0.00513207	40	1.32197	0.179759	-3.46224e-05	0
51.1	0.00249861	20	1.32705	3	0.00499722	40	1.32209	0.179759	-3.37127e-05	0
51.2	0.00243296	20	1.32705	3	0.00486591	40	1.32221	0.179759	-3.28268e-05	0
51.3	0.00236903	20	1.32704	3	0.00473805	40	1.32233	0.179759	-3.19643e-05	0
51.4	0.00230678	20	1.32703	3	0.00461356	40	1.32245	0.179759	-3.11244e-05	0
51.5	0.00224617	20	1.32702	3	0.00449233	40	1.32256	0.179759	-3.03065e-05	0
51.6	0.00218714	20	1.32701	3	0.00437429	40	1.32267	0.179759	-2.95102e-05	0
51.7	0.00212968	20	1.327	3	0.00425935	40	1.32277	0.179759	-2.87348e-05	0
51.8	0.00207372	20	1.327	3	0.00414743	40	1.32288	0.179759	-2.79798e-05	0
51.9	0.00201923	20	1.32699	3	0.00403845	40	1.32298	0.179759	-2.72446e-05	0
52	0.00196617	20	1.32698	3	0.00393234	40	1.32308	0.179759	-2.65287e-05	0
52.1	0.00191451	20	1.32698	3	0.00382901	40	1.32317	0.179759	-2.58316e-05	0
52.2	0.0018642	20	1.32697	3	0.0037284	40	1.32327	0.179759	-2.51529e-05	0
52.3	0.00181522	20	1.32696	3	0.00363043	40	1.32336	0.179759	-2.44919e-05	0
52.4	0.00176752	20	1.32696	3	0.00353504	40	1.32345	0.179759	-2.38484e-05	0
52.5	0.00172108	20	1.32695	3	0.00344215	40	1.32353	0.179759	-2.32218e-05	0
52.6	0.00167585	20	1.32694	3	0.00335171	40	1.32362	0.179759	-2.26116e-05	0
52.7	0.00163182	20	1.32694	3	0.00326364	40	1.3237	0.179759	-2.20174e-05	0
52.8	0.00158894	20	1.32693	3	0.00317788	40	1.32378	0.179759	-2.14389e-05	0
52.9	0.00154719	20	1.32693	3	0.00309438	40	1.32385	0.179759	-2.08756e-05	0
53	0.00150653	20	1.32692	3	0.00301307	40	1.32393	0.179759	-2.0327e-05	0
53.1	0.00146695	20	1.32692	3	0.0029339	40	1.324	0.179759	-1.97929e-05	0
53.2	0.0014284	20	1.32691	3	0.00285681	40	1.32407	0.179759	-1.92729e-05	0
53.3	0.00139087	20	1.32691	3	0.00278174	40	1.32414	0.179759	-1.87664e-05	0
53.4	0.00135432	20	1.3269	3	0.00270865	40	1.32421	0.179759	-1.82733e-05	0
53.5	0.00131874	20	1.3269	3	0.00263747	40	1.32428	0.179759	-1.77932e-05	0
53.6	0.00128409	20	1.32689	3	0.00256817	40	1.32434	0.179759	-1.73256e-05	0
53.7	0.00125035	20	1.32689	3	0.00250069	40	1.3244	0.179759	-1.68704e-05	0
53.8	0.00121749	20	1.32688	3	0.00243498	40	1.32446	0.179759	-1.64271e-05	0
53.9	0.0011855	20	1.32688	3	0.002371	40	1.32452	0.179759	-1.59955e-05	0
54	0.00115435	20	1.32687	3	0.0023087	40	1.32458	0.179759	-1.55752e-05	0
54.1	0.00112402	20	1.32687	3	0.00224804	40	1.32464	0.179759	-1.51659e-05	0
54.2	0.00109448	20	1.32687	3	0.00218897	40	1.32469	0.179759	-1.47674e-05	0
54.3	0.00106572	20	1.32686	3	0.00213145	40	1.32475	0.179759	-1.43794e-05	0
54.4	0.00103772	20	1.32686	3	0.00207544	40	1.3248	0.179759	-1.40015e-05	0
54.5	0.00101045	20	1.32686	3	0.00202091	40	1.32485	0.179759	-1.36336e-05	0
54.6	0.000983903	20	1.32685	3	0.00196781	40	1.3249	0.179759	-1.32754e-05	0
54.7	0.00095805	20	1.32685	3	0.0019161	40	1.32495	0.179759	-1.29266e-05	0
54.8	0.000932876	20	1.32684	3	0.00186575	40	1.32499	0.179759	-1.25869e-05	0
54.9	0.000908364	20	1.32684	3	0.00181673	40	1.32504	0.179759	-1.22562e-05	0
55	0.000884496	20	1.32684	3	0.00176899	40	1.32508	0.179759	-1.19341e-05	0
55.1	0.000861254	20	1.32684	3	0.00172251	40	1.32512	0.179759	-1.16206e-05	0
55.2	0.000838624	20	1.32683	3	0.00167725	40	1.32517	0.179759	-1.13152e-05	0
55.3	0.000816588	20	1.32683	3	0.00163318	40	1.32521	0.179759	-1.10179e-05	0
55.4	0.000795131	20	1.32683	3	0.00159026	40	1.32525	0.179759	-1.07284e-05	0
55.5	0.000774238	20	1.32682	3	0.00154848	40	1.32529	0.179759	-1.04465e-05	0
55.6	0.000753894	20	1.32682	3	0.00150779	40	1.32532	0.179759	-1.0172e-05	0
55.7	0.000734085	20	1.32682	3	0.00146817	40	1.32536	0.179759	-9.90471e-06	0
55.8	0.000714796	20	1.32682	3	0.00142959	40	1.3254	0.179759	-9.64445e-06	0
55.9	0.000696014	20	1.32681	3	0.00139203	40	1.32543	0.179759	-9.39104e-06	0
56	0.000677726	20	1.32681	3	0.00135545	40	1.32546	0.179759	-9.14428e-06	0
56.1	0.000659918	20	1.32681	3	0.00131984	40	1.3255	0.179759	-8.904e-06	0
56.2	0.000642577	20	1.32681	3	0.00128515	40	1.32553	0.179759	-8.67004e-06	0
56.3	0.000625693	20	1.3268	3	0.00125139	40	1.32556	0.179759	-8.44222e-06	0
56.4	0.000609252	20	1.3268	3	0.0012185	40	1.32559	0.179759	-8.22039e-06	0
56.5	0.000593243	20	1.3268	3	0.00118649	40	1.32562	0.179759	-8.00439e-06	0
56.6	0.000577655	20	1.3268	3	0.00115531	40	1.32565	0.179759	-7.79407e-06	0
56.7	0.000562477	20	1.3268	3	0.00112495	40	1.32568	0.179759	-7.58927e-06	0
56.8	0.000547697	20	1.32679	3	0.00109539	40	1.32571	0.179759	-7.38986e-06	0
56.9	0.000533306	20	1.32679	3	0.00106661	40	1.32573	0.179759	-7.19568e-06	0
57	0.000519292	20	1.32679	3	0.00103858	40	1.32576	0.179759	-7.0066e-06	0
57.1	0.000505647	20	1.32679	3	0.00101129	40	1.32578	0.179759	-6.8225e-06	0
57.2	0.000492361	20	1.32679	3	0.000984722	40	1.32581	0.179759	-6.64323e-06	0
57.3	0.000479424	20	1.32678	3	0.000958847	40	1.32583	0.179759	-6.46867e-06	0
57.4	0.000466826	20	1.32678	3	0.000933653	40	1.32586	0.179759	-6.2987e-06	0
57.5	0.00045456	20	1.32678	3	0.00090912	40	1.32588	0.179759	-6.13319e-06	0
57.6	0.000442616	20	1.32678	3	0.000885232	40	1.3259	0.179759	-5.97204e-06	0
57.7	0.000430986	20	1.32678	3	0.000861971	40	1.32592	0.179759	-5.81512e-06	0
57.8	0.000419661	20	1.32678	3	0.000839322	40	1.32594	0.179759	-5.66232e-06	0
57.9	0.000408634	20	1.32677	3	0.000817268	40	1.32596	0.179759	-5.51353e-06	0
58	0.000397897	20	1.32677	3	0.000795793	40	1.32598	0.179759	-5.36866e-06	0
58.1	0.000387441	20	1.32677	3	0.000774883	40	1.326	0.179759	-5.22759e-06	0
58.2	0.000377261	20	1.32677	3	0.000754522	40	1.32602	0.179759	-5.09023e-06	0
58.3	0.000367348	20	1.32677	3	0.000734696	40	1.32604	0.179759	-4.95648e-06	0
58.4	0.000357695	20	1.32677	3	0.000715391	40	1.32606	0.179759	-4.82624e-06	0
58.5	0.000348297	20	1.32677	3	0.000696593	40	1.32607	0.179759	-4.69943e-06	0
58.6	0.000339145	20	1.32677	3	0.000678289	40	1.32609	0.179759	-4.57594e-06	0
58.7	0.000330233	20	1.32676	3	0.000660467	40	1.32611	0.179759	-4.45571e-06	0
58.8	0.000321556	20	1.32676	3	0.000643112	40	1.32612	0.179759	-4.33863e-06	0
58.9	0.000313107	20	1.32676	3	0.000626214	40	1.32614	0.179759	-4.22462e-06	0
59	0.00030488	20	1.32676	3	0.000609759	40	1.32616	0.179759	-4.11362e-06	0
59.1	0.000296869	20	1.32676	3	0.000593737	40	1.32617	0.179759	-4.00553e-06	0
59.2	0.000289068	20	1.32676	3	0.000578136	40	1.32618	0.179759	-3.90028e-06	0
59.3	0.000281472	20	1.32676	3	0.000562945	40	1.3262	0.179759	-3.79779e-06	0
59.4	0.000274076	20	1.32676	3	0.000548153	40	1.32621	0.179759	-3.698e-06	0
59.5	0.000266875	20	1.32676	3	0.000533749	40	1.32623	0.179759	-3.60083e-06	0
59.6	0.000259862	20	1.32675	3	0.000519725	40	1.32624	0.179759	-3.50622e-06	0
59.7	0.000253034	20	1.32675	3	0.000506068	40	1.32625	0.179759	-3.41409e-06	0
59.8	0.000246385	20	1.32675	3	0.000492771	40	1.32626	0.179759	-3.32438e-06	0
59.9	0.000239911	20	1.32675	3	0.000479823	40	1.32628	0.179759	-3.23703e-06	0
60	0.000233607	-45.6591	1.32675	-3	0.000467215	-91.3182	1.32629	0.179759	-3.15197e-06	-32.8295
60.1	0.000227469	-45.0007	1.32675	-3	0.000454938	-90.0014	1.3263	0.179759	-3.06915e-06	0.329193
60.2	0.000221492	-44.3444	1.32675	-3	0.000442984	-88.6888	1.32631	0.179759	-2.9885e-06	0.328158
60.3	0.000215672	-43.6901	1.32675	-3	0.000431344	-87.3803	1.32632	0.179759	-2.90998e-06	0.327121
60.4	0.000210005	-43.038	1.32675	-3	0.00042001	-86.076	1.32633	0.179759	-2.83351e-06	0.326082
60.5	0.000204487	-42.3879	1.32675	-3	0.000408974	-84.7758	1.32634	0.179759	-2.75906e-06	0.325041
60.6	0.000199114	-41.7399	1.32675	-3	0.000398228	-83.4798	1.32635	0.179759	-2.68656e-06	0.323998
60.7	0.000193882	-41.094	1.32675	-3	0.000387764	-82.188	1.32636	0.179759	-2.61597e-06	0.322953
60.8	0.000188787	-40.4502	1.32675	-3	0.000377575	-80.9004	1.32637	0.179759	-2.54723e-06	0.321906
60.9	0.000183827	-39.8085	1.32674	-3	0.000367654	-79.6169	1.32638	0.179759	-2.4803e-06	0.320856
61	0.000178997	-39.1689	1.32674	-3	0.000357993	-78.3377	1.32639	0.179759	-2.41513e-06	0.319805
61.1	0.000174293	-38.5314	1.32674	-3	0.000348586	-77.0627	1.3264	0.179759	-2.35167e-06	0.318751
61.2	0.000169713	-37.896	1.32674	-3	0.000339427	-75.7919	1.32641	0.179759	-2.28988e-06	0.317695
61.3	0.000165254	-37.2627	1.32674	-3	0.000330508	-74.5254	1.32641	0.179759	-2.22971e-06	0.316637
61.4	0.000160912	-36.6315	1.32674	-3	0.000321824	-73.2631	1.32642	0.179759	-2.17112e-06	0.315576
61.5	0.000156684	-36.0025	1.32674	-3	0.000313367	-72.005	1.32643	0.179759	-2.11407e-06	0.314514
61.6	0.000152567	-35.3756	1.32674	-3	0.000305133	-70.7512	1.32644	0.179759	-2.05852e-06	0.313448
61.7	0.000148558	-34.7509	1.32674	-3	0.000297115	-69.5017	1.32644	0.179759	-2.00443e-06	0.312381
61.8	0.000144654	-34.1282	1.32674	-3	0.000289308	-68.2565	1.32645	0.179759	-1.95176e-06	0.311311
61.9	0.000140853	-33.5078	1.32674	-3	0.000281707	-67.0155	1.32646	0.179759	-1.90048e-06	0.310239
62	0.000137152	-32.8894	1.32674	-3	0.000274304	-65.7789	1.32647	0.179759	-1.85054e-06	0.309164
62.1	0.000133548	-32.2733	1.32674	-3	0.000267097	-64.5465	1.32647	0.179759	-1.80191e-06	0.308087
62.2	0.000130039	-31.6592	1.32674	-3	0.000260078	-63.3185	1.32648	0.179759	-1.75457e-06	0.307007
62.3	0.000126622	-31.0474	1.32674	-3	0.000253245	-62.0948	1.32649	0.179759	-1.70846e-06	0.305924
62.4	0.000123295	-30.4377	1.32674	-3	0.00024659	-60.8754	1.32649	0.179759	-1.66357e-06	0.304839
62.5	0.000120055	-29.8302	1.32674	-3	0.000240111	-59.6604	1.3265	0.179759	-1.61986e-06	0.303751
62.6	0.000116901	-29.2249	1.32674	-3	0.000233802	-58.4498	1.3265	0.179759	-1.5773e-06	0.302661
62.7	0.000113829	-28.6218	1.32674	-3	0.000227658	-57.2435	1.32651	0.179759	-1.53585e-06	0.301568
62.8	0.000110838	-28.0208	1.32673	-3	0.000221676	-56.0416	1.32651	0.179759	-1.4955e-06	0.300472
62.9	0.000107926	-27.4221	1.32673	-3	0.000215851	-54.8441	1.32652	0.179759	-1.4562e-06	0.299373
63	0.00010509	-26.8255	1.32673	-3	0.00021018	-53.651	1.32653	0.179759	-1.41794e-06	0.298272
63.1	0.000102329	-26.2312	1.32673	-3	0.000204657	-52.4624	1.32653	0.179759	-1.38068e-06	0.297167
63.2	9.96397e-05	-25.6391	1.32673	-3	0.000199279	-51.2781	1.32654	0.179759	-1.3444e-06	0.29606
63.3	9.70216e-05	-25.0492	1.32673	-3	0.000194043	-50.0983	1.32654	0.179759	-1.30907e-06	0.294949
63.4	9.44722e-05	-24.4615	1.32673	-3	0.000188944	-48.923	1.32655	0.179759	-1.27468e-06	0.293836
63.5	9.19899e-05	-23.8761	1.32673	-3	0.00018398	-47.7521	1.32655	0.179759	-1.24118e-06	0.292719
63.6	8.95727e-05	-23.2929	1.32673	-3	0.000179145	-46.5857	1.32655	0.179759	-1.20857e-06	0.291599
63.7	8.72191e-05	-22.7119	1.32673	-3	0.000174438	-45.4238	1.32656	0.179759	-1.17681e-06	0.290476
63.8	8.49273e-05	-22.1332	1.32673	-3	0.000169855	-44.2664	1.32656	0.179759	-1.14589e-06	0.28935
63.9	8.26957e-05	-21.5568	1.32673	-3	0.000165391	-43.1135	1.32657	0.179759	-1.11578e-06	0.288221
64	8.05228e-05	-20.9826	1.32673	-3	0.000161046	-41.9652	1.32657	0.179759	-1.08646e-06	0.287088
64.1	7.8407e-05	-20.4107	1.32673	-3	0.000156814	-40.8214	1.32657	0.179759	-1.05791e-06	0.285952
64.2	7.63468e-05	-19.8411	1.32673	-3	0.000152694	-39.6821	1.32658	0.179759	-1.03012e-06	0.284812
64.3	7.43407e-05	-19.2737	1.32673	-3	0.000148681	-38.5474	1.32658	0.179759	-1.00305e-06	0.283669
64.4	7.23873e-05	-18.7087	1.32673	-3	0.000144775	-37.4174	1.32659	0.179759	-9.76693e-07	0.282522
64.5	7.04852e-05	-18.1459	1.32673	-3	0.00014097	-36.2919	1.32659	0.179759	-9.51029e-07	0.281372
64.6	6.86331e-05	-17.5855	1.32673	-3	0.000137266	-35.171	1.32659	0.179759	-9.2604e-07	0.280217
64.7	6.68297e-05	-17.0274	1.32673	-3	0.000133659	-34.0548	1.3266	0.179759	-9.01707e-07	0.27906
64.8	6.50737e-05	-16.4716	1.32673	-3	0.000130147	-32.9432	1.3266	0.179759	-8.78014e-07	0.277898
64.9	6.33638e-05	-15.9181	1.32673	-3	0.000126728	-31.8362	1.3266	0.179759	-8.54943e-07	0.276732
65	6.16989e-05	-15.367	1.32673	-3	0.000123398	-30.734	1.32661	0.179759	-8.32478e-07	0.275562
65.1	6.00776e-05	-14.8182	1.32673	-3	0.000120155	-29.6364	1.32661	0.179759	-8.10604e-07	0.274388
65.2	5.8499e-05	-14.2718	1.32673	-3	0.000116998	-28.5436	1.32661	0.179759	-7.89304e-07	0.27321
65.3	5.69619e-05	-13.7277	1.32673	-3	0.000113924	-27.4555	1.32661	0.179759	-7.68564e-07	0.272028
65.4	5.54652e-05	-13.1861	1.32673	-3	0.00011093	-26.3721	1.32662	0.179759	-7.4837e-07	0.270842
65.5	5.40078e-05	-12.6468	1.32673	-3	0.000108016	-25.2935	1.32662	0.179759	-7.28705e-07	0.269651
65.6	5.25886e-05	-12.1098	1.32673	-3	0.000105177	-24.2197	1.32662	0.179759	-7.09558e-07	0.268455
65.7	5.12068e-05	-11.5753	1.32673	-3	0.000102414	-23.1507	1.32663	0.179759	-6.90913e-07	0.267255
65.8	4.98613e-05	-11.0432	1.32673	-3	9.97226e-05	-22.0865	1.32663	0.179759	-6.72759e-07	0.266051
65.9	4.85511e-05	-10.5136	1.32673	-3	9.71023e-05	-21.0271	1.32663	0.179759	-6.55081e-07	0.264841
66	4.72754e-05	-9.9863	1.32673	-3	9.45508e-05	-19.9726	1.32663	0.179759	-6.37868e-07	0.263627
66.1	4.60332e-05	-9.46149	1.32673	-3	9.20664e-05	-18.923	1.32663	0.179759	-6.21108e-07	0.262407
66.2	4.48236e-05	-8.93912	1.32673	-3	8.96472e-05	-17.8782	1.32664	0.179759	-6.04787e-07	0.261183
66.3	4.36458e-05	-8.41921	1.32673	-3	8.72916e-05	-16.8384	1.32664	0.179759	-5.88896e-07	0.259953
66.4	4.2499e-05	-7.90178	1.32673	-3	8.4998e-05	-15.8036	1.32664	0.179759	-5.73422e-07	0.258718
66.5	4.13823e-05	-7.38682	1.32673	-3	8.27645e-05	-14.7736	1.32664	0.179759	-5.58355e-07	0.257478
66.6	4.02949e-05	-6.87436	1.32673	-3	8.05898e-05	-13.7487	1.32665	0.179759	-5.43683e-07	0.256232
66.7	3.92361e-05	-6.3644	1.32673	-3	7.84722e-05	-12.7288	1.32665	0.179759	-5.29397e-07	0.25498
66.8	3.82051e-05	-5.85695	1.32673	-3	7.64103e-05	-11.7139	1.32665	0.179759	-5.15487e-07	0.253723
66.9	3.72013e-05	-5.35203	1.32673	-3	7.44025e-05	-10.7041	1.32665	0.179759	-5.01942e-07	0.252459
67	3.62237e-05	-4.84965	1.32673	-3	7.24475e-05	-9.69931	1.32665	0.179759	-4.88753e-07	0.251189
67.1	3.52719e-05	-4.34983	1.32672	-3	7.05438e-05	-8.69965	1.32665	0.179759	-4.7591e-07	0.249913
67.2	3.43451e-05	-3.85256	1.32672	-3	6.86902e-05	-7.70513	1.32666	0.179759	-4.63405e-07	0.248631
67.3	3.34427e-05	-3.35788	1.32672	-3	6.68853e-05	-6.71576	1.32666	0.179759	-4.51229e-07	0.247342
67.4	3.25639e-05	-2.86579	1.32672	-3	6.51278e-05	-5.73158	1.32666	0.179759	-4.39372e-07	0.246046
67.5	3.17083e-05	-2.3763	1.32672	-3	6.34165e-05	-4.7526	1.32666	0.179759	-4.27827e-07	0.244743
67.6	3.08751e-05	-1.88943	1.32672	-3	6.17502e-05	-3.77887	1.32666	0.179759	-4.16585e-07	0.243433
67.7	3.00638e-05	-1.4052	1.32672	-2.45879	6.01276e-05	-2.81041	1.32666	0.109499	-4.05639e-07	0.242116
67.8	2.92738e-05	-1.00362	1.32672	-1.74712	5.85477e-05	-2.00723	1.32667	0.0593185	-3.9498e-07	0.200794
67.9	2.85046e-05	-0.709434	1.32672	-1.24793	5.70093e-05	-1.41887	1.32667	0.0238468	-3.84602e-07	0.147091
68	2.77557e-05	-0.49067	1.32672	-0.872644	5.55113e-05	-0.98134	1.32667	-0.000686713	-3.74496e-07	0.109382
68.1	2.70263e-05	-0.328596	1.32672	-0.593273	5.40527e-05	-0.657193	1.32667	-0.0171165	-3.64656e-07	0.0810367
68.2	2.63162e-05	-0.208724	1.32672	-0.385064	5.26324e-05	-0.417448	1.32667	-0.0275527	-3.55074e-07	0.0599364
68.3	2.56247e-05	-0.120299	1.32672	-0.229953	5.12494e-05	-0.240598	1.32667	-0.0335677	-3.45744e-07	0.0442125
68.4	2.49514e-05	-0.0552979	1.32672	-0.114428	4.99028e-05	-0.110596	1.32667	-0.0363326	-3.36659e-07	0.0325005
68.5	2.42958e-05	-0.00773851	1.32672	-0.0284168	4.85915e-05	-0.015477	1.32668	-0.0367195	-3.27813e-07	0.0237797
68.6	2.36574e-05	0.0268396	1.32672	0.0355908	4.73147e-05	0.0536793	1.32668	-0.0353775	-3.19199e-07	0.0172891
68.7	2.30357e-05	0.0517619	1.32672	0.0831954	4.60715e-05	0.103524	1.32668	-0.0327894	-3.10812e-07	0.0124611
68.8	2.24304e-05	0.0695071	1.32672	0.118573	4.48609e-05	0.139014	1.32668	-0.0293141	-3.02645e-07	0.00887262
68.9	2.18411e-05	0.0819231	1.32672	0.144836	4.36821e-05	0.163846	1.32668	-0.0252179	-2.94693e-07	0.00620801
69	2.12672e-05	0.0903871	1.32672	0.164308	4.25343e-05	0.180774	1.32668	-0.0206986	-2.86949e-07	0.00423198
69.1	2.07083e-05	0.0959252	1.32672	0.178717	4.14167e-05	0.19185	1.32668	-0.0159023	-2.79409e-07	0.00276909
69.2	2.01642e-05	0.0993023	1.32672	0.189356	4.03284e-05	0.198605	1.32668	-0.0109372	-2.72068e-07	0.00168853
69.3	1.96344e-05	0.101088	1.32672	0.197186	3.92687e-05	0.202176	1.32668	-0.00588278	-2.64919e-07	0.000892777
69.4	1.91185e-05	0.101706	1.32672	0.202924	3.82369e-05	0.203412	1.32668	-0.000797475	-2.57958e-07	0.000309111
69.5	1.86161e-05	0.101473	1.32672	0.207105	3.72322e-05	0.202945	1.32669	0.00427616	-2.5118e-07	-0.000116675
69.6	1.81269e-05	0.100623	1.32672	0.210128	3.62539e-05	0.201246	1.32669	0.0093073	-2.4458e-07	-0.000424991
69.7	1.76506e-05	0.0993308	1.32672	0.21229	3.53013e-05	0.198662	1.32669	0.0142738	-2.38153e-07	-0.000645963
69.8	1.71868e-05	0.0977267	1.32672	0.213812	3.43737e-05	0.195453	1.32669	0.0191602	-2.31895e-07	-0.000802044
69.9	1.67352e-05	0.0959068	1.32672	0.214859	3.34705e-05	0.191814	1.32669	0.0239555	-2.25802e-07	-0.000909973
70	1.62955e-05	0.0939424	1.32672	0.215555	3.2591e-05	0.187885	1.32669	0.0286526	-2.19869e-07	-0.00098222
70.1	1.58673e-05	0.0918862	1.32672	0.215991	3.17346e-05	0.183772	1.32669	0.0332469	-2.14091e-07	-0.00102808
70.2	1.54504e-05	0.0897772	1.32672	0.216236	3.09008e-05	0.179554	1.32669	0.0377358	-2.08466e-07	-0.00105448
70.3	1.50444e-05	0.0876441	1.32672	0.21634	3.00888e-05	0.175288	1.32669	0.042118	-2.02988e-07	-0.00106657
70.4	1.46491e-05	0.0855077	1.32672	0.216341	2.92982e-05	0.171015	1.32669	0.0463934	-1.97655e-07	-0.00106819
70.5	1.42642e-05	0.0833833	1.32672	0.216267	2.85284e-05	0.166767	1.32669	0.0505626	-1.92461e-07	-0.00106221
70.6	1.38894e-05	0.0812818	1.32672	0.21614	2.77787e-05	0.162564	1.32669	0.0546267	-1.87404e-07	-0.00105074
70.7	1.35244e-05	0.0792111	1.32672	0.215974	2.70488e-05	0.158422	1.3267	0.0585872	-1.8248e-07	-0.00103537
70.8	1.3169e-05	0.0771766	1.32672	0.215782	2.63381e-05	0.154353	1.3267	0.062446	-1.77685e-07	-0.00101726
70.9	1.2823e-05	0.075182	1.32672	0.215572	2.5646e-05	0.150364	1.3267	0.0662051	-1.73016e-07	-0.000997297
71	1.24861e-05	0.0732297	1.32672	0.21535	2.49721e-05	0.146459	1.3267	0.0698666	-1.6847e-07	-0.000976115
71.1	1.2158e-05	0.0713214	1.32672	0.215121	2.4316e-05	0.142643	1.3267	0.0734327	-1.64043e-07	-0.000954191
71.2	1.18385e-05	0.0694576	1.32672	0.214889	2.3677e-05	0.138915	1.3267	0.0769056	-1.59732e-07	-0.000931875
71.3	1.15274e-05	0.0676388	1.32672	0.214656	2.30549e-05	0.135278	1.3267	0.0802875	-1.55535e-07	-0.000909426
71.4	1.12246e-05	0.0658647	1.32672	0.214423	2.24491e-05	0.131729	1.3267	0.0835807	-1.51448e-07	-0.000887029
71.5	1.09296e-05	0.0641351	1.32672	0.214193	2.18592e-05	0.12827	1.3267	0.0867875	-1.47469e-07	-0.000864821
71.6	1.06424e-05	0.0624493	1.32672	0.213966	2.12849e-05	0.124899	1.3267	0.08991	-1.43594e-07	-0.000842898
71.7	1.03628e-05	0.0608066	1.32672	0.213742	2.07256e-05	0.121613	1.3267	0.0929503	-1.39821e-07	-0.00082133
71.8	1.00905e-05	0.0592063	1.32672	0.213523	2.0181e-05	0.118413	1.3267	0.0959106	-1.36147e-07	-0.000800165
71.9	9.82535e-06	0.0576474	1.32672	0.213308	1.96507e-05	0.115295	1.3267	0.098793	-1.3257e-07	-0.000779433
72	9.56718e-06	0.0561291	1.32672	0.213098	1.91344e-05	0.112258	1.3267	0.101599	-1.29086e-07	-0.000759155
72.1	9.31579e-06	0.0546504	1.32672	0.212893	1.86316e-05	0.109301	1.3267	0.104332	-1.25694e-07	-0.000739342
72.2	9.07101e-06	0.0532104	1.32672	0.212693	1.8142e-05	0.106421	1.3267	0.106992	-1.22392e-07	-0.000720001
72.3	8.83266e-06	0.0518082	1.32672	0.212498	1.76653e-05	0.103616	1.3267	0.109583	-1.19176e-07	-0.000701131
72.4	8.60057e-06	0.0504427	1.32672	0.212308	1.72011e-05	0.100885	1.3267	0.112105	-1.16044e-07	-0.000682729
72.5	8.37458e-06	0.0491131	1.32672	0.212122	1.67492e-05	0.0982262	1.3267	0.114561	-1.12995e-07	-0.000664792
72.6	8.15453e-06	0.0478185	1.32672	0.211941	1.63091e-05	0.095637	1.32671	0.116952	-1.10026e-07	-0.000647311
72.7	7.94026e-06	0.0465579	1.32672	0.211765	1.58805e-05	0.0931159	1.32671	0.119279	-1.07135e-07	-0.00063028
72.8	7.73162e-06	0.0453305	1.32672	0.211593	1.54632e-05	0.0906611	1.32671	0.121546	-1.0432e-07	-0.000613689
72.9	7.52846e-06	0.0441355	1.32672	0.211426	1.50569e-05	0.088271	1.32671	0.123753	-1.01579e-07	-0.000597528
73	7.33064e-06	0.0429719	1.32672	0.211263	1.46613e-05	0.0859438	1.32671	0.125901	-9.89095e-08	-0.000581789
73.1	7.13802e-06	0.041839	1.32672	0.211105	1.4276e-05	0.083678	1.32671	0.127993	-9.63105e-08	-0.000566461
73.2	6.95046e-06	0.0407359	1.32672	0.21095	1.39009e-05	0.0814719	1.32671	0.13003	-9.37798e-08	-0.000551534
73.3	6.76783e-06	0.0396619	1.32672	0.2108	1.35357e-05	0.0793239	1.32671	0.132013	-9.13157e-08	-0.000536999
73.4	6.59e-06	0.0386162	1.32672	0.210654	1.318e-05	0.0772325	1.32671	0.133944	-8.89162e-08	-0.000522845
73.5	6.41684e-06	0.0375981	1.32672	0.210511	1.28337e-05	0.0751962	1.32671	0.135824	-8.65799e-08	-0.000509064
73.6	6.24823e-06	0.0366068	1.32672	0.210372	1.24965e-05	0.0732136	1.32671	0.137654	-8.43049e-08	-0.000495644
73.7	6.08405e-06	0.0356417	1.32672	0.210237	1.21681e-05	0.0712833	1.32671	0.139436	-8.20897e-08	-0.000482579
73.8	5.92418e-06	0.034702	1.32672	0.210106	1.18484e-05	0.0694039	1.32671	0.141171	-7.99327e-08	-0.000469857
73.9	5.76852e-06	0.033787	1.32672	0.209977	1.1537e-05	0.067574	1.32671	0.142861	-7.78323e-08	-0.00045747
74	5.61694e-06	0.0328962	1.32672	0.209853	1.12339e-05	0.0657924	1.32671	0.144506	-7.57872e-08	-0.000445409
74.1	5.46935e-06	0.0320289	1.32672	0.209731	1.09387e-05	0.0640577	1.32671	0.146107	-7.37958e-08	-0.000433666
74.2	5.32564e-06	0.0311844	1.32672	0.209613	1.06513e-05	0.0623688	1.32671	0.147666	-7.18567e-08	-0.000422233
74.3	5.1857e-06	0.0303622	1.32672	0.209498	1.03714e-05	0.0607244	1.32671	0.149184	-6.99686e-08	-0.000411101
74.4	5.04944e-06	0.0295617	1.32672	0.209386	1.00989e-05	0.0591233	1.32671	0.150662	-6.81301e-08	-0.000400262
74.5	4.91676e-06	0.0287823	1.32672	0.209276	9.83352e-06	0.0575645	1.32671	0.152102	-6.63399e-08	-0.00038971
74.6	4.78757e-06	0.0280234	1.32672	0.20917	9.57514e-06	0.0560468	1.32671	0.153503	-6.45968e-08	-0.000379435
74.7	4.66177e-06	0.0272845	1.32672	0.209067	9.32354e-06	0.054569	1.32671	0.154867	-6.28994e-08	-0.000369431
74.8	4.53928e-06	0.0265651	1.32672	0.208966	9.07855e-06	0.0531303	1.32671	0.156195	-6.12467e-08	-0.000359691
74.9	4.42e-06	0.0258647	1.32672	0.208868	8.84e-06	0.0517294	1.32671	0.157488	-5.96373e-08	-0.000350207
75	15	20	3	3	30	40	1.32671	0.157488	7.5	9.98707
75.1	15	20	3	3	30	40	1.32671	0.157488	0	0
75.2	15	20	3	3	30	40	1.32671	0.157488	0	0
75.3	15	20	3	3	30	40	1.32671	0.157488	0	0
75.4	15	20	3	3	30	40	1.32671	0.157488	0	0
75.5	15	20	3	3	30	40	1.32671	0.157488	0	0
75.6	15	20	3	3	30	40	1.32671	0.157488	0	0
75.7	15	20	3	3	30	40	1.32671	0.157488	0	0
75.8	15	20	3	3	30	40	1.32671	0.157488	0	0
75.9	15	20	3	3	30	40	1.32671	0.157488	0	0
76	15	20	3	3	30	40	1.32671	0.157488	0	0
76.1	15	20	3	3	30	40	1.32671	0.157488	0	0
76.2	15	20	3	3	30	40	1.32671	0.157488	0	0
76.3	15	20	3	3	30	40	1.32671	0.157488	0	0
76.4	15	20	3	3	30	40	1.32671	0.157488	0	0
76.5	15	20	3	3	30	40	1.32671	0.157488	0	0
76.6	15	20	3	3	30	40	1.32671	0.157488	0	0
76.7	15	20	3	3	30	40	1.32671	0.157488	0	0
76.8	15	20	3	3	30	40	1.32671	0.157488	0	0
76.9	15	20	3	3	30	40	1.32671	0.157488	0	0
77	15	20	3	3	30	40	1.32671	0.157488	0	0
77.1	15	20	3	3	30	40	1.32671	0.157488	0	0
77.2	15	20	3	3	30	40	1.32671	0.157488	0	0
77.3	15	20	3	3	30	40	1.32671	0.157488	0	0
77.4	15	20	3	3	30	40	1.32671	0.157488	0	0
77.5	15	20	3	3	30	40	1.32671	0.157488	0	0
77.6	15	20	3	3	30	40	1.32671	0.157488	0	0
77.7	15	20	3	3	30	40	1.32671	0.157488	0	0
77.8	15	20	3	3	30	40	1.32671	0.157488	0	0
77.9	15	20	3	3	30	40	1.32671	0.157488	0	0
78	15	20	3	3	30	40	1.32671	0.157488	0	0
78.1	15	20	3	3	30	40	1.32671	0.157488	0	0
78.2	15	20	3	3	30	40	1.32671	0.157488	0	0
78.3	15	20	3	3	30	40	1.32671	0.157488	0	0
78.4	15	20	3	3	30	40	1.32671	0.157488	0	0
78.5	15	20	3	3	30	40	1.32671	0.157488	0	0
78.6	15	20	3	3	30	40	1.32671	0.157488	0	0
78.7	15	20	3	3	30	40	1.32671	0.157488	0	0
78.8	15	20	3	3	30	40	1.32671	0.157488	0	0
78.9	15	20	3	3	30	40	1.32671	0.157488	0	0
79	15	20	3	3	30	40	1.32671	0.157488	0	0
79.1	15	20	3	3	30	40	1.32671	0.157488	0	0
79.2	15	20	3	3	30	40	1.32671	0.157488	0	0
79.3	15	20	3	3	30	40	1.32671	0.157488	0	0
79.4	15	20	3	3	30	40	1.32671	0.157488	0	0
79.5	15	20	3	3	30	40	1.32671	0.157488	0	0
79.6	15	20	3	3	30	40	1.32671	0.157488	0	0
79.7	15	20	3	3	30	40	1.32671	0.157488	0	0
79.8	15	20	3	3	30	40	1.32671	0.157488	0	0
79.9	15	20	3	3	30	40	1.32671	0.157488	0	0
80	15	20	3	3	30	40	1.32671	0.157488	0	0
80.1	15	20	3	3	30	40	1.32671	0.157488	0	0
80.2	15	20	3	3	30	40	1.32671	0.157488	0	0
80.3	15	20	3	3	30	40	1.32671	0.157488	0	0
80.4	15	20	3	3	30	40	1.32671	0.157488	0	0
80.5	15	20	3	3	30	40	1.32671	0.157488	0	0
80.6	15	20	3	3	30	40	1.32671	0.157488	0	0
80.7	15	20	3	3	30	40	1.32671	0.157488	0	0
80.8	15	20	3	3	30	40	1.32671	0.157488	0	0
80.9	15	20	3	3	30	40	1.32671	0.157488	0	0
81	15	20	3	3	30	40	1.32671	0.157488	0	0
81.1	15	20	3	3	30	40	1.32671	0.157488	0	0
81.2	15	20	3	3	30	40	1.32671	0.157488	0	0
81.3	15	20	3	3	30	40	1.32671	0.157488	0	0
81.4	15	20	3	3	30	40	1.32671	0.157488	0	0
81.5	15	20	3	3	30	40	1.32671	0.157488	0	0
81.6	15	20	3	3	30	40	1.32671	0.157488	0	0
81.7	15	20	3	3	30	40	1.32671	0.157488	0	0
81.8	15	20	3	3	30	40	1.32671	0.157488	0	0
81.9	15	20	3	3	30	40	1.32671	0.157488	0	0
82	15	20	3	3	30	40	1.32671	0.157488	0	0
82.1	15	20	3	3	30	40	1.32671	0.157488	0	0
82.2	15	20	3	3	30	40	1.32671	0.157488	0	0
82.3	15	20	3	3	30	40	1.32671	0.157488	0	0
82.4	15	20	3	3	30	40	1.32671	0.157488	0	0
82.5	15	20	3	3	30	40	1.32671	0.157488	0	0
82.6	15	20	3	3	30	40	1.32671	0.157488	0	0
82.7	15	20	3	3	30	40	1.32671	0.157488	0	0
82.8	15	20	3	3	30	40	1.32671	0.157488	0	0
82.9	15	20	3	3	30	40	1.32671	0.157488	0	0
83	15	20	3	3	30	40	1.32671	0.157488	0	0
83.1	15	20	3	3	30	40	1.32671	0.157488	0	0
83.2	15	20	3	3	30	40	1.32671	0.157488	0	0
83.3	15	20	3	3	30	40	1.32671	0.157488	0	0
83.4	15	20	3	3	30	40	1.32671	0.157488	0	0
83.5	15	20	3	3	30	40	1.32671	0.157488	0	0
83.6	15	20	3	3	30	40	1.32671	0.157488	0	0
83.7	15	20	3	3	30	40	1.32671	0.157488	0	0
83.8	15	20	3	3	30	40	1.32671	0.157488	0	0
83.9	15	20	3	3	30	40	1.32671	0.157488	0	0
84	15	20	3	3	30	40	1.32671	0.157488	0	0
84.1	15	20	3	3	30	40	1.32671	0.157488	0	0
84.2	15	20	3	3	30	40	1.32671	0.157488	0	0
84.3	15	20	3	3	30	40	1.32671	0.157488	0	0
84.4	15	20	3	3	30	40	1.32671	0.157488	0	0
84.5	15	20	3	3	30	40	1.32671	0.157488	0	0
84.6	15	20	3	3	30	40	1.32671	0.157488	0	0
84.7	15	20	3	3	30	40	1.32671	0.157488	0	0
84.8	15	20	3	3	30	40	1.32671	0.157488	0	0
84.9	15	20	3	3	30	40	1.32671	0.157488	0	0
85	15	20	3	3	30	40	1.32671	0.157488	0	0
85.1	15	20	3	3	30	40	1.32671	0.157488	0	0
85.2	15	20	3	3	30	40	1.32671	0.157488	0	0
85.3	15	20	3	3	30	40	1.32671	0.157488	0	0
85.4	15	20	3	3	30	40	1.32671	0.157488	0	0
85.5	15	20	3	3	30	40	1.32671	0.157488	0	0
85.6	15	20	3	3	30	40	1.32671	0.157488	0	0
85.7	15	20	3	3	30	40	1.32671	0.157488	0	0
85.8	15	20	3	3	30	40	1.32671	0.157488	0	0
85.9	15	20	3	3	30	40	1.32671	0.157488	0	0
86	15	20	3	3	30	40	1.32671	0.157488	0	0
86.1	15	20	3	3	30	40	1.32671	0.157488	0	0
86.2	15	20	3	3	30	40	1.32671	0.157488	0	0
86.3	15	20	3	3	30	40	1.32671	0.157488	0	0
86.4	15	20	3	3	30	40	1.32671	0.157488	0	0
86.5	15	20	3	3	30	40	1.32671	0.157488	0	0
86.6	15	20	3	3	30	40	1.32671	0.157488	0	0
86.7	15	20	3	3	30	40	1.32671	0.157488	0	0
86.8	15	20	3	3	30	40	1.32671	0.157488	0	0
86.9	15	20	3	3	30	40	1.32671	0.157488	0	0
87	15	20	3	3	30	40	1.32671	0.157488	0	0
87.1	15	20	3	3	30	40	1.32671	0.157488	0	0
87.2	15	20	3	3	30	40	1.32671	0.157488	0	0
87.3	15	20	3	3	30	40	1.32671	0.157488	0	0
87.4	15	20	3	3	30	40	1.32671	0.157488	0	0
87.5	15	20	3	3	30	40	1.32671	0.157488	0	0
87.6	15	20	3	3	30	40	1.32671	0.157488	0	0
87.7	15	20	3	3	30	40	1.32671	0.157488	0	0
87.8	15	20	3	3	30	40	1.32671	0.157488	0	0
87.9	15	20	3	3	30	40	1.32671	0.157488	0	0
88	15	20	3	3	30	40	1.32671	0.157488	0	0
88.1	15	20	3	3	30	40	1.32671	0.157488	0	0
88.2	15	20	3	3	30	40	1.32671	0.157488	0	0
88.3	15	20	3	3	30	40	1.32671	0.157488	0	0
88.4	15	20	3	3	30	40	1.32671	0.157488	0	0
88.5	15	20	3	3	30	40	1.32671	0.157488	0	0
88.6	15	20	3	3	30	40	1.32671	0.157488	0	0
88.7	15	20	3	3	30	40	1.32671	0.157488	0	0
88.8	15	20	3	3	30	40	1.32671	0.157488	0	0
88.9	15	20	3	3	30	40	1.32671	0.157488	0	0
89	15	20	3	3	30	40	1.32671	0.157488	0	0
89.1	15	20	3	3	30	40	1.32671	0.157488	0	0
89.2	15	20	3	3	30	40	1.32671	0.157488	0	0
89.3	15	20	3	3	30	40	1.32671	0.157488	0	0
89.4	15	20	3	3	30	40	1.32671	0.157488	0	0
89.5	15	20	3	3	30	40	1.32671	0.157488	0	0
89.6	15	20	3	3	30	40	1.32671	0.157488	0	0
89.7	15	20	3	3	30	40	1.32671	0.157488	0	0
89.8	15	20	3	3	30	40	1.32671	0.157488	0	0
89.9	15	20	3	3	30	40	1.32671	0.157488	0	0
90	-25.7498	-55.2556	-3	-3	-51.4995	-110.511	1.32671	0.157488	-20.3749	-37.6278
90.1	-24.9825	-54.6939	-3	-3	-49.9651	-109.388	1.32671	0.157488	0.383613	0.28085
90.2	-24.2184	-54.1308	-3	-3	-48.4368	-108.262	1.32671	0.157488	0.382076	0.281561
90.3	-23.4573	-53.5662	-3	-3	-46.9147	-107.132	1.32671	0.157488	0.38053	0.282275
90.4	-22.6994	-53.0002	-3	-3	-45.3988	-106	1.32671	0.157488	0.378975	0.282993
90.5	-21.9446	-52.4328	-3	-3	-43.8891	-104.866	1.32671	0.157488	0.377412	0.283715
90.6	-21.1929	-51.8639	-3	-3	-42.3857	-103.728	1.32671	0.157488	0.375839	0.284441
90.7	-20.4444	-51.2936	-3	-3	-40.8887	-102.587	1.32671	0.157488	0.374256	0.28517
90.8	-19.699	-50.7218	-3	-3	-39.3981	-101.444	1.32671	0.157488	0.372663	0.285904
90.9	-18.9569	-50.1485	-3	-3	-37.9138	-100.297	1.32671	0.157488	0.371061	0.286643
91	-18.218	-49.5737	-3	-3	-36.436	-99.1474	1.32671	0.157488	0.369448	0.287386
91.1	-17.4824	-48.9975	-3	-3	-34.9647	-97.9949	1.32671	0.157488	0.367824	0.288134
91.2	-16.75	-48.4197	-3	-3	-33.5	-96.8394	1.32671	0.157488	0.366189	0.288887
91.3	-16.0209	-47.8404	-3	-3	-32.0418	-95.6808	1.32671	0.157488	0.364543	0.289645
91.4	-15.2951	-47.2596	-3	-3	-30.5903	-94.5191	1.32671	0.157488	0.362885	0.290409
91.5	-14.5727	-46.6772	-3	-3	-29.1454	-93.3544	1.32671	0.157488	0.361215	0.291179
91.6	-13.8536	-46.0933	-3	-3	-27.7073	-92.1866	1.32671	0.157488	0.359533	0.291955
91.7	-13.138	-45.5078	-3	-3	-26.2759	-91.0157	1.32671	0.157488	0.357838	0.292737
91.8	-12.4257	-44.9208	-3	-3	-24.8514	-89.8416	1.32671	0.157488	0.356129	0.293526
91.9	-11.7169	-44.3321	-3	-3	-23.4338	-88.6643	1.32671	0.157488	0.354407	0.294322
92	-11.0115	-43.7419	-3	-3	-22.0231	-87.4838	1.32671	0.157488	0.352671	0.295126
92.1	-10.3097	-43.15	-3	-3	-20.6194	-86.3	1.32671	0.157488	0.35092	0.295937
92.2	-9.6114	-42.5565	-3	-3	-19.2228	-85.113	1.32671	0.157488	0.349153	0.296757
92.3	-8.91666	-41.9613	-3	-3	-17.8333	-83.9226	1.32671	0.157488	0.347371	0.297585
92.4	-8.22552	-41.3645	-3	-3	-16.451	-82.729	1.32671	0.157488	0.345572	0.298423
92.5	-7.538	-40.7659	-3	-3	-15.076	-81.5319	1.32671	0.157488	0.343757	0.29927
92.6	-6.85416	-40.1657	-3	-3	-13.7083	-80.3314	1.32671	0.157488	0.341923	0.300127
92.7	-6.17401	-39.5637	-3	-3	-12.348	-79.1274	1.32671	0.157488	0.340072	0.300995
92.8	-5.49761	-38.9599	-3	-3	-10.9952	-77.9199	1.32671	0.157488	0.338201	0.301875
92.9	-4.82499	-38.3544	-3	-3	-9.64998	-76.7088	1.32671	0.157488	0.336309	0.302767
93	-4.1562	-37.7471	-3	-3	-8.3124	-75.4941	1.32671	0.157488	0.334397	0.303671
93.1	-3.49127	-37.1379	-3	-3	-6.98254	-74.2758	1.32671	0.157488	0.332463	0.304589
93.2	-2.83026	-36.5268	-3	-3	-5.66052	-73.0537	1.32671	0.157488	0.330506	0.305522
93.3	-2.17321	-35.9139	-2.79984	-3	-4.34642	-71.8278	1.21805	0.157488	0.328525	0.30647
93.4	-1.54975	-35.2991	-1.6472	-3	-3.0995	-70.5983	1.14056	0.157488	0.311731	0.307388
93.5	-1.10047	-34.6831	-0.890751	-3	-2.20093	-69.3662	1.08554	0.157488	0.224641	0.308008
93.6	-0.76578	-34.0667	-0.316964	-3	-1.53156	-68.1335	1.04725	0.157488	0.167343	0.308189
93.7	-0.517998	-33.4506	0.109248	-3	-1.036	-66.9012	1.02135	0.157488	0.123891	0.308055
93.8	-0.334774	-32.8353	0.426676	-3	-0.669549	-65.6705	1.00461	0.157488	0.0916116	0.30768
93.9	-0.19963	-32.221	0.662943	-3	-0.399261	-64.442	0.994632	0.157488	0.067572	0.307122
94	-0.100268	-31.6082	0.838763	-3	-0.200536	-63.2163	0.989618	0.157488	0.0496812	0.306425
94.1	-0.027527	-30.9969	0.969558	-3	-0.0550541	-61.9938	0.988242	0.157488	0.0363705	0.305625
94.2	0.0254167	-30.3874	1.06682	-3	0.0508334	-60.7749	0.989513	0.157488	0.0264719	0.304746
94.3	0.0636461	-29.7798	1.1391	-3	0.127292	-59.5596	0.992695	0.157488	0.0191147	0.303807
94.4	0.0909467	-29.1742	1.19279	-3	0.181893	-58.3483	0.997242	0.157488	0.0136503	0.302823
94.5	0.110138	-28.5706	1.23262	-3	0.220275	-57.1411	1.00275	0.157488	0.00959548	0.301805
94.6	0.123318	-27.969	1.26214	-3	0.246636	-55.9381	1.00892	0.157488	0.00659024	0.300761
94.7	0.132051	-27.3696	1.28399	-3	0.264102	-54.7393	1.01552	0.157488	0.0043664	0.299696
94.8	0.137499	-26.7724	1.30012	-3	0.274999	-53.5448	1.02239	0.157488	0.00272423	0.298616
94.9	0.140529	-26.1774	1.31199	-3	0.281059	-52.3547	1.02942	0.157488	0.00151494	0.297524
95	0.141785	-25.5845	1.32071	-3	0.283569	-51.169	1.03651	0.157488	0.000627711	0.296421
95.1	0.141745	-24.9939	1.32707	-3	0.283489	-49.9878	1.0436	0.157488	-1.99799e-05	0.295311
95.2	0.140766	-24.4055	1.33168	-3	0.281531	-48.811	1.05063	0.157488	-0.000489599	0.294194
95.3	0.139112	-23.8194	1.33499	-3	0.278223	-47.6387	1.05759	0.157488	-0.00082692	0.293071
95.4	0.13698	-23.2355	1.33733	-3	0.273959	-46.471	1.06444	0.157488	-0.00106603	0.291943
95.5	0.134515	-22.6539	1.33896	-3	0.26903	-45.3077	1.07116	0.157488	-0.0012323	0.29081
95.6	0.131826	-22.0745	1.34006	-3	0.263652	-44.149	1.07776	0.157488	-0.00134463	0.289674
95.7	0.128992	-21.4975	1.34077	-3	0.257983	-42.9949	1.08421	0.157488	-0.00141709	0.288533
95.8	0.126071	-20.9227	1.34119	-3	0.252143	-41.8454	1.09051	0.157488	-0.00146014	0.287389
95.9	0.123108	-20.3502	1.3414	-3	0.246216	-40.7004	1.09666	0.157488	-0.00148158	0.286241
96	0.120134	-19.78	1.34145	-3	0.240267	-39.56	1.10267	0.157488	-0.0014872	0.285089
96.1	0.117171	-19.2121	1.34139	-3	0.234342	-38.4243	1.10853	0.157488	-0.00148131	0.283934
96.2	0.114237	-18.6466	1.34125	-3	0.228474	-37.2932	1.11424	0.157488	-0.0014671	0.282776
96.3	0.111343	-18.0834	1.34105	-3	0.222686	-36.1667	1.11981	0.157488	-0.00144696	0.281614
96.4	0.108498	-17.5225	1.34081	-3	0.216995	-35.0449	1.12523	0.157488	-0.00142266	0.280449
96.5	0.105707	-16.9639	1.34054	-3	0.211413	-33.9278	1.13052	0.157488	-0.0013955	0.279279
96.6	0.102974	-16.4077	1.34025	-3	0.205948	-32.8154	1.13567	0.157488	-0.00136644	0.278107
96.7	0.100301	-15.8538	1.33995	-3	0.200603	-31.7077	1.14068	0.157488	-0.00133621	0.27693
96.8	0.0976907	-15.3023	1.33964	-3	0.195381	-30.6047	1.14557	0.157488	-0.00130533	0.27575
96.9	0.0951424	-14.7532	1.33933	-3	0.190285	-29.5064	1.15032	0.157488	-0.00127418	0.274566
97	0.0926563	-14.2065	1.33903	-3	0.185313	-28.4129	1.15496	0.157488	-0.00124304	0.273378
97.1	0.090232	-13.6621	1.33872	-3	0.180464	-27.3242	1.15947	0.157488	-0.00121213	0.272186
97.2	0.0878689	-13.1201	1.33842	-3	0.175738	-26.2402	1.16386	0.157488	-0.00118158	0.270989
97.3	0.0855658	-12.5805	1.33812	-3	0.171132	-25.161	1.16814	0.157488	-0.00115151	0.269789
97.4	0.0833219	-12.0434	1.33783	-3	0.166644	-24.0867	1.17231	0.157488	-0.00112198	0.268584
97.5	0.0811358	-11.5086	1.33754	-3	0.162272	-23.0172	1.17636	0.157488	-0.00109304	0.267375
97.6	0.0790064	-10.9763	1.33726	-3	0.158013	-21.9526	1.18031	0.157488	-0.00106472	0.266162
97.7	0.0769323	-10.4464	1.33699	-3	0.153865	-20.8928	1.18416	0.157488	-0.00103705	0.264943
97.8	0.0749122	-9.91895	1.33672	-3	0.149824	-19.8379	1.18791	0.157488	-0.00101002	0.263721
97.9	0.0729449	-9.39397	1.33646	-3	0.14589	-18.7879	1.19155	0.157488	-0.000983651	0.262493
98	0.0710291	-8.87145	1.3362	-3	0.142058	-17.7429	1.1951	0.157488	-0.000957931	0.26126
98.1	0.0691634	-8.3514	1.33596	-3	0.138327	-16.7028	1.19856	0.157488	-0.000932856	0.260023
98.2	0.0673465	-7.83384	1.33571	-3	0.134693	-15.6677	1.20193	0.157488	-0.000908415	0.25878
98.3	0.0655773	-7.31878	1.33548	-3	0.131155	-14.6376	1.20521	0.157488	-0.000884599	0.257532
98.4	0.0638545	-6.80622	1.33525	-3	0.127709	-13.6124	1.2084	0.157488	-0.000861396	0.256278
98.5	0.062177	-6.29618	1.33503	-3	0.124354	-12.5924	1.21151	0.157488	-0.000838793	0.255019
98.6	0.0605434	-5.78868	1.33481	-3	0.121087	-11.5774	1.21454	0.157488	-0.000816776	0.253754
98.7	0.0589527	-5.28371	1.3346	-3	0.117905	-10.5674	1.21748	0.157488	-0.000795333	0.252484
98.8	0.0574038	-4.7813	1.33439	-3	0.114808	-9.56259	1.22036	0.157488	-0.000774449	0.251207
98.9	0.0558956	-4.28145	1.33419	-3	0.111791	-8.56289	1.22315	0.157488	-0.00075411	0.249924
99	0.054427	-3.78418	1.33399	-3	0.108854	-7.56836	1.22587	0.157488	-0.000734303	0.248635
99.1	0.052997	-3.2895	1.3338	-3	0.105994	-6.579	1.22852	0.157488	-0.000715016	0.247339
99.2	0.0516045	-2.79743	1.33361	-3	0.103209	-5.59485	1.2311	0.157488	-0.000696233	0.246037
99.3	0.0502486	-2.30797	1.33343	-3	0.100497	-4.61594	1.23361	0.157488	-0.000677943	0.244728
99.4	0.0489284	-1.82115	1.33326	-3	0.0978567	-3.64229	1.23606	0.157488	-0.000660133	0.243411
99.5	0.0476428	-1.33697	1.33309	-2.34121	0.0952856	-2.67394	1.23844	0.0906399	-0.000642791	0.242088
99.6	0.046391	-0.95283	1.33292	-1.67059	0.0927819	-1.90566	1.24076	0.0429985	-0.000625903	0.19207
99.7	0.0451721	-0.669942	1.33276	-1.18894	0.0903441	-1.33988	1.24302	0.00950135	-0.000609459	0.141444
99.8	0.0439852	-0.459826	1.3326	-0.828084	0.0879703	-0.919652	1.24522	-0.01349	-0.000593447	0.105058
99.9	0.0428295	-0.304228	1.33244	-0.559358	0.0856589	-0.608456	1.24736	-0.0287013	-0.000577855	0.0777991
100	0.0417041	-0.189228	1.33229	-0.35912	0.0834082	-0.378457	1.24945	-0.0381628	-0.000562673	0.0574997
100.1	0.0406083	-0.104479	1.33215	-0.20997	0.0812167	-0.208958	1.25148	-0.0433867	-0.000547889	0.0423748
100.2	0.0395413	-0.0422588	1.332	-0.0989072	0.0790827	-0.0845176	1.25345	-0.0454997	-0.000533494	0.03111
100.3	0.0385024	0.00318797	1.33186	-0.0162409	0.0770048	0.00637593	1.25538	-0.0453403	-0.000519477	0.0227234
100.4	0.0374907	0.036153	1.33173	0.045256	0.0749815	0.0723061	1.25725	-0.0435326	-0.000505829	0.0164825
100.5	0.0365056	0.0598358	1.3316	0.0909723	0.0730113	0.119672	1.25908	-0.0405408	-0.000492538	0.0118414
100.6	0.0355465	0.0766214	1.33147	0.124926	0.0710929	0.153243	1.26086	-0.0367097	-0.000479597	0.00839277
100.7	0.0346125	0.0882874	1.33134	0.150112	0.0692249	0.176575	1.26259	-0.0322954	-0.000466996	0.00583299
100.8	0.033703	0.0961587	1.33122	0.168766	0.067406	0.192317	1.26427	-0.0274874	-0.000454726	0.00393566
100.9	0.0328175	0.101223	1.3311	0.182551	0.0656349	0.202445	1.26591	-0.0224263	-0.000442779	0.00253197
101	0.0319552	0.104215	1.33099	0.19271	0.0639103	0.208429	1.26751	-0.0172156	-0.000431145	0.00149604
101.1	0.0311155	0.105683	1.33088	0.200168	0.0622311	0.211366	1.26907	-0.0119314	-0.000419817	0.000734043
101.2	0.030298	0.106035	1.33077	0.205616	0.0605959	0.21207	1.27058	-0.0066297	-0.000408786	0.000176016
101.3	0.0295019	0.105574	1.33066	0.209568	0.0590037	0.211149	1.27206	-0.00135098	-0.000398045	-0.000230199
101.4	0.0287267	0.104527	1.33056	0.212407	0.0574534	0.209055	1.27349	0.0038754	-0.000387587	-0.000523484
101.5	0.0279719	0.103062	1.33046	0.214419	0.0559438	0.206124	1.27489	0.00902849	-0.000377403	-0.000732822
101.6	0.0272369	0.101302	1.33036	0.215818	0.0544738	0.202604	1.27625	0.0140936	-0.000367487	-0.000879815
101.7	0.0265212	0.099341	1.33026	0.216762	0.0530425	0.198682	1.27758	0.0190606	-0.000357831	-0.000980567
101.8	0.0258244	0.0972469	1.33017	0.21737	0.0516488	0.194494	1.27887	0.023923	-0.000348429	-0.00104707
101.9	0.0251458	0.0950703	1.33008	0.217729	0.0502917	0.190141	1.28013	0.0286765	-0.000339275	-0.00108828
102	0.0244851	0.0928486	1.32999	0.217905	0.0489702	0.185697	1.28135	0.0333189	-0.00033036	-0.00111084
102.1	0.0238418	0.0906092	1.32991	0.217948	0.0476835	0.181218	1.28254	0.0378494	-0.00032168	-0.00111971
102.2	0.0232153	0.088372	1.32982	0.217893	0.0464306	0.176744	1.2837	0.042268	-0.000313228	-0.00111859
102.3	0.0226053	0.0861516	1.32974	0.217768	0.0452106	0.172303	1.28484	0.0465756	-0.000304998	-0.00111023
102.4	0.0220113	0.0839582	1.32966	0.217593	0.0440227	0.167916	1.28594	0.0507735	-0.000296984	-0.00109667
102.5	0.021433	0.0817994	1.32958	0.217383	0.042866	0.163599	1.28701	0.0548635	-0.000289181	-0.00107942
102.6	0.0208698	0.0796802	1.32951	0.217148	0.0417396	0.15936	1.28805	0.0588475	-0.000281582	-0.00105961
102.7	0.0203214	0.077604	1.32944	0.216898	0.0406429	0.155208	1.28907	0.0627277	-0.000274184	-0.00103808
102.8	0.0197875	0.0755731	1.32936	0.216637	0.039575	0.151146	1.29006	0.0665063	-0.00026698	-0.00101544
102.9	0.0192676	0.0735888	1.32929	0.216371	0.0385351	0.147178	1.29102	0.0701858	-0.000259965	-0.000992159
103	0.0187613	0.0716517	1.32923	0.216103	0.0375226	0.143303	1.29196	0.0737684	-0.000253134	-0.00096856
103.1	0.0182683	0.0697619	1.32916	0.215835	0.0365367	0.139524	1.29287	0.0772565	-0.000246483	-0.000944893
103.2	0.0177883	0.0679192	1.3291	0.21557	0.0355766	0.135838	1.29376	0.0806524	-0.000240006	-0.000921336
103.3	0.0173209	0.0661232	1.32903	0.215307	0.0346418	0.132246	1.29463	0.0839586	-0.0002337	-0.000898017
103.4	0.0168658	0.0643732	1.32897	0.215049	0.0337316	0.128746	1.29547	0.0871772	-0.00022756	-0.000875029
103.5	0.0164226	0.0626683	1.32891	0.214795	0.0328453	0.125337	1.29629	0.0903106	-0.000221581	-0.000852436
103.6	0.0159911	0.0610077	1.32886	0.214546	0.0319822	0.122015	1.29709	0.093361	-0.000215758	-0.000830283
103.7	0.0155709	0.0593905	1.3288	0.214303	0.0311419	0.118781	1.29787	0.0963306	-0.000210089	-0.000808598
103.8	0.0151618	0.0578157	1.32875	0.214065	0.0303236	0.115631	1.29863	0.0992213	-0.000204569	-0.000787399
103.9	0.0147634	0.0562823	1.32869	0.213833	0.0295268	0.112565	1.29937	0.102035	-0.000199194	-0.000766697
104	0.0143755	0.0547893	1.32864	0.213607	0.028751	0.109579	1.30008	0.104775	-0.00019396	-0.000746494
104.1	0.0139978	0.0533358	1.32859	0.213386	0.0279955	0.106672	1.30078	0.107442	-0.000188864	-0.000726791
104.2	0.01363	0.0519206	1.32854	0.213171	0.0272599	0.103841	1.30147	0.110038	-0.000183901	-0.000707583
104.3	0.0132718	0.0505429	1.32849	0.212962	0.0265436	0.101086	1.30213	0.112565	-0.000179069	-0.000688864
104.4	0.0129231	0.0492016	1.32845	0.212758	0.0258462	0.0984032	1.30278	0.115025	-0.000174364	-0.000670627
104.5	0.0125835	0.0478959	1.3284	0.212559	0.0251671	0.0957918	1.3034	0.11742	-0.000169782	-0.000652862
104.6	0.0122529	0.0466248	1.32836	0.212365	0.0245058	0.0932495	1.30402	0.119751	-0.000165321	-0.00063556
104.7	0.0119309	0.0453873	1.32831	0.212176	0.0238619	0.0907747	1.30461	0.12202	-0.000160977	-0.000618711
104.8	0.0116174	0.0441827	1.32827	0.211993	0.0232349	0.0883655	1.30519	0.12423	-0.000156748	-0.000602305
104.9	0.0113122	0.0430101	1.32823	0.211814	0.0226244	0.0860201	1.30576	0.12638	-0.000152629	-0.00058633
