0	0	0	0	3	0	3	0	0.01533	0.0041023
0	0	0	0	3	3	3	3	0.010715	0.0071701
0.42341	0	0.44428	0	3	3	3	3	0.0021884	0.0065097
0.82804	0.42341	0.88771	0.44428	3	3	3	3	-0.00043842	0.0049678
1.2213	0.82804	1.3303	0.88771	3	3	3	3	-0.0014611	0.0037845
1.6057	1.2213	1.7721	1.3303	3	3	3	3	-0.0017885	0.00279
1.9823	1.6057	2.2131	1.7721	3	3	3	3	-0.0017477	0.0019479
2.3523	1.9823	2.6533	2.2131	3	3	3	3	-0.0015454	0.0012213
2.7161	2.3523	3.0927	2.6533	3	3	3	3	-0.0012492	0.00061159
3.0743	2.7161	3.5314	3.0927	3	3	3	3	-0.00095427	7.5587e-05
3.4274	3.0743	3.9693	3.5314	3	3	3	3	-0.00064182	-0.00036723
3.7757	3.4274	4.4064	3.9693	3	3	3	3	-0.00037708	-0.00074503
4.1195	3.7757	4.8427	4.4064	3	3	3	3	-0.00013985	-0.0010651
4.459	4.1195	5.2783	4.8427	3	3	3	3	4.7403e-05	-0.001333
4.7945	4.459	5.7131	5.2783	3	3	3	3	0.00018911	-0.0015343
5.126	4.7945	6.1472	5.7131	3	3	3	3	0.00028739	-0.0016934
5.4539	5.126	6.5806	6.1472	3	3	3	3	0.0003523	-0.0018145
5.7782	5.4539	7.0132	6.5806	3	3	3	3	0.00037209	-0.0019111
6.0991	5.7782	7.4451	7.0132	3	3	3	3	0.00036312	-0.0019471
6.4168	6.0991	7.8762	7.4451	3	3	3	3	0.00031034	-0.0019656
6.7313	6.4168	8.3066	7.8762	3	3	3	3	0.00025723	-0.0019595
7.0427	6.7313	8.7363	8.3066	3	3	3	3	0.00016643	-0.0019215
7.3511	7.0427	9.1652	8.7363	3	3	3	3	6.8864e-05	-0.0018747
7.6567	7.3511	9.5935	9.1652	3	3	3	3	-5.5115e-05	-0.0017813
7.9594	7.6567	10.021	9.5935	3	3	3	3	-0.00017654	-0.0017041
8.2595	7.9594	10.448	10.021	3	3	3	3	-0.00029678	-0.0015847
8.5569	8.2595	10.874	10.448	3	3	3	3	-0.00043836	-0.001456
8.8518	8.5569	11.299	10.874	3	3	3	3	-0.00056461	-0.0013196
9.1441	8.8518	11.724	11.299	3	3	3	3	-0.00069921	-0.0011775
9.434	9.1441	12.148	11.724	3	3	3	3	-0.00081678	-0.0011315
9.7216	9.434	12.571	12.148	3	3	3	3	-0.00097207	-0.00088334
10.007	9.7216	12.994	12.571	3	3	3	3	-0.0010516	-0.00073545
10.29	10.007	13.416	12.994	3	3	3	3	-0.0011203	-0.00058746
10.57	10.29	13.837	13.416	3	3	3	3	-0.0012249	-0.00044203
10.849	10.57	14.257	13.837	3	3	3	3	-0.0012627	-0.0002004
11.125	10.849	14.677	14.257	3	3	3	3	-0.0014308	-0.0001633
11.399	11.125	15.096	14.677	3	3	3	3	-0.0014276	6.8503e-05
11.672	11.399	15.515	15.096	3	3	3	3	-0.0014502	9.3835e-05
11.942	11.672	15.933	15.515	3	3	3	3	-0.0014967	0.00031194
12.21	11.942	16.35	15.933	3	3	3	3	-0.0014666	0.00052175
12.476	12.21	16.766	16.35	3	3	3	3	-0.0014577	0.00052391
12.741	12.476	17.182	16.766	3	3	3	3	-0.0015693	0.0007174
13.003	12.741	17.597	17.182	3	3	3	3	-0.0014021	0.00080221
13.264	13.003	18.011	17.597	2.8992	3	2.9428	3	-0.0013611	0.00088151
13.523	13.264	18.425	18.011	2.485	2.8992	2.1967	2.9428	-0.00063815	0.00019686
13.765	13.523	18.83	18.425	2.2105	2.485	1.7094	2.1967	-0.00069319	0.0013416
13.944	13.765	19.123	18.83	2.0022	2.2105	1.337	1.7094	-0.00063883	0.0015851
14.082	13.944	19.344	19.123	1.8469	2.0022	1.0588	1.337	-0.00068152	0.0014392
14.188	14.082	19.509	19.344	1.7308	1.8469	0.85016	1.0588	-0.00078254	0.0011692
14.27	14.188	19.633	19.509	1.6439	1.7308	0.69382	0.85016	-0.00082209	0.0010064
14.334	14.27	19.726	19.633	1.5788	1.6439	0.57661	0.69382	-0.000787	0.00077799
14.386	14.334	19.795	19.726	1.5298	1.5788	0.48869	0.57661	-0.00094666	0.00064748
14.427	14.386	19.847	19.795	1.493	1.5298	0.42271	0.48869	-0.00086238	0.00057846
14.461	14.427	19.887	19.847	1.4651	1.493	0.37316	0.42271	-0.0009067	0.00046227
14.489	14.461	19.916	19.887	1.444	1.4651	0.33592	0.37316	-0.00081783	0.00041584
14.513	14.489	19.938	19.916	1.4279	1.444	0.3079	0.33592	-0.0009467	0.00044947
14.533	14.513	19.954	19.938	1.4156	1.4279	0.28679	0.3079	-0.00093662	0.00032164
14.551	14.533	19.967	19.954	1.406	1.4156	0.27085	0.28679	-0.00089521	0.00027372
14.567	14.551	19.976	19.967	1.3986	1.406	0.25878	0.27085	-0.00087898	0.00026131
14.582	14.567	19.983	19.976	1.3927	1.3986	0.24963	0.25878	-0.00098071	0.0002768
14.595	14.582	19.988	19.983	1.388	1.3927	0.24265	0.24963	-0.00092261	0.00036451
14.607	14.595	19.992	19.988	1.3841	1.388	0.23731	0.24265	-0.00084422	0.00023161
14.619	14.607	19.995	19.992	1.381	1.3841	0.23319	0.23731	-0.00089987	0.00025777
14.63	14.619	19.998	19.995	1.3783	1.381	0.23	0.23319	-0.0009593	0.00020387
14.641	14.63	20	19.998	1.3761	1.3783	0.2275	0.23	-0.00089782	0.00031542
14.651	14.641	20.001	20	1.3741	1.3761	0.22553	0.2275	-0.00089505	0.00022575
14.66	14.651	20.002	20.001	1.3723	1.3741	0.22394	0.22553	-0.00093755	0.00026028
14.669	14.66	20.003	20.002	1.3707	1.3723	0.22266	0.22394	-0.00091686	0.00023827
14.678	14.669	20.003	20.003	1.3693	1.3707	0.2216	0.22266	-0.0009231	0.00017339
14.687	14.678	20.004	20.003	1.368	1.3693	0.22071	0.2216	-0.00085348	0.0002764
14.695	14.687	20.004	20.004	1.3667	1.368	0.21996	0.22071	-0.00090004	0.00025513
14.703	14.695	20.004	20.004	1.3656	1.3667	0.2193	0.21996	-0.00096193	0.0002162
14.711	14.703	20.005	20.004	1.3645	1.3656	0.21873	0.2193	-0.00083765	0.00026385
14.719	14.711	20.005	20.005	1.3634	1.3645	0.21821	0.21873	-0.00092128	0.00020064
14.726	14.719	20.005	20.005	1.3624	1.3634	0.21774	0.21821	-0.00091594	0.00032995
14.733	14.726	20.005	20.005	1.3614	1.3624	0.21731	0.21774	-0.00091651	0.00015366
14.741	14.733	20.005	20.005	1.3605	1.3614	0.21691	0.21731	-0.00082547	0.00027268
14.747	14.741	20.005	20.005	1.3596	1.3605	0.21654	0.21691	-0.00094123	0.00028774
14.754	14.747	20.005	20.005	1.3587	1.3596	0.21619	0.21654	-0.00086215	0.00020111
14.761	14.754	20.005	20.005	1.3579	1.3587	0.21585	0.21619	-0.00088779	0.00031189
14.767	14.761	20.005	20.005	1.3571	1.3579	0.21553	0.21585	-0.00091961	0.00022117
14.773	14.767	20.005	20.005	1.3562	1.3571	0.21523	0.21553	-0.00085697	0.00022958
14.779	14.773	20.005	20.005	1.3555	1.3562	0.21493	0.21523	-0.0008965	0.00023642
14.785	14.779	20.005	20.005	1.3547	1.3555	0.21465	0.21493	-0.00084343	0.0002427
14.79	14.785	20.005	20.005	1.354	1.3547	0.21438	0.21465	-0.00089239	0.00024808
14.796	14.79	20.005	20.005	1.3533	1.354	0.21411	0.21438	-0.0009458	0.00025334
14.801	14.796	20.005	20.005	1.3526	1.3533	0.21385	0.21411	-0.00080354	0.0002584
14.806	14.801	20.005	20.005	1.3519	1.3526	0.21361	0.21385	-0.00096544	0.00026243
14.812	14.806	20.005	20.005	1.3512	1.3519	0.21337	0.21361	-0.00083127	0.00026683
14.816	14.812	20.005	20.005	1.3506	1.3512	0.21313	0.21337	-0.00089965	0.00027058
14.821	14.816	20.005	20.005	1.3499	1.3506	0.21291	0.21313	-0.00087115	0.00027413
14.826	14.821	20.005	20.005	1.3493	1.3499	0.21269	0.21291	-0.00084763	0.0001775
14.831	14.826	20.005	20.005	1.3487	1.3493	0.21248	0.21269	-0.00092615	0.00028017
14.835	14.831	20.005	20.005	1.3482	1.3487	0.21227	0.21248	-0.00080789	0.00028324
14.839	14.835	20.005	20.005	1.3476	1.3482	0.21207	0.21227	-0.00089366	0.0001858
14.844	14.839	20.005	20.005	1.3471	1.3476	0.21188	0.21207	-0.00088096	0.00028815
14.848	14.844	20.005	20.005	1.3465	1.3471	0.21169	0.21188	-0.000872	0.00029055
14.852	14.848	20.005	20.005	1.346	1.3465	0.2115	0.21169	-0.00086656	0.00019309
14.856	14.852	20.005	20.005	1.3455	1.346	0.21132	0.2115	-0.00086316	0.00029492
14.859	14.856	20.005	20.005	1.345	1.3455	0.21115	0.21132	-0.00086216	0.00029688
14.863	14.859	20.005	20.005	1.3445	1.345	0.21098	0.21115	-0.00086468	0.00019882
14.867	14.863	20.005	20.005	1.344	1.3445	0.21082	0.21098	-0.00086924	0.0003005
14.87	14.867	20.005	20.005	1.3436	1.344	0.21066	0.21082	-0.0008762	0.00020216
14.874	14.87	20.005	20.005	1.3432	1.3436	0.2105	0.21066	-0.00088656	0.00030363
14.877	14.874	20.005	20.005	1.3427	1.3432	0.21035	0.2105	-0.0008993	0.0003051
14.88	14.877	20.005	20.005	1.3423	1.3427	0.21021	0.21035	-0.00081262	0.00020684
14.883	14.88	20.005	20.005	1.3419	1.3423	0.21007	0.21021	-0.00082865	0.00030774
14.886	14.883	20.005	20.005	1.3415	1.3419	0.20993	0.21007	-0.00094868	0.00020871
14.889	14.886	20.005	20.005	1.3411	1.3415	0.2098	0.20993	-0.00076997	0.00031019
14.892	14.889	20.005	20.005	1.3407	1.3411	0.20966	0.2098	-0.00089189	0.00021062
14.895	14.892	20.005	20.005	1.3404	1.3407	0.20954	0.20966	-0.00091682	0.00031157
14.898	14.895	20.005	20.005	1.34	1.3404	0.20942	0.20954	-0.00084401	0.00021287
14.9	14.898	20.005	20.005	1.3397	1.34	0.2093	0.20942	-0.00087379	0.00031341
14.903	14.9	20.005	20.005	1.3393	1.3397	0.20918	0.2093	-0.00080461	0.00021417
14.906	14.903	20.004	20.005	1.339	1.3393	0.20907	0.20918	-0.00083655	0.00031447
14.908	14.906	20.004	20.004	1.3387	1.339	0.20896	0.20907	-0.00087101	0.00021498
14.911	14.908	20.004	20.004	1.3383	1.3387	0.20885	0.20896	-0.00090593	0.00021545
14.913	14.911	20.004	20.004	1.338	1.3383	0.20875	0.20885	-0.00084459	0.00031588
14.915	14.913	20.004	20.004	1.3377	1.338	0.20865	0.20875	-0.00088325	0.00021626
14.917	14.915	20.004	20.004	1.3375	1.3377	0.20855	0.20865	-0.00082543	0.00031682
14.92	14.917	20.004	20.004	1.3372	1.3375	0.20846	0.20855	-0.00086772	0.00021695
14.922	14.92	20.004	20.004	1.3369	1.3372	0.20837	0.20846	-0.00081206	0.00031726
14.924	14.922	20.004	20.004	1.3366	1.3369	0.20828	0.20837	-0.0008565	0.00021714
14.926	14.924	20.004	20.004	1.3364	1.3366	0.20819	0.20828	-0.00090301	0.00031735
14.928	14.926	20.004	20.004	1.3361	1.3364	0.20811	0.20819	-0.00085191	0.0002177
14.93	14.928	20.004	20.004	1.3359	1.3361	0.20802	0.20811	-0.00080191	0.00031787
14.931	14.93	20.004	20.004	1.3356	1.3359	0.20794	0.20802	-0.00085216	0.0002177
14.933	14.931	20.004	20.004	1.3354	1.3356	0.20787	0.20794	-0.00090446	0.00031755
14.935	14.933	20.004	20.004	1.3352	1.3354	0.20779	0.20787	-0.00085915	0.00021784
14.937	14.935	20.004	20.004	1.335	1.3352	0.20772	0.20779	-0.00081348	0.00031796
14.938	14.937	20.004	20.004	1.3347	1.335	0.20765	0.20772	-0.00086951	0.00021758
14.94	14.938	20.003	20.004	1.3345	1.3347	0.20758	0.20765	-0.00082613	0.00021753
14.942	14.94	20.003	20.003	1.3343	1.3345	0.20751	0.20758	-0.00088421	0.00031702
14.943	14.942	20.003	20.003	1.3341	1.3343	0.20745	0.20751	-0.0008447	0.0002171
14.945	14.943	20.003	20.003	1.3339	1.3341	0.20738	0.20745	-0.00080482	0.00031687
14.946	14.945	20.003	20.003	1.3337	1.3339	0.20732	0.20738	-0.00086517	0.00021643
14.947	14.946	20.003	20.003	1.3336	1.3337	0.20726	0.20732	-0.00082759	0.00031632
14.949	14.947	20.003	20.003	1.3334	1.3336	0.20721	0.20726	-0.00089158	0.00021593
14.95	14.949	20.003	20.003	1.3332	1.3334	0.20715	0.20721	-0.00085615	0.00031586
14.951	14.95	20.003	20.003	1.333	1.3332	0.20709	0.20715	-0.0008223	0.00021566
14.953	14.951	20.003	20.003	1.3329	1.333	0.20704	0.20709	-0.00088821	0.00031522
14.954	14.953	20.003	20.003	1.3327	1.3329	0.20699	0.20704	-0.00085518	0.00031514
14.955	14.954	20.003	20.003	1.3325	1.3327	0.20694	0.20699	-0.00082336	0.00021507
14.956	14.955	20.003	20.003	1.3324	1.3325	0.20689	0.20694	-0.00079145	0.00031467
14.958	14.956	20.003	20.003	1.3322	1.3324	0.20684	0.20689	-0.00086123	0.00021393
14.959	14.958	20.003	20.003	1.3321	1.3322	0.2068	0.20684	-0.0008316	0.00031351
14.96	14.959	20.003	20.003	1.3319	1.3321	0.20675	0.2068	-0.00090354	0.0002131
14.961	14.96	20.003	20.003	1.3318	1.3319	0.20671	0.20675	-0.00077459	0.00031302
14.962	14.961	20.003	20.003	1.3317	1.3318	0.20667	0.20671	-0.00084787	0.00021224
14.963	14.962	20.003	20.003	1.3316	1.3317	0.20663	0.20667	-0.0009204	0.00031172
14.964	14.963	20.003	20.003	1.3314	1.3316	0.20659	0.20663	-0.00079532	0.00021177
14.965	14.964	20.003	20.003	1.4316	1.3314	0.20688	0.20659	-0.040232	0.00020389
14.926	14.965	20.002	20.003	1.4832	1.4316	0.20754	0.20688	-0.043241	4.9113e-05
14.9	14.926	20.002	20.002	1.5262	1.4832	0.20827	0.20754	-0.044834	0.00011043
14.88	14.9	20.002	20.002	1.56	1.5262	0.209	0.20827	-0.046014	0.0001208
14.865	14.88	20.001	20.002	1.5867	1.56	0.20969	0.209	-0.047108	0.00019903
14.854	14.865	20.001	20.001	1.6078	1.5867	0.21029	0.20969	-0.047828	6.0892e-05
14.847	14.854	20	20.001	1.6244	1.6078	0.21081	0.21029	-0.048491	0.00021438
14.842	14.847	20	20	1.6374	1.6244	0.21123	0.21081	-0.048974	6.6306e-05
14.839	14.842	20	20	1.6476	1.6374	0.21156	0.21123	-0.049317	0.00021988
14.838	14.839	20	20	1.6556	1.6476	0.21182	0.21156	-0.049632	7.7235e-05
14.837	14.838	20	20	1.6617	1.6556	0.212	0.21182	-0.049907	0.00013937
14.838	14.837	20	20	1.6665	1.6617	0.21211	0.212	-0.050013	0.00020684
14.839	14.838	20	20	1.6701	1.6665	0.21218	0.21211	-0.050204	0.00017934
14.841	14.839	20	20	1.6729	1.6701	0.21219	0.21218	-0.050328	0.00015691
14.844	14.841	20	20	1.6749	1.6729	0.21218	0.21219	-0.050417	0.00013871
14.847	14.844	20	20	1.6764	1.6749	0.21212	0.21218	-0.050402	0.00012429
14.85	14.847	20	20	1.6775	1.6764	0.21205	0.21212	-0.050501	0.00011267
14.853	14.85	20	20	1.6782	1.6775	0.21195	0.21205	-0.050536	0.00020405
14.856	14.853	20	20	1.6786	1.6782	0.21184	0.21195	-0.050519	0.00019812
14.859	14.856	20	20	1.6789	1.6786	0.21172	0.21184	-0.050563	9.407e-05
14.863	14.859	20	20	1.6789	1.6789	0.21159	0.21172	-0.050575	0.00019145
14.866	14.863	20	20	1.6789	1.6789	0.21145	0.21159	-0.050563	0.00019026
14.869	14.866	20	20	1.6787	1.6789	0.2113	0.21145	-0.050531	9.0379e-05
14.872	14.869	20	20	1.6785	1.6787	0.21116	0.2113	-0.050485	0.0001908
14.876	14.872	20	20	1.6782	1.6785	0.21101	0.21116	-0.050629	0.00019174
14.879	14.876	20	20	1.6779	1.6782	0.21086	0.21101	-0.050465	9.4203e-05
14.882	14.879	20	20	1.6775	1.6779	0.21072	0.21086	-0.050593	0.00019597
14.885	14.882	20	20	1.6771	1.6775	0.21057	0.21072	-0.050419	0.00019883
14.888	14.885	20	20	1.6767	1.6771	0.21043	0.21057	-0.05054	0.00010141
14.891	14.888	20	20	1.6763	1.6767	0.21028	0.21043	-0.050462	0.00020441
14.894	14.891	20	20	1.6759	1.6763	0.21015	0.21028	-0.05048	0.00010735
14.897	14.894	20	20	1.6755	1.6759	0.21001	0.21015	-0.0505	0.00021034
14.899	14.897	20.001	20	1.675	1.6755	0.20988	0.21001	-0.05042	0.00021358
14.902	14.899	20.001	20.001	1.6746	1.675	0.20974	0.20988	-0.050439	0.00011685
14.905	14.902	20.001	20.001	1.6742	1.6746	0.20962	0.20974	-0.050461	0.00011993
14.907	14.905	20.001	20.001	1.6738	1.6742	0.20949	0.20962	-0.050384	0.00022281
14.91	14.907	20.001	20.001	1.6734	1.6738	0.20937	0.20949	-0.050406	0.00012564
14.912	14.91	20.001	20.001	1.673	1.6734	0.20925	0.20937	-0.050332	0.00022865
14.915	14.912	20.001	20.001	1.6726	1.673	0.20914	0.20925	-0.050358	0.00013123
14.917	14.915	20.001	20.001	1.6723	1.6726	0.20903	0.20914	-0.050386	0.0001337
14.919	14.917	20.001	20.001	1.6719	1.6723	0.20892	0.20903	-0.050315	0.00023627
14.921	14.919	20.001	20.001	1.6715	1.6719	0.20881	0.20892	-0.050347	0.00013879
14.923	14.921	20.001	20.001	1.6712	1.6715	0.20871	0.20881	-0.05038	0.00014134
14.925	14.923	20.001	20.001	1.6708	1.6712	0.20861	0.20871	-0.050315	0.00014385
14.927	14.925	20.001	20.001	1.6705	1.6708	0.20851	0.20861	-0.050251	0.00024599
14.929	14.927	20.001	20.001	1.6702	1.6705	0.20842	0.20851	-0.050288	0.000148
14.931	14.929	20.001	20.001	1.6699	1.6702	0.20833	0.20842	-0.050328	0.00015005
14.933	14.931	20.001	20.001	1.6696	1.6699	0.20824	0.20833	-0.050269	0.0001522
14.935	14.933	20.001	20.001	1.6693	1.6696	0.20815	0.20824	-0.050212	0.00015398
14.937	14.935	20.001	20.001	1.669	1.6693	0.20807	0.20815	-0.050256	0.00025547
14.938	14.937	20.001	20.001	1.6687	1.669	0.20799	0.20807	-0.050301	0.00015738
14.94	14.938	20.001	20.001	1.6684	1.6687	0.20791	0.20799	-0.050249	0.00015956
14.941	14.94	20.001	20.001	1.6682	1.6684	0.20783	0.20791	-0.050197	0.00016113
14.943	14.941	20.001	20.001	1.6679	1.6682	0.20775	0.20783	-0.050246	0.0001624
14.945	14.943	20.001	20.001	1.6677	1.6679	0.20768	0.20775	-0.050197	0.00016394
14.946	14.945	20.001	20.001	1.6674	1.6677	0.20761	0.20768	-0.05025	0.00016525
14.947	14.946	20.001	20.001	1.6672	1.6674	0.20754	0.20761	-0.050104	0.00016683
14.949	14.947	20.001	20.001	1.6669	1.6672	0.20747	0.20754	-0.050258	0.00016748
14.95	14.949	20.001	20.001	1.6667	1.6669	0.20741	0.20747	-0.050114	0.00016903
14.952	14.95	20.001	20.001	1.6665	1.6667	0.20735	0.20741	-0.05027	0.00016987
14.953	14.952	20.001	20.001	1.6663	1.6665	0.20729	0.20735	-0.05013	0.00017131
14.954	14.953	20.001	20.001	1.666	1.6663	0.20723	0.20729	-0.05019	0.00017219
14.955	14.954	20.001	20.001	1.6658	1.666	0.20717	0.20723	-0.050149	0.00017341
14.957	14.955	20.001	20.001	1.6656	1.6658	0.20711	0.20717	-0.050112	0.00017426
14.958	14.957	20.001	20.001	1.6655	1.6656	0.20706	0.20711	-0.050174	0.00017496
14.959	14.958	20.001	20.001	1.6653	1.6655	0.20701	0.20706	-0.050138	0.00017608
14.96	14.959	20.001	20.001	1.6651	1.6653	0.20696	0.20701	-0.050103	0.00017682
14.961	14.96	20.001	20.001	1.6649	1.6651	0.20691	0.20696	-0.050167	0.00017756
14.962	14.961	20.001	20.001	1.6647	1.6649	0.20686	0.20691	-0.050034	0.00017842
14.963	14.962	20.001	20.001	1.6645	1.6647	0.20681	0.20686	-0.050201	0.00017879
14.964	14.963	20.001	20.001	1.6644	1.6645	0.20677	0.20681	-0.05007	0.00017991
14.965	14.964	20.001	20.001	1.6642	1.6644	0.20672	0.20677	-0.05014	0.00018033
14.966	14.965	20.001	20.001	1.6641	1.6642	0.20668	0.20672	-0.05001	0.00018108
14.967	14.966	20.001	20.001	1.6639	1.6641	0.20664	0.20668	-0.050179	0.0001812
14.968	14.967	20.001	20.001	1.6638	1.6639	0.2066	0.20664	-0.050052	8.2213e-05
14.969	14.968	20.001	20.001	1.6636	1.6638	0.20656	0.2066	-0.050123	0.00018235
14.97	14.969	20.001	20.001	1.6635	1.6636	0.20652	0.20656	-0.049998	0.00018276
14.97	14.97	20.001	20.001	1.6634	1.6635	0.20648	0.20652	-0.050071	0.00018277
14.971	14.97	20.001	20.001	1.6632	1.6634	0.20644	0.20648	-0.050145	0.00018312
14.972	14.971	20.001	20.001	1.6631	1.6632	0.20641	0.20644	-0.050021	0.00018396
14.973	14.972	20.001	20.001	1.663	1.6631	0.20638	0.20641	-0.050096	0.00018416
14.973	14.973	20.001	20.001	1.6628	1.663	0.20634	0.20638	-0.050072	0.00018469
14.974	14.973	20.001	20.001	1.6627	1.6628	0.20631	0.20634	-0.05005	0.00018515
14.975	14.974	20.001	20.001	1.6626	1.6627	0.20628	0.20631	-0.050027	0.00018547
14.976	14.975	20.001	20.001	1.6625	1.6626	0.20625	0.20628	-0.050005	8.5638e-05
14.976	14.976	20.001	20.001	1.6624	1.6625	0.20622	0.20625	-0.050083	0.00018535
14.977	14.976	20.001	20.001	1.6623	1.6624	0.20619	0.20622	-0.050063	0.00018569
14.977	14.977	20.001	20.001	1.6622	1.6623	0.20616	0.20619	-0.050045	0.00018604
14.978	14.977	20.001	20.001	1.6621	1.6622	0.20614	0.20616	-0.050024	0.00018639
14.979	14.978	20.001	20.001	1.662	1.6621	0.20611	0.20614	-0.050005	0.0001866
14.979	14.979	20.001	20.001	1.6619	1.662	0.20609	0.20611	-0.050086	0.00018666
14.98	14.979	20.001	20.001	1.6618	1.6619	0.20606	0.20609	-0.04997	0.00018713
14.98	14.98	20.001	20.001	1.6617	1.6618	0.20604	0.20606	-0.050051	0.00018712
14.981	14.98	20.001	20.001	1.6616	1.6617	0.20601	0.20604	-0.050034	8.7439e-05
14.981	14.981	20.001	20.001	1.6615	1.6616	0.20599	0.20601	-0.050017	0.00018737
14.982	14.981	20.001	20.001	1.6614	1.6615	0.20597	0.20599	-0.050002	0.00018724
14.982	14.982	20.001	20.001	1.6614	1.6614	0.20595	0.20597	-0.049986	0.00018734
14.983	14.982	20.001	20.001	1.6613	1.6614	0.20593	0.20595	-0.04997	0.00018729
14.983	14.983	20.001	20.001	1.6612	1.6613	0.20591	0.20593	-0.050055	0.00018724
14.984	14.983	20.001	20.001	1.6611	1.6612	0.20589	0.20591	-0.050042	0.0001876
14.984	14.984	20.001	20.001	1.661	1.6611	0.20587	0.20589	-0.049928	0.00018804
14.985	14.984	20.001	20.001	1.661	1.661	0.20585	0.20587	-0.050014	8.7618e-05
14.985	14.985	20.001	20.001	1.6609	1.661	0.20583	0.20585	-0.050001	0.00018752
14.985	14.985	20.001	20.001	1.6608	1.6609	0.20582	0.20583	-0.049988	0.00018728
14.986	14.985	20.001	20.001	1.6608	1.6608	0.2058	0.20582	-0.049975	0.00018742
14.986	14.986	20.001	20.001	1.6607	1.6608	0.20578	0.2058	-0.050063	0.00018726
14.986	14.986	20.001	20.001	1.6606	1.6607	0.20577	0.20578	-0.049951	0.00018781
14.987	14.986	20.001	20.001	1.6606	1.6606	0.20575	0.20577	-0.050039	0.00018772
14.987	14.987	20.001	20.001	1.6605	1.6606	0.20574	0.20575	-0.049928	0.00018798
14.988	14.987	20.001	20.001	1.6605	1.6605	0.20572	0.20574	-0.050017	0.00018775
14.988	14.988	20.001	20.001	1.6604	1.6605	0.20571	0.20572	-0.050006	8.7857e-05
14.988	14.988	20.001	20.001	1.6604	1.6604	0.20569	0.20571	-0.049896	0.00018772
14.989	14.988	20.001	20.001	1.6603	1.6604	0.20568	0.20569	-0.049985	0.00018711
14.989	14.989	20.001	20.001	1.6603	1.6603	0.20567	0.20568	-0.049975	0.00018707
14.989	14.989	20.001	20.001	1.6602	1.6603	0.20566	0.20567	-0.050066	0.0001871
14.989	14.989	20.001	20.001	1.6602	1.6602	0.20564	0.20566	-0.049957	0.00018769
14.99	14.989	20.001	20.001	1.6601	1.6602	0.20563	0.20564	-0.049948	0.00018764
14.99	14.99	20.001	20.001	1.6601	1.6601	0.20562	0.20563	-0.04994	0.00018738
14.99	14.99	20.001	20.001	1.66	1.6601	0.20561	0.20562	-0.05003	0.00018726
14.991	14.99	20.001	20.001	1.66	1.66	0.2056	0.20561	-0.049922	8.7557e-05
14.991	14.991	20.001	20.001	1.6599	1.66	0.20559	0.2056	-0.050014	0.00018705
14.991	14.991	20.001	20.001	1.6599	1.6599	0.20558	0.20559	-0.049907	0.00018696
14.991	14.991	20.001	20.001	1.6599	1.6599	0.20557	0.20558	-0.049998	0.00018662
14.992	14.991	20.001	20.001	1.6598	1.6599	0.20556	0.20557	-0.049991	0.00018677
14.992	14.992	20.001	20.001	1.6598	1.6598	0.20555	0.20556	-0.049884	0.00018698
14.992	14.992	20.001	20.001	1.6597	1.6598	0.20554	0.20555	-0.049976	0.0001865
14.992	14.992	20.001	20.001	1.6597	1.6597	0.20553	0.20554	-0.049969	0.0001865
14.992	14.992	20.001	20.001	1.6597	1.6597	0.20552	0.20553	-0.049963	0.00018657
14.993	14.992	20.001	20.001	1.6596	1.6597	0.20552	0.20552	-0.049956	0.00018649
14.993	14.993	20.001	20.001	1.6596	1.6596	0.20551	0.20552	-0.04995	8.6415e-05
14.993	14.993	20	20.001	1.6596	1.6596	0.2055	0.20551	-0.049943	0.00018603
14.993	14.993	20	20	1.6595	1.6596	0.20549	0.2055	-0.049937	0.00018571
14.993	14.993	20	20	1.6595	1.6595	0.20549	0.20549	-0.050031	0.00018563
14.993	14.993	20	20	1.6595	1.6595	0.20548	0.20549	-0.049926	0.00018597
14.994	14.993	20	20	1.6595	1.6595	0.20547	0.20548	-0.04992	0.00018581
14.994	14.994	20	20	1.6594	1.6595	0.20546	0.20547	-0.050014	0.00018559
14.994	14.994	20	20	1.6594	1.6594	0.20546	0.20546	-0.049909	0.00018592
14.994	14.994	20	20	1.6594	1.6594	0.20545	0.20546	-0.049905	0.00018562
14.994	14.994	20	20	1.6593	1.6594	0.20544	0.20545	-0.049999	0.0001854
14.995	14.994	20	20	1.6593	1.6593	0.20544	0.20544	-0.049894	0.00018558
14.995	14.995	20	20	1.6593	1.6593	0.20543	0.20544	-0.04999	8.5282e-05
14.995	14.995	20	20	1.6593	1.6593	0.20543	0.20543	-0.049985	0.00018501
14.995	14.995	20	20	1.6592	1.6593	0.20542	0.20543	-0.049881	0.00018503
14.995	14.995	20	20	1.6592	1.6592	0.20542	0.20542	-0.049977	0.00018473
14.995	14.995	20	20	1.6592	1.6592	0.20541	0.20542	-0.049972	0.00018477
14.995	14.995	20	20	1.6592	1.6592	0.20541	0.20541	-0.049868	0.00018488
14.995	14.995	20	20	1.6592	1.6592	0.2054	0.20541	-0.049964	0.00018443
14.996	14.995	20	20	1.6591	1.6592	0.2054	0.2054	-0.04996	0.00018447
14.996	14.996	20	20	1.6591	1.6591	0.20539	0.2054	-0.049956	0.00018443
14.996	14.996	20	20	1.6591	1.6591	0.20539	0.20539	-0.049953	0.00018454
14.996	14.996	20	20	1.5341	1.6591	0.20497	0.20539	-0.00077426	0.00029164
15.045	14.996	20	20	1.479	1.5341	0.20413	0.20497	-0.00081716	0.00040435
15.075	15.045	20.001	20	1.4343	1.479	0.20326	0.20413	-0.00079726	0.00034166
15.097	15.075	20.001	20.001	1.4015	1.4343	0.20241	0.20326	-0.00074743	0.00033977
15.113	15.097	20.002	20.001	1.3772	1.4015	0.20165	0.20241	-0.00080866	0.00027412
15.123	15.113	20.002	20.002	1.3593	1.3772	0.201	0.20165	-0.00085204	0.0003256
15.13	15.123	20.002	20.002	1.346	1.3593	0.20047	0.201	-0.00075607	0.00028289
15.134	15.13	20.003	20.002	1.3363	1.346	0.20005	0.20047	-0.00077386	0.00033867
15.136	15.134	20.003	20.003	1.3291	1.3363	0.19974	0.20005	-0.00082335	0.00029001
15.136	15.136	20.003	20.003	1.3239	1.3291	0.19951	0.19974	-0.00076802	0.000235
15.136	15.136	20.003	20.003	1.3202	1.3239	0.19935	0.19951	-0.00080557	0.00027278
15.134	15.136	20.003	20.003	1.3175	1.3202	0.19926	0.19935	-0.0008627	0.00030386
15.132	15.134	20.003	20.003	1.3156	1.3175	0.19923	0.19926	-0.00078178	0.00032933
15.13	15.132	20.003	20.003	1.3144	1.3156	0.19923	0.19923	-0.00081926	0.00024904
15.128	15.13	20.003	20.003	1.3135	1.3144	0.19926	0.19923	-0.00074587	0.00026417
15.125	15.128	20.003	20.003	1.313	1.3135	0.19933	0.19926	-0.00083804	0.00027473
15.122	15.125	20.003	20.003	1.3127	1.313	0.19941	0.19933	-0.00078045	0.00028261
15.12	15.122	20.002	20.003	1.3126	1.3127	0.19951	0.19941	-0.00085513	0.00028762
15.117	15.12	20.002	20.002	1.3126	1.3126	0.19962	0.19951	-0.00075869	0.00029096
15.114	15.117	20.002	20.002	1.3127	1.3126	0.19974	0.19962	-0.00087904	0.00029214
15.111	15.114	20.002	20.002	1.3129	1.3127	0.19986	0.19974	-0.00081364	0.0002925
15.108	15.111	20.002	20.002	1.3131	1.3129	0.19998	0.19986	-0.00075763	0.0002916
15.105	15.108	20.002	20.002	1.3133	1.3131	0.20011	0.19998	-0.00080686	0.00028962
15.103	15.105	20.002	20.002	1.3136	1.3133	0.20024	0.20011	-0.00086214	0.00028714
15.1	15.103	20.002	20.002	1.3139	1.3136	0.20037	0.20024	-0.00072036	0.00028465
15.098	15.1	20.002	20.002	1.3142	1.3139	0.2005	0.20037	-0.00087845	0.00028101
15.095	15.098	20.002	20.002	1.3145	1.3142	0.20063	0.2005	-0.00084056	0.00027798
15.092	15.095	20.001	20.002	1.3148	1.3145	0.20075	0.20063	-0.00080026	0.00027472
15.09	15.092	20.001	20.001	1.3151	1.3148	0.20087	0.20075	-0.00076075	0.00027099
15.088	15.09	20.001	20.001	1.3154	1.3151	0.20099	0.20087	-0.0008191	0.00026706
15.085	15.088	20.001	20.001	1.3156	1.3154	0.20111	0.20099	-0.00087904	0.00026337
15.083	15.085	20.001	20.001	1.3159	1.3156	0.20122	0.20111	-0.00073604	0.00026012
15.081	15.083	20.001	20.001	1.3162	1.3159	0.20134	0.20122	-0.00089289	0.00025616
15.079	15.081	20.001	20.001	1.3165	1.3162	0.20145	0.20134	-0.00074934	0.00035296
15.077	15.079	20.001	20.001	1.3167	1.3165	0.20155	0.20145	-0.00080266	0.00024944
15.075	15.077	20.001	20.001	1.317	1.3167	0.20165	0.20155	-0.00085456	0.00024614
15.073	15.075	20.001	20.001	1.3173	1.317	0.20175	0.20165	-0.00080804	0.00034305
15.071	15.073	20.001	20.001	1.3175	1.3173	0.20185	0.20175	-0.00085787	0.00024002
15.069	15.071	20	20.001	1.3177	1.3175	0.20195	0.20185	-0.0008076	0.00023741
15.067	15.069	20	20	1.318	1.3177	0.20204	0.20195	-0.00085516	0.00033416
15.065	15.067	20	20	1.3182	1.318	0.20213	0.20204	-0.00080148	0.00023176
15.064	15.065	20	20	1.3184	1.3182	0.20222	0.20213	-0.00084678	0.00032898
15.062	15.064	20	20	1.3186	1.3184	0.2023	0.20222	-0.00079242	0.00022654
15.06	15.062	20	20	1.3189	1.3186	0.20239	0.2023	-0.00083408	0.00032387
15.059	15.06	20	20	1.3191	1.3189	0.20247	0.20239	-0.00077756	0.00022153
15.057	15.059	20	20	1.3193	1.3191	0.20255	0.20247	-0.00081707	0.00031882
15.056	15.057	20	20	1.3195	1.3193	0.20262	0.20255	-0.00085693	0.00031658
15.054	15.056	20	20	1.3196	1.3195	0.20269	0.20262	-0.00079667	0.00021487
15.053	15.054	20	20	1.3198	1.3196	0.20277	0.20269	-0.00083401	0.00031255
15.052	15.053	20	20	1.32	1.3198	0.20284	0.20277	-0.00087171	0.00031057
15.05	15.052	20	20	1.3202	1.32	0.2029	0.20284	-0.00080782	0.00020911
15.049	15.05	20	20	1.3204	1.3202	0.20297	0.2029	-0.00084153	0.00030719
15.047	15.049	20	20	1.3205	1.3204	0.20303	0.20297	-0.00077559	0.00030532
15.046	15.047	20	20	1.3207	1.3205	0.2031	0.20303	-0.00080873	0.00020354
15.045	15.046	20	20	1.3209	1.3207	0.20316	0.2031	-0.00084042	0.00030167
15.044	15.045	20	20	1.321	1.3209	0.20322	0.20316	-0.00087233	0.00030004
15.043	15.044	20	20	1.3212	1.321	0.20327	0.20322	-0.00080413	0.00029894
15.042	15.043	20	20	1.3213	1.3212	0.20333	0.20327	-0.00083363	0.00019756
15.04	15.042	20	20	1.3215	1.3213	0.20338	0.20333	-0.00076169	0.00029608
15.04	15.04	20	20	1.3216	1.3215	0.20344	0.20338	-0.00089062	0.00029414
15.038	15.04	20	20	1.3217	1.3216	0.20349	0.20344	-0.00081744	0.00029337
15.037	15.038	20	20	1.3218	1.3217	0.20354	0.20349	-0.00084479	0.00029224
15.036	15.037	20	20	1.322	1.3218	0.20358	0.20354	-0.0007708	0.0001912
15.036	15.036	20	20	1.3221	1.322	0.20363	0.20358	-0.00089588	0.00028956
15.034	15.036	20	20	1.3222	1.3221	0.20368	0.20363	-0.00082065	0.00028867
15.034	15.034	20	20	1.3223	1.3222	0.20372	0.20368	-0.00084437	0.00028765
15.033	15.034	20	20	1.3225	1.3223	0.20377	0.20372	-0.00076822	0.00028685
15.032	15.033	20	20	1.3226	1.3225	0.20381	0.20377	-0.00089125	0.00028564
15.031	15.032	20	20	1.3227	1.3226	0.20385	0.20381	-0.00081376	0.00028508
15.03	15.031	20	20	1.3228	1.3227	0.20389	0.20385	-0.00083532	0.00028416
15.029	15.03	20	20	1.3229	1.3228	0.20392	0.20389	-0.00075701	0.00028347
15.029	15.029	20	20	1.323	1.3229	0.20396	0.20392	-0.00087641	0.00028236
15.028	15.029	20	20	1.3231	1.323	0.204	0.20396	-0.00079676	0.00018176
15.027	15.028	20	20	1.3232	1.3231	0.20403	0.204	-0.00081604	0.00028062
15.027	15.027	20	20	1.3233	1.3232	0.20407	0.20403	-0.00083422	0.00027967
15.026	15.027	20	20	1.3234	1.3233	0.2041	0.20407	-0.00085375	0.00027893
15.025	15.026	20	20	1.3235	1.3234	0.20413	0.2041	-0.0008718	0.0002785
15.024	15.025	20	20	1.3235	1.3235	0.20417	0.20413	-0.00078839	0.00027821
15.024	15.024	20	20	1.3236	1.3235	0.2042	0.20417	-0.00080563	0.00027735
15.023	15.024	20	20	1.3237	1.3236	0.20423	0.2042	-0.00082154	0.00027673
15.023	15.023	20	20	1.3238	1.3237	0.20425	0.20423	-0.0008389	0.0002761
15.022	15.023	20	20	1.3239	1.3238	0.20428	0.20425	-0.00085333	0.00027562
15.021	15.022	20	20	1.3239	1.3239	0.20431	0.20428	-0.00086923	0.00027529
15.021	15.021	20	20	1.324	1.3239	0.20434	0.20431	-0.00078513	0.0002751
15.02	15.021	20	20	1.3241	1.324	0.20436	0.20434	-0.00089874	0.00027435
15.02	15.02	20	20	1.3241	1.3241	0.20439	0.20436	-0.0008133	0.0002744
15.019	15.02	20	20	1.3242	1.3241	0.20441	0.20439	-0.00082691	0.00027394
15.019	15.019	20	20	1.3243	1.3242	0.20444	0.20441	-0.00084064	0.00027342
15.018	15.019	20	20	1.3243	1.3243	0.20446	0.20444	-0.00085292	0.00027319
15.018	15.018	20	20	1.3244	1.3243	0.20448	0.20446	-0.00076665	0.00027296
15.017	15.018	20	20	1.3245	1.3244	0.2045	0.20448	-0.00087811	0.00027216
15.017	15.017	20	20	1.3245	1.3245	0.20452	0.2045	-0.00079051	0.00027217
15.016	15.017	20	20	1.3246	1.3245	0.20454	0.20452	-0.00080196	0.00027167
15.016	15.016	20	20	1.3246	1.3246	0.20456	0.20454	-0.00091354	0.0002711
15.015	15.016	20	20	1.3247	1.3246	0.20458	0.20456	-0.00082447	0.00027125
15.015	15.015	20	20	1.3248	1.3247	0.2046	0.20458	-0.00083592	0.00027104
15.015	15.015	20	20	1.3248	1.3248	0.20462	0.2046	-0.00084602	0.00027078
15.014	15.015	20	20	1.3249	1.3248	0.20464	0.20462	-0.00075613	0.00027065
15.014	15.014	20	20	1.3249	1.3249	0.20466	0.20464	-0.00086543	0.00026996
15.014	15.014	20	20	1.325	1.3249	0.20467	0.20466	-0.00087567	0.00026992
15.013	15.014	20	20	1.325	1.325	0.20469	0.20467	-0.00078578	0.00026994
15.013	15.013	20	20	1.325	1.325	0.2047	0.20469	-0.00079507	0.00026955
15.013	15.013	20	20	1.3251	1.325	0.20472	0.2047	-0.00090303	0.00026909
15.012	15.013	20	20	1.3251	1.3251	0.20473	0.20472	-0.00081326	0.00026934
15.012	15.012	20	20	1.3252	1.3251	0.20475	0.20473	-0.00082108	0.00036909
15.012	15.012	20	20	1.3252	1.3252	0.20476	0.20475	-0.00082914	0.0002691
15.011	15.012	20	20	1.3253	1.3252	0.20478	0.20476	-0.00083698	0.00026916
15.011	15.011	20	20	1.3253	1.3253	0.20479	0.20478	-0.00084493	0.00026899
15.011	15.011	20	20	1.3253	1.3253	0.2048	0.20479	-0.00085288	0.00026897
15.01	15.011	20	20	1.3254	1.3253	0.20481	0.2048	-0.00086083	0.00026895
15.01	15.01	20	20	1.3254	1.3254	0.20483	0.20481	-0.0007673	0.00026908
15.01	15.01	20	20	1.3254	1.3254	0.20484	0.20483	-0.00087444	0.0002685
15.01	15.01	20	20	1.3255	1.3254	0.20485	0.20484	-0.00078105	0.00026856
15.009	15.01	20	20	1.3255	1.3255	0.20486	0.20485	-0.00088818	0.00026827
15.009	15.009	20	20	1.3255	1.3255	0.20487	0.20486	-0.00079479	0.00026848
15.009	15.009	20	20	1.3256	1.3255	0.20488	0.20487	-0.00090045	0.00026819
15.009	15.009	20	20	1.3256	1.3256	0.20489	0.20488	-0.00080705	0.0002684
15.008	15.009	20	20	1.3256	1.3256	0.2049	0.20489	-0.00081271	0.00026825
15.008	15.008	20	20	1.3256	1.3256	0.20491	0.2049	-0.00081851	0.00026804
15.008	15.008	20	20	1.3257	1.3256	0.20492	0.20491	-0.0008243	0.00026784
15.008	15.008	20	20	1.3257	1.3257	0.20493	0.20492	-0.0008301	0.00026777
15.008	15.008	20	20	1.3257	1.3257	0.20494	0.20493	-0.00083589	0.00026771
15.007	15.008	20	20	1.3258	1.3257	0.20495	0.20494	-0.00084168	0.00026765
15.007	15.007	20	20	1.3258	1.3258	0.20496	0.20495	-0.000846	0.00026759
15.007	15.007	20	20	1.3258	1.3258	0.20497	0.20496	-0.00085179	0.00026767
15.007	15.007	20	20	1.3258	1.3258	0.20497	0.20497	-0.0008561	0.00026776
15.007	15.007	20	20	1.3259	1.3258	0.20498	0.20497	-0.00076042	0.00036784
15.007	15.007	20	20	1.3259	1.3259	0.20499	0.20498	-0.00086551	0.00026768
15.006	15.007	20	20	1.3259	1.3259	0.205	0.20499	-0.00086984	0.00026793
15.006	15.006	20	20	1.3259	1.3259	0.205	0.205	-0.00077416	0.00026816
15.006	15.006	20	20	1.3259	1.3259	0.20501	0.205	-0.00087766	0.00026783
15.006	15.006	20	20	1.326	1.3259	0.20502	0.20501	-0.00088212	0.000268
15.006	15.006	20	20	1.326	1.326	0.20502	0.20502	-0.00078791	0.00026837
15.005	15.006	20	20	1.326	1.326	0.20503	0.20502	-0.0007914	0.00026804
15.005	15.005	20	20	1.326	1.326	0.20504	0.20503	-0.00089357	0.00026779
15.005	15.005	20	20	1.326	1.326	0.20504	0.20504	-0.00079801	0.0002681
15.005	15.005	20	20	1.3261	1.326	0.20505	0.20504	-0.00090152	0.00026791
15.005	15.005	20	20	1.3261	1.3261	0.20505	0.20505	-0.00080597	0.00026823
15.005	15.005	20	20	1.3261	1.3261	0.20506	0.20505	-0.00080946	0.00026804
15.005	15.005	20	20	1.3261	1.3261	0.20506	0.20506	-0.00081163	0.00026794
15.005	15.005	20	20	1.3261	1.3261	0.20507	0.20506	-0.00091526	0.00026769
15.004	15.005	20	20	1.3261	1.3261	0.20508	0.20507	-0.00081971	0.00026815
15.004	15.004	20	20	1.3262	1.3261	0.20508	0.20508	-0.00082174	0.00026811
15.004	15.004	20	20	1.3262	1.3262	0.20508	0.20508	-0.00082537	0.000268
15.004	15.004	20	20	1.3262	1.3262	0.20509	0.20508	-0.00082753	0.00026805
15.004	15.004	20	20	1.3262	1.3262	0.20509	0.20509	-0.00083116	0.00026794
15.004	15.004	20	20	1.3262	1.3262	0.2051	0.20509	-0.00083332	0.00026798
15.004	15.004	20	20	1.3262	1.3262	0.2051	0.2051	-0.00083548	0.00026788
15.004	15.004	20	20	1.3262	1.3262	0.20511	0.2051	-0.00083911	0.00036792
15.004	15.004	20	20	1.3262	1.3262	0.20511	0.20511	-0.00084138	0.00026829
15.004	15.004	20	20	1.3263	1.3262	0.22057	0.20511	-0.00085378	-0.0058325
15.003	15.004	19.994	20	1.3263	1.3263	0.22856	0.22057	-0.00084143	-0.006213
15.003	15.003	19.989	19.994	1.3263	1.3263	0.23522	0.22856	-0.00084288	-0.0064076
15.003	15.003	19.986	19.989	1.3263	1.3263	0.24047	0.23522	-0.00084355	-0.0067009
15.003	15.003	19.984	19.986	1.3263	1.3263	0.24463	0.24047	-0.00074445	-0.0066837
15.003	15.003	19.982	19.984	1.3263	1.3263	0.24792	0.24463	-0.00084507	-0.006903
15.003	15.003	19.981	19.982	1.3263	1.3263	0.25051	0.24792	-0.00084652	-0.0069912
15.003	15.003	19.98	19.981	1.3263	1.3263	0.25256	0.25051	-0.0008481	-0.0070757
15.003	15.003	19.979	19.98	1.3263	1.3263	0.25416	0.25256	-0.00074979	-0.0070778
15.003	15.003	19.979	19.979	1.3264	1.3263	0.25542	0.25416	-0.00085083	-0.0072147
15.003	15.003	19.979	19.979	1.3264	1.3264	0.2564	0.25542	-0.00085272	-0.0071991
15.003	15.003	19.979	19.979	1.3264	1.3264	0.25716	0.2564	-0.0008547	-0.0072421
15.002	15.003	19.979	19.979	1.3264	1.3264	0.25774	0.25716	-0.00075665	-0.0072523
15.002	15.002	19.979	19.979	1.3264	1.3264	0.25819	0.25774	-0.00085786	-0.007237
15.002	15.002	19.979	19.979	1.3264	1.3264	0.25853	0.25819	-0.00086007	-0.0073003
15.002	15.002	19.98	19.979	1.3264	1.3264	0.25878	0.25853	-0.00076206	-0.0072474
15.002	15.002	19.98	19.98	1.3264	1.3264	0.25896	0.25878	-0.00086193	-0.0072819
15.002	15.002	19.98	19.98	1.3264	1.3264	0.25909	0.25896	-0.00076413	-0.0073058
15.002	15.002	19.981	19.98	1.3264	1.3264	0.25917	0.25909	-0.0008654	-0.0073223
15.002	15.002	19.981	19.981	1.3264	1.3264	0.25922	0.25917	-0.00076764	-0.0072319
15.002	15.002	19.982	19.981	1.3264	1.3264	0.25925	0.25922	-0.00086905	-0.0073368
15.002	15.002	19.982	19.982	1.3265	1.3264	0.25925	0.25925	-0.00086972	-0.0073377
15.002	15.002	19.983	19.982	1.3265	1.3265	0.25924	0.25925	-0.00077186	-0.0073356
15.002	15.002	19.983	19.983	1.3265	1.3265	0.25922	0.25924	-0.00087318	-0.0072317
15.002	15.002	19.983	19.983	1.3265	1.3265	0.25919	0.25922	-0.0007741	-0.0073253
15.002	15.002	19.984	19.983	1.3265	1.3265	0.25915	0.25919	-0.00077533	-0.007318
15.002	15.002	19.984	19.984	1.3265	1.3265	0.2591	0.25915	-0.0008768	-0.00731
15.002	15.002	19.985	19.984	1.3265	1.3265	0.25905	0.2591	-0.00077762	-0.0073006
15.002	15.002	19.985	19.985	1.3265	1.3265	0.259	0.25905	-0.00087896	-0.0072914
15.002	15.002	19.985	19.985	1.3265	1.3265	0.25895	0.259	-0.00077978	-0.007281
15.002	15.002	19.986	19.985	1.3265	1.3265	0.25889	0.25895	-0.00088113	-0.007271
15.002	15.002	19.986	19.986	1.3265	1.3265	0.25884	0.25889	-0.00078342	-0.0073604
15.002	15.002	19.987	19.986	1.3265	1.3265	0.25878	0.25884	-0.00078318	-0.0072504
15.002	15.002	19.987	19.987	1.3265	1.3265	0.25873	0.25878	-0.00088478	-0.0073404
15.001	15.002	19.987	19.987	1.3265	1.3265	0.25867	0.25873	-0.00078549	-0.0072299
15.001	15.001	19.988	19.987	1.3265	1.3265	0.25862	0.25867	-0.00088695	-0.00732
15.001	15.001	19.988	19.988	1.3265	1.3265	0.25857	0.25862	-0.00078766	-0.0073097
15.001	15.001	19.988	19.988	1.3265	1.3265	0.25852	0.25857	-0.000789	-0.0073002
15.001	15.001	19.989	19.988	1.3265	1.3265	0.25847	0.25852	-0.00088901	-0.007291
15.001	15.001	19.989	19.989	1.3266	1.3265	0.25842	0.25847	-0.00078984	-0.0072813
15.001	15.001	19.989	19.989	1.3266	1.3266	0.25837	0.25842	-0.00079118	-0.0072723
15.001	15.001	19.989	19.989	1.3266	1.3266	0.25832	0.25837	-0.0008912	-0.0072635
15.001	15.001	19.99	19.989	1.3266	1.3266	0.25827	0.25832	-0.00079349	-0.0072543
15.001	15.001	19.99	19.99	1.3266	1.3266	0.25823	0.25827	-0.00079337	-0.0073457
15.001	15.001	19.99	19.99	1.3266	1.3266	0.25818	0.25823	-0.00079473	-0.0072378
15.001	15.001	19.991	19.99	1.3266	1.3266	0.25814	0.25818	-0.00089485	-0.0073298
15.001	15.001	19.991	19.991	1.3266	1.3266	0.2581	0.25814	-0.00079556	-0.0072216
15.001	15.001	19.991	19.991	1.3266	1.3266	0.25805	0.2581	-0.00079702	-0.007314
15.001	15.001	19.991	19.991	1.3266	1.3266	0.25801	0.25805	-0.00089691	-0.0072066
15.001	15.001	19.992	19.991	1.3266	1.3266	0.25798	0.25801	-0.00079785	-0.0072987
15.001	15.001	19.992	19.992	1.3266	1.3266	0.25794	0.25798	-0.00079908	-0.0072917
15.001	15.001	19.992	19.992	1.3266	1.3266	0.2579	0.25794	-0.00079909	-0.007285
15.001	15.001	19.992	19.992	1.3266	1.3266	0.25786	0.2579	-0.0007991	-0.0072785
15.001	15.001	19.992	19.992	1.3266	1.3266	0.25783	0.25786	-0.00090058	-0.0072721
15.001	15.001	19.993	19.992	1.3266	1.3266	0.25779	0.25783	-0.00080139	-0.0072654
15.001	15.001	19.993	19.993	1.3266	1.3266	0.25776	0.25779	-0.00080127	-0.0072592
15.001	15.001	19.993	19.993	1.3266	1.3266	0.25773	0.25776	-0.00080128	-0.0072533
15.001	15.001	19.993	19.993	1.3266	1.3266	0.2577	0.25773	-0.00090276	-0.0072474
15.001	15.001	19.993	19.993	1.3266	1.3266	0.25767	0.2577	-0.00080357	-0.0072412
15.001	15.001	19.994	19.993	1.3266	1.3266	0.25764	0.25767	-0.00080345	-0.0073355
15.001	15.001	19.994	19.994	1.3266	1.3266	0.25761	0.25764	-0.00080481	-0.0072304
15.001	15.001	19.994	19.994	1.3266	1.3266	0.25758	0.25761	-0.00080493	-0.0072253
15.001	15.001	19.994	19.994	1.3266	1.3266	0.25755	0.25758	-0.00080493	-0.0073201
15.001	15.001	19.994	19.994	1.3266	1.3266	0.25753	0.25755	-0.00090483	-0.0072152
15.001	15.001	19.994	19.994	1.3266	1.3266	0.2575	0.25753	-0.00080723	-0.00731
15.001	15.001	19.994	19.994	1.3266	1.3266	0.25747	0.2575	-0.00080699	-0.0072053
15.001	15.001	19.995	19.994	1.3266	1.3266	0.25745	0.25747	-0.00080711	-0.0073007
15.001	15.001	19.995	19.995	1.3266	1.3266	0.25743	0.25745	-0.000807	-0.0071964
15.001	15.001	19.995	19.995	1.3267	1.3266	0.2574	0.25743	-0.00080712	-0.007292
15.001	15.001	19.995	19.995	1.3267	1.3267	0.25738	0.2574	-0.00090848	-0.0072877
15.001	15.001	19.995	19.995	1.3267	1.3267	0.25736	0.25738	-0.0008093	-0.0071833
15.001	15.001	19.995	19.995	1.3267	1.3267	0.25734	0.25736	-0.00080928	-0.0072791
15.001	15.001	19.995	19.995	1.3267	1.3267	0.25732	0.25734	-0.00080917	-0.0072753
15.001	15.001	19.996	19.995	1.3267	1.3267	0.25729	0.25732	-0.00080918	-0.0072717
15.001	15.001	19.996	19.996	1.3267	1.3267	0.25727	0.25729	-0.00081066	-0.007268
15.001	15.001	19.996	19.996	1.3267	1.3267	0.25726	0.25727	-0.00081066	-0.0071647
15.001	15.001	19.996	19.996	1.3267	1.3267	0.25724	0.25726	-0.00081077	-0.0072609
15.001	15.001	19.996	19.996	1.3267	1.3267	0.25722	0.25724	-0.00091066	-0.0072574
15	15.001	19.996	19.996	1.3267	1.3267	0.2572	0.25722	-0.00081148	-0.0072536
15	15	19.996	19.996	1.3267	1.3267	0.25718	0.2572	-0.00081135	-0.0072504
15	15	19.996	19.996	1.3267	1.3267	0.25717	0.25718	-0.00081135	-0.0072474
15	15	19.997	19.996	1.3267	1.3267	0.25715	0.25717	-0.00081283	-0.0072443
15	15	19.997	19.997	1.3267	1.3267	0.25713	0.25715	-0.00081283	-0.0072414
15	15	19.997	19.997	1.3267	1.3267	0.25712	0.25713	-0.00081283	-0.0073386
15	15	19.997	19.997	1.3267	1.3267	0.2571	0.25712	-0.00081272	-0.007236
15	15	19.997	19.997	1.3267	1.3267	0.25709	0.2571	-0.00081284	-0.0072335
15	15	19.997	19.997	1.3267	1.3267	0.25707	0.25709	-0.00091284	-0.0072307
15	15	19.997	19.997	1.3267	1.3267	0.25706	0.25707	-0.00081366	-0.0072276
15	15	19.997	19.997	1.3267	1.3267	0.25705	0.25706	-0.000815	-0.0072249
15	15	19.997	19.997	1.3267	1.3267	0.25703	0.25705	-0.000815	-0.0073225
15	15	19.997	19.997	1.3267	1.3267	0.25702	0.25703	-0.00081489	-0.0072202
15	15	19.997	19.997	1.3267	1.3267	0.25701	0.25702	-0.00081501	-0.0072181
15	15	19.997	19.997	1.3267	1.3267	0.257	0.25701	-0.00081501	-0.0072157
15	15	19.997	19.997	1.3267	1.3267	0.25698	0.257	-0.00081501	-0.0073134
15	15	19.997	19.997	1.3267	1.3267	0.25697	0.25698	-0.0008149	-0.0072114
15	15	19.998	19.997	1.3267	1.3267	0.25696	0.25697	-0.00081502	-0.0072095
15	15	19.998	19.998	1.3267	1.3267	0.25695	0.25696	-0.00081502	-0.0073072
15	15	19.998	19.998	1.3267	1.3267	0.25694	0.25695	-0.00081491	-0.0072055
15	15	19.998	19.998	1.3267	1.3267	0.25693	0.25694	-0.0008165	-0.0073035
15	15	19.998	19.998	1.3267	1.3267	0.25692	0.25693	-0.00091639	-0.0072019
15	15	19.998	19.998	1.3267	1.3267	0.25691	0.25692	-0.00081731	-0.0072995
15	15	19.998	19.998	1.3267	1.3267	0.2569	0.25691	-0.00081707	-0.0071978
15	15	19.998	19.998	1.3267	1.3267	0.25689	0.2569	-0.00081719	-0.007196
15	15	19.998	19.998	1.3267	1.3267	0.25688	0.25689	-0.00081719	-0.0072941
15	15	19.998	19.998	1.3267	1.3267	0.25687	0.25688	-0.00081707	-0.0071926
15	15	19.998	19.998	1.3267	1.3267	0.25687	0.25687	-0.00081719	-0.0072909
15	15	19.998	19.998	1.3267	1.3267	0.25686	0.25687	-0.00081707	-0.0071895
15	15	19.998	19.998	1.3267	1.3267	0.25685	0.25686	-0.00081719	-0.0072879
15	15	19.998	19.998	1.3267	1.3267	0.25684	0.25685	-0.00081708	-0.0072865
15	15	19.998	19.998	1.3267	1.3267	0.25683	0.25684	-0.00081709	-0.0071853
15	15	19.998	19.998	1.3267	1.3267	0.25683	0.25683	-0.00081867	-0.007284
15	15	19.998	19.998	1.3267	1.3267	0.25682	0.25683	-0.00081856	-0.0071826
15	15	19.998	19.998	1.3267	1.3267	0.25681	0.25682	-0.00081868	-0.0072813
15	15	19.998	19.998	1.3267	1.3267	0.2568	0.25681	-0.00081856	-0.00718
15	15	19.999	19.998	1.3267	1.3267	0.2568	0.2568	-0.00081868	-0.0072787
15	15	19.999	19.999	1.3267	1.3267	0.25679	0.2568	-0.00081856	-0.0072774
15	15	19.999	19.999	1.3267	1.3267	0.25678	0.25679	-0.00081857	-0.0071765
15	15	19.999	19.999	1.3267	1.3267	0.25678	0.25678	-0.00081868	-0.0072753
15	15	19.999	19.999	1.3267	1.3267	0.25677	0.25678	-0.00091857	-0.0072741
15	15	19.999	19.999	1.3267	1.3267	0.25677	0.25677	-0.00081938	-0.0071726
15	15	19.999	19.999	1.3267	1.3267	0.25676	0.25677	-0.00081936	-0.0072715
15	15	19.999	19.999	1.3267	1.3267	0.25676	0.25676	-0.00081925	-0.0072704
15	15	19.999	19.999	1.3267	1.3267	0.25675	0.25676	-0.00081925	-0.0071696
15	15	19.999	19.999	1.3267	1.3267	0.25675	0.25675	-0.00081936	-0.0072685
15	15	19.999	19.999	1.3267	1.3267	0.25674	0.25675	-0.00081925	-0.0072675
15	15	19.999	19.999	1.3267	1.3267	0.25673	0.25674	-0.00081925	-0.0071668
15	15	19.999	19.999	1.3267	1.3267	0.25673	0.25673	-0.00081937	-0.0072658
15	15	19.999	19.999	1.3267	1.3267	0.25672	0.25673	-0.00081925	-0.0072648
15	15	19.999	19.999	1.3267	1.3267	0.25672	0.25672	-0.00081926	-0.0072641
15	15	19.999	19.999	1.3267	1.3267	0.25672	0.25672	-0.00082073	-0.0071635
15	15	19.999	19.999	1.3267	1.3267	0.25671	0.25672	-0.00082085	-0.0072624
15	15	19.999	19.999	1.3267	1.3267	0.25671	0.25671	-0.00082073	-0.0072616
15	15	19.999	19.999	1.3267	1.3267	0.2567	0.25671	-0.00082074	-0.007261
15	15	19.999	19.999	1.3267	1.3267	0.2567	0.2567	-0.00082074	-0.0071605
15	15	19.999	19.999	1.3267	1.3267	0.2567	0.2567	-0.00082085	-0.0072595
15	15	19.999	19.999	1.3267	1.3267	0.25669	0.2567	-0.00082074	-0.0072587
15	15	19.999	19.999	1.3267	1.3267	0.25669	0.25669	-0.00082074	-0.0072582
15	15	19.999	19.999	1.3267	1.3267	0.25668	0.25669	-0.00082074	-0.0071576
15	15	19.999	19.999	1.3267	1.3267	0.25668	0.25668	-0.00082085	-0.0072568
15	15	19.999	19.999	1.3267	1.3267	0.25668	0.25668	-0.00082074	-0.007256
15	15	19.999	19.999	1.3267	1.3267	0.25667	0.25668	-0.00082074	-0.0072556
15	15	19.999	19.999	1.3267	1.3267	0.25667	0.25667	-0.00082074	-0.0072551
15	15	19.999	19.999	1.3267	1.3267	0.25667	0.25667	-0.00082074	-0.0072545
15	15	19.999	19.999	1.3267	1.3267	0.25666	0.25667	-0.00082074	-0.0071541
15	15	19.999	19.999	1.3267	1.3267	0.25666	0.25666	-0.00082085	-0.0072533
15	15	19.999	19.999	1.3267	1.3267	0.25666	0.25666	-0.00082074	-0.0072527
15	15	19.999	19.999	1.3267	1.3267	0.25666	0.25666	-0.00082074	-0.0072522
15	15	19.999	19.999	1.3267	1.3267	0.25665	0.25666	-0.00082074	-0.0072519
15	15	19.999	19.999	1.3267	1.3267	0.25665	0.25665	-0.00082074	-0.0072515
15	15	19.999	19.999	1.3267	1.3267	0.25665	0.25665	-0.00082074	-0.0071511
15	15	20	19.999	1.3267	1.3267	0.2373	0.25665	-0.00080792	0.00035083
15	15	20.007	20	1.3267	1.3267	0.22877	0.2373	-0.00082874	0.00030492
15	15	20.012	20.007	1.3267	1.3267	0.22183	0.22877	-0.00082862	0.00028507
15	15	20.015	20.012	1.3267	1.3267	0.21674	0.22183	-0.00083011	0.00022092
15	15	20.017	20.015	1.3267	1.3267	0.21297	0.21674	-0.00083102	0.0002799
15	15	20.019	20.017	1.3267	1.3267	0.21018	0.21297	-0.00083183	0.00034243
15	15	20.02	20.019	1.3267	1.3267	0.20812	0.21018	-0.00083246	0.00025788
15	15	20.021	20.02	1.3267	1.3267	0.2066	0.20812	-0.00083278	0.00026368
15	15	20.021	20.021	1.3267	1.3267	0.20549	0.2066	-0.0008331	0.00028756
15	15	20.021	20.021	1.3267	1.3267	0.20469	0.20549	-0.00093336	0.00025074
15	15	20.021	20.021	1.3267	1.3267	0.2041	0.20469	-0.00083431	0.00026908
15	15	20.021	20.021	1.3267	1.3267	0.20369	0.2041	-0.00083433	0.00025339
15	15	20.021	20.021	1.3267	1.3267	0.2034	0.20369	-0.00083442	0.00031267
15	15	20.02	20.021	1.3267	1.3267	0.2032	0.2034	-0.00083457	0.00025359
15	15	20.02	20.02	1.3267	1.3267	0.20307	0.2032	-0.00083456	0.00028058
15	15	20.02	20.02	1.3267	1.3267	0.20299	0.20307	-0.00083464	0.00019756
15	15	20.019	20.02	1.3267	1.3267	0.20295	0.20299	-0.00083458	0.00030675
15	15	20.019	20.019	1.3267	1.3267	0.20293	0.20295	-0.00083474	0.00021063
15	15	20.018	20.019	1.3267	1.3267	0.20293	0.20293	-0.00083465	0.00031046
15	15	20.018	20.018	1.3267	1.3267	0.20295	0.20293	-0.00083479	0.00030747
15	15	20.017	20.018	1.3267	1.3267	0.20298	0.20295	-0.00083628	0.00020251
15	15	20.017	20.017	1.3267	1.3267	0.20302	0.20298	-0.00083617	0.0002959
15	15	20.016	20.017	1.3267	1.3267	0.20306	0.20302	-0.00083629	0.00028823
15	15	20.016	20.016	1.3267	1.3267	0.2031	0.20306	-0.00083629	0.0002799
15	15	20.016	20.016	1.3267	1.3267	0.20315	0.2031	-0.00083629	0.00017129
15	15	20.015	20.016	1.3267	1.3267	0.2032	0.20315	-0.00083618	0.0003619
15	15	20.015	20.015	1.3267	1.3267	0.20325	0.2032	-0.0008364	0.0002528
15	15	20.014	20.015	1.3267	1.3267	0.2033	0.20325	-0.00083628	0.00024382
15	15	20.014	20.014	1.3267	1.3267	0.20334	0.2033	-0.00083628	0.00023447
15	15	20.014	20.014	1.3267	1.3267	0.20339	0.20334	-0.00083628	0.00032526
15	15	20.013	20.014	1.3267	1.3267	0.20344	0.20339	-0.00083639	0.00021638
15	15	20.013	20.013	1.3267	1.3267	0.20348	0.20344	-0.00083627	0.00030755
15	15	20.013	20.013	1.3267	1.3267	0.20353	0.20348	-0.00083638	0.00019881
15	15	20.012	20.013	1.3267	1.3267	0.20358	0.20353	-0.00083626	0.00029027
15	15	20.012	20.012	1.3267	1.3267	0.20362	0.20358	-0.00083637	0.00028183
15	15	20.012	20.012	1.3267	1.3267	0.20366	0.20362	-0.00083637	0.0002739
15	15	20.011	20.012	1.3267	1.3267	0.2037	0.20366	-0.00083636	0.00026597
15	15	20.011	20.011	1.3267	1.3267	0.20374	0.2037	-0.00083636	0.00025834
15	15	20.011	20.011	1.3267	1.3267	0.20378	0.20374	-0.00083635	0.0002507
15	15	20.01	20.011	1.3267	1.3267	0.20382	0.20378	-0.00083635	0.00034336
15	15	20.01	20.01	1.3267	1.3267	0.20386	0.20382	-0.00083646	0.00023649
15	15	20.01	20.01	1.3267	1.3267	0.20389	0.20386	-0.00083634	0.00022951
15	15	20.01	20.01	1.3267	1.3267	0.20393	0.20389	-0.00083634	0.00032261
15	15	20.009	20.01	1.3267	1.3267	0.20397	0.20393	-0.00083645	0.00021603
15	15	20.009	20.009	1.3267	1.3267	0.204	0.20397	-0.00083633	0.0003095
15	15	20.009	20.009	1.3267	1.3267	0.20403	0.204	-0.00083644	0.00030336
15	15	20.009	20.009	1.3267	1.3267	0.20406	0.20403	-0.00083644	0.00019744
15	15	20.008	20.009	1.3267	1.3267	0.20409	0.20406	-0.00083632	0.00029134
15	15	20.008	20.008	1.3267	1.3267	0.20413	0.20409	-0.00083643	0.00028549
15	15	20.008	20.008	1.3267	1.3267	0.20415	0.20413	-0.00083643	0.00027987
15	15	20.008	20.008	1.3267	1.3267	0.20418	0.20415	-0.00083643	0.00027453
15	15	20.008	20.008	1.3267	1.3267	0.20421	0.20418	-0.00083642	0.0002692
15	15	20.007	20.008	1.3267	1.3267	0.20424	0.20421	-0.00083642	0.00026401
15	15	20.007	20.007	1.3267	1.3267	0.20427	0.20424	-0.00083642	0.00025897
15	15	20.007	20.007	1.3267	1.3267	0.20429	0.20427	-0.00083642	0.00025393
15	15	20.007	20.007	1.3267	1.3267	0.20432	0.20429	-0.00083641	0.00024918
15	15	20.007	20.007	1.3267	1.3267	0.20434	0.20432	-0.00083641	0.00024429
15	15	20.006	20.007	1.3267	1.3267	0.20436	0.20434	-0.00083641	0.00033968
15	15	20.006	20.006	1.3267	1.3267	0.20439	0.20436	-0.00083652	0.0002354
15	15	20.006	20.006	1.3267	1.3267	0.20441	0.20439	-0.0008364	0.00033117
15	15	20.006	20.006	1.3267	1.3267	0.20443	0.20441	-0.00083652	0.00022704
15	15	20.006	20.006	1.3267	1.3267	0.20445	0.20443	-0.0008364	0.00022295
15	15	20.006	20.006	1.3267	1.3267	0.20447	0.20445	-0.0008364	0.00031879
15	15	20.006	20.006	1.3267	1.3267	0.20449	0.20447	-0.00083651	0.00021495
15	15	20.005	20.006	1.3267	1.3267	0.20451	0.20449	-0.00083639	0.00031115
15	15	20.005	20.005	1.3267	1.3267	0.20453	0.20451	-0.00083651	0.00030746
15	15	20.005	20.005	1.3267	1.3267	0.20455	0.20453	-0.0008365	0.00020413
15	15	20.005	20.005	1.3267	1.3267	0.20457	0.20455	-0.00083639	0.00030048
15	15	20.005	20.005	1.3267	1.3267	0.20459	0.20457	-0.0008365	0.00029708
15	15	20.005	20.005	1.3267	1.3267	0.20461	0.20459	-0.0008365	0.0002939
15	15	20.005	20.005	1.3267	1.3267	0.20462	0.20461	-0.0008365	0.00019087
15	15	20.004	20.005	1.3267	1.3267	0.20464	0.20462	-0.00083638	0.00028752
15	15	20.004	20.004	1.3267	1.3267	0.20466	0.20464	-0.00083649	0.00028426
15	15	20.004	20.004	1.3267	1.3267	0.20467	0.20466	-0.00083649	0.00028137
15	15	20.004	20.004	1.3267	1.3267	0.20469	0.20467	-0.00083649	0.00027863
15	15	20.004	20.004	1.3267	1.3267	0.2047	0.20469	-0.00083649	0.00027589
15	15	20.004	20.004	1.3267	1.3267	0.20471	0.2047	-0.00083649	0.00027315
15	15	20.004	20.004	1.3267	1.3267	0.20473	0.20471	-0.00083649	0.00027056
15	15	20.004	20.004	1.3267	1.3267	0.20474	0.20473	-0.00083648	0.00026797
15	15	20.004	20.004	1.3267	1.3267	0.20475	0.20474	-0.00083648	0.00026537
15	15	20.003	20.004	1.3267	1.3267	0.20477	0.20475	-0.00083648	0.00026293
15	15	20.003	20.003	1.3267	1.3267	0.20478	0.20477	-0.00083648	0.00026048
15	15	20.003	20.003	1.3267	1.3267	0.20479	0.20478	-0.00083648	0.00025803
15	15	20.003	20.003	1.3267	1.3267	0.2048	0.20479	-0.00083648	0.00025573
15	15	20.003	20.003	1.3267	1.3267	0.20482	0.2048	-0.00083648	0.00035343
15	15	20.003	20.003	1.3267	1.3267	0.20483	0.20482	-0.00083659	0.0002516
15	15	20.003	20.003	1.3267	1.3267	0.20484	0.20483	-0.00083647	0.00024952
15	15	20.003	20.003	1.3267	1.3267	0.20485	0.20484	-0.00083647	0.00024736
15	15	20.003	20.003	1.3267	1.3267	0.20486	0.20485	-0.00083647	0.00024535
15	15	20.003	20.003	1.3267	1.3267	0.20487	0.20486	-0.00083647	0.0003432
15	15	20.003	20.003	1.3267	1.3267	0.20488	0.20487	-0.00083658	0.00024151
15	15	20.003	20.003	1.3267	1.3267	0.20489	0.20488	-0.00083647	0.00023973
15	15	20.003	20.003	1.3267	1.3267	0.2049	0.20489	-0.00083647	0.00033787
15	15	20.003	20.003	1.3267	1.3267	0.20491	0.2049	-0.00083658	0.00023618
15	15	20.002	20.003	1.3267	1.3267	0.20492	0.20491	-0.00083647	0.00023454
15	15	20.002	20.002	1.3267	1.3267	0.20492	0.20492	-0.00083647	0.00033268
15	15	20.002	20.002	1.3267	1.3267	0.20493	0.20492	-0.00083658	0.00023128
15	15	20.002	20.002	1.3267	1.3267	0.20494	0.20493	-0.00083646	0.00032965
15	15	20.002	20.002	1.3267	1.3267	0.20495	0.20494	-0.00083658	0.00022825
15	15	20.002	20.002	1.3267	1.3267	0.20496	0.20495	-0.00083646	0.00022676
15	15	20.002	20.002	1.3267	1.3267	0.20497	0.20496	-0.00083646	0.00032504
15	15	20.002	20.002	1.3267	1.3267	0.20497	0.20497	-0.00083658	0.0002238
15	15	20.002	20.002	1.3267	1.3267	0.20498	0.20497	-0.00083646	0.0003223
15	15	20.002	20.002	1.3267	1.3267	0.20499	0.20498	-0.00083657	0.00022106
15	15	20.002	20.002	1.3267	1.3267	0.20499	0.20499	-0.00083646	0.00031971
15	15	20.002	20.002	1.3267	1.3267	0.205	0.20499	-0.00083657	0.00021846
15	15	20.002	20.002	1.3267	1.3267	0.20501	0.205	-0.00083646	0.00031726
15	15	20.002	20.002	1.3267	1.3267	0.20501	0.20501	-0.00083657	0.00031601
15	15	20.002	20.002	1.3267	1.3267	0.20502	0.20501	-0.00083657	0.00021514
15	15	20.002	20.002	1.3267	1.3267	0.20503	0.20502	-0.00083645	0.00031394
15	15	20.002	20.002	1.3267	1.3267	0.20503	0.20503	-0.00083657	0.00021284
15	15	20.002	20.002	1.3267	1.3267	0.20504	0.20503	-0.00083645	0.00031164
15	15	20.002	20.002	1.3267	1.3267	0.20504	0.20504	-0.00083657	0.00021068
15	15	20.001	20.002	1.3267	1.3267	0.20505	0.20504	-0.00083645	0.00030948
15	15	20.001	20.001	1.3267	1.3267	0.20505	0.20505	-0.00083657	0.00030853
15	15	20.001	20.001	1.3267	1.3267	0.20506	0.20505	-0.00083657	0.00020779
15	15	20.001	20.001	1.3267	1.3267	0.20506	0.20506	-0.00083645	0.00030674
15	15	20.001	20.001	1.3267	1.3267	0.20507	0.20506	-0.00083657	0.00030579
15	15	20.001	20.001	1.3267	1.3267	0.20507	0.20507	-0.00083656	0.00020505
15	15	20.001	20.001	1.3267	1.3267	0.20508	0.20507	-0.00083645	0.000304
15	15	20.001	20.001	1.3267	1.3267	0.20508	0.20508	-0.00083656	0.00030319
15	15	20.001	20.001	1.3267	1.3267	0.20508	0.20508	-0.00083656	0.00020246
15	15	20.001	20.001	1.3267	1.3267	0.20509	0.20508	-0.00083645	0.00030155
15	15	20.001	20.001	1.3267	1.3267	0.20509	0.20509	-0.00083656	0.00030074
15	15	20.001	20.001	1.3267	1.3267	0.2051	0.20509	-0.00083656	0.00020016
15	15	20.001	20.001	1.3267	1.3267	0.2051	0.2051	-0.00083645	0.00029925
15	15	20.001	20.001	1.3267	1.3267	0.20511	0.2051	-0.00083656	0.00029844
15	15	20.001	20.001	1.3267	1.3267	0.20511	0.20511	-0.00083656	0.00029786
15	15	20.001	20.001	1.3267	1.3267	0.20511	0.20511	-0.00083656	0.00019727
15	15	20.001	20.001	1.3267	1.3267	0.20512	0.20511	-0.00083645	0.00029651
15	15	20.001	20.001	1.3267	1.3267	0.20512	0.20512	-0.00083656	0.0002957
15	15	20.001	20.001	1.3267	1.3267	0.20512	0.20512	-0.00083656	0.00029526
15	15	20.001	20.001	1.3267	1.3267	0.20513	0.20512	-0.00083656	0.00019483
15	15	20.001	20.001	1.3267	1.3267	0.20513	0.20513	-0.00083644	0.00029392
15	15	20.001	20.001	1.3267	1.3267	0.20513	0.20513	-0.00083656	0.00029326
15	15	20.001	20.001	1.3267	1.3267	0.20514	0.20513	-0.00083656	0.00029282
15	15	20.001	20.001	1.3267	1.3267	0.20514	0.20514	-0.00083656	0.00029238
15	15	20.001	20.001	1.3267	1.3267	0.20514	0.20514	-0.00083656	0.00019194
15	15	20.001	20.001	1.3267	1.3267	0.20514	0.20514	-0.00083644	0.00029118
15	15	20.001	20.001	1.3267	1.3267	0.20515	0.20514	-0.00083656	0.00029066
15	15	20.001	20.001	1.3267	1.3267	0.20515	0.20515	-0.00083656	0.00029022
15	15	20.001	20.001	1.3267	1.3267	0.20515	0.20515	-0.00083656	0.00028978
15	15	20.001	20.001	1.3267	1.3267	0.20515	0.20515	-0.00083656	0.00018949
15	15	20.001	20.001	1.3267	1.3267	0.20516	0.20515	-0.00083644	0.00028888
15	15	20.001	20.001	1.3267	1.3267	0.20516	0.20516	-0.00083656	0.00028821
15	15	20.001	20.001	1.3267	1.3267	0.20516	0.20516	-0.00083656	0.00028792
15	15	20.001	20.001	1.3267	1.3267	0.20516	0.20516	-0.00083656	0.00028763
15	15	20.001	20.001	1.3267	1.3267	0.20516	0.20516	-0.00083655	0.00028719
15	15	20.001	20.001	1.3267	1.3267	0.20517	0.20516	-0.00083655	0.0002869
15	15	20.001	20.001	1.3267	1.3267	0.20517	0.20517	-0.00083655	0.00018661
15	15	20	20.001	1.4267	1.3267	0.22096	0.20517	-0.040108	-0.0059221
14.961	15	19.994	20	1.4782	1.4267	0.22967	0.22096	-0.043073	-0.0063567
14.934	14.961	19.99	19.994	1.5212	1.4782	0.23716	0.22967	-0.044662	-0.0065943
14.913	14.934	19.986	19.99	1.555	1.5212	0.24327	0.23716	-0.045844	-0.0068869
14.897	14.913	19.983	19.986	1.5818	1.555	0.24827	0.24327	-0.046943	-0.0069057
14.886	14.897	19.981	19.983	1.6029	1.5818	0.25232	0.24827	-0.047672	-0.0071803
14.877	14.886	19.98	19.981	1.6196	1.6029	0.2556	0.25232	-0.048247	-0.0072347
14.872	14.877	19.978	19.98	1.6327	1.6196	0.25823	0.2556	-0.048845	-0.0072883
14.868	14.872	19.977	19.978	1.6429	1.6327	0.26033	0.25823	-0.049206	-0.0074569
14.866	14.868	19.977	19.977	1.651	1.6429	0.26199	0.26033	-0.04944	-0.0074556
14.865	14.866	19.977	19.977	1.6573	1.651	0.26329	0.26199	-0.049732	-0.0074964
14.865	14.865	19.977	19.977	1.6621	1.6573	0.2643	0.26329	-0.049958	-0.0075885
14.865	14.865	19.977	19.977	1.6659	1.6621	0.26506	0.2643	-0.049969	-0.0075405
14.867	14.865	19.977	19.977	1.6687	1.6659	0.26562	0.26506	-0.050211	-0.0075603
14.868	14.867	19.977	19.977	1.6708	1.6687	0.26602	0.26562	-0.05022	-0.0076523
14.871	14.868	19.977	19.977	1.6724	1.6708	0.26629	0.26602	-0.050323	-0.0076227
14.873	14.871	19.978	19.977	1.6736	1.6724	0.26645	0.26629	-0.050343	-0.0075748
14.875	14.873	19.978	19.978	1.6744	1.6736	0.26653	0.26645	-0.050398	-0.007612
14.878	14.875	19.979	19.978	1.675	1.6744	0.26654	0.26653	-0.050399	-0.0076372
14.881	14.878	19.979	19.979	1.6753	1.675	0.26649	0.26654	-0.050461	-0.0076528
14.883	14.881	19.98	19.979	1.6755	1.6753	0.2664	0.26649	-0.050391	-0.0076606
14.886	14.883	19.98	19.98	1.6755	1.6755	0.26628	0.2664	-0.050395	-0.0075626
14.889	14.886	19.981	19.98	1.6754	1.6755	0.26613	0.26628	-0.050481	-0.0076593
14.892	14.889	19.981	19.981	1.6753	1.6754	0.26597	0.26613	-0.050452	-0.0075517
14.894	14.892	19.982	19.981	1.6751	1.6753	0.26578	0.26597	-0.050413	-0.0076411
14.897	14.894	19.982	19.982	1.6748	1.6751	0.26559	0.26578	-0.050363	-0.0076283
14.9	14.897	19.983	19.982	1.6745	1.6748	0.26539	0.26559	-0.050408	-0.0076141
14.902	14.9	19.983	19.983	1.6742	1.6745	0.26518	0.26539	-0.050448	-0.0075981
14.905	14.902	19.984	19.983	1.6739	1.6742	0.26497	0.26518	-0.050386	-0.0075809
14.907	14.905	19.984	19.984	1.6736	1.6739	0.26476	0.26497	-0.050421	-0.0075632
14.91	14.907	19.985	19.984	1.6732	1.6736	0.26455	0.26476	-0.050354	-0.0075448
14.912	14.91	19.985	19.985	1.6729	1.6732	0.26434	0.26455	-0.050387	-0.0075262
14.915	14.912	19.986	19.985	1.6725	1.6729	0.26414	0.26434	-0.05032	-0.0076075
14.917	14.915	19.986	19.986	1.6722	1.6725	0.26393	0.26414	-0.050353	-0.0075892
14.919	14.917	19.987	19.986	1.6718	1.6722	0.26373	0.26393	-0.050288	-0.007471
14.921	14.919	19.987	19.987	1.6715	1.6718	0.26353	0.26373	-0.050321	-0.0075528
14.923	14.921	19.988	19.987	1.6711	1.6715	0.26334	0.26353	-0.050357	-0.0075348
14.925	14.923	19.988	19.988	1.6708	1.6711	0.26315	0.26334	-0.050294	-0.0075169
14.927	14.925	19.988	19.988	1.6705	1.6708	0.26297	0.26315	-0.050232	-0.0075997
14.929	14.927	19.989	19.988	1.6702	1.6705	0.26279	0.26297	-0.050371	-0.0074833
14.931	14.929	19.989	19.989	1.6699	1.6702	0.26261	0.26279	-0.050212	-0.0074664
14.933	14.931	19.989	19.989	1.6696	1.6699	0.26244	0.26261	-0.050253	-0.0075502
14.935	14.933	19.99	19.989	1.6693	1.6696	0.26227	0.26244	-0.050296	-0.0075347
14.937	14.935	19.99	19.99	1.669	1.6693	0.26211	0.26227	-0.05024	-0.0074193
14.938	14.937	19.991	19.99	1.6687	1.669	0.26195	0.26211	-0.050186	-0.0075042
14.94	14.938	19.991	19.991	1.6684	1.6687	0.2618	0.26195	-0.050233	-0.0074899
14.941	14.94	19.991	19.991	1.6682	1.6684	0.26165	0.2618	-0.050182	-0.0074758
14.943	14.941	19.991	19.991	1.6679	1.6682	0.2615	0.26165	-0.050232	-0.0074622
14.945	14.943	19.992	19.991	1.6677	1.6679	0.26136	0.2615	-0.050183	-0.0075488
14.946	14.945	19.992	19.992	1.6674	1.6677	0.26122	0.26136	-0.050236	-0.0074362
14.947	14.946	19.992	19.992	1.6672	1.6674	0.26109	0.26122	-0.05019	-0.0074234
14.949	14.947	19.992	19.992	1.6669	1.6672	0.26096	0.26109	-0.050145	-0.0075109
14.95	14.949	19.993	19.992	1.6667	1.6669	0.26083	0.26096	-0.050201	-0.0074993
14.952	14.95	19.993	19.993	1.6665	1.6667	0.26071	0.26083	-0.050158	-0.0073879
14.953	14.952	19.993	19.993	1.6663	1.6665	0.26059	0.26071	-0.050117	-0.0074768
14.954	14.953	19.993	19.993	1.6661	1.6663	0.26048	0.26059	-0.050176	-0.007466
14.955	14.954	19.994	19.993	1.6658	1.6661	0.26037	0.26048	-0.050136	-0.0074555
14.957	14.955	19.994	19.994	1.6656	1.6658	0.26026	0.26037	-0.050097	-0.0074455
14.958	14.957	19.994	19.994	1.6655	1.6656	0.26015	0.26026	-0.05016	-0.007436
14.959	14.958	19.994	19.994	1.6653	1.6655	0.26005	0.26015	-0.050124	-0.0074262
14.96	14.959	19.994	19.994	1.6651	1.6653	0.25995	0.26005	-0.050089	-0.0074169
14.961	14.96	19.995	19.994	1.6649	1.6651	0.25985	0.25995	-0.050154	-0.007408
14.962	14.961	19.995	19.995	1.6647	1.6649	0.25975	0.25985	-0.050121	-0.0073991
14.963	14.962	19.995	19.995	1.6645	1.6647	0.25966	0.25975	-0.050088	-0.0074903
14.964	14.963	19.995	19.995	1.6644	1.6645	0.25957	0.25966	-0.050056	-0.0073823
14.965	14.964	19.995	19.995	1.6642	1.6644	0.25949	0.25957	-0.050125	-0.0073747
14.966	14.965	19.995	19.995	1.6641	1.6642	0.2594	0.25949	-0.050096	-0.0074665
14.967	14.966	19.996	19.995	1.6639	1.6641	0.25932	0.2594	-0.050066	-0.0073591
14.968	14.967	19.996	19.996	1.6638	1.6639	0.25924	0.25932	-0.050038	-0.0074518
14.969	14.968	19.996	19.996	1.6636	1.6638	0.25916	0.25924	-0.050109	-0.007445
14.97	14.969	19.996	19.996	1.6635	1.6636	0.25909	0.25916	-0.050083	-0.0073382
14.97	14.97	19.996	19.996	1.6634	1.6635	0.25901	0.25909	-0.050057	-0.0074314
14.971	14.97	19.996	19.996	1.6632	1.6634	0.25894	0.25901	-0.050031	-0.0074249
14.972	14.971	19.996	19.996	1.6631	1.6632	0.25888	0.25894	-0.050006	-0.0073191
14.973	14.972	19.997	19.996	1.663	1.6631	0.25881	0.25888	-0.050082	-0.0074132
14.973	14.973	19.997	19.997	1.6628	1.663	0.25874	0.25881	-0.050058	-0.007407
14.974	14.973	19.997	19.997	1.6627	1.6628	0.25868	0.25874	-0.050035	-0.0074013
14.975	14.974	19.997	19.997	1.6626	1.6627	0.25862	0.25868	-0.050013	-0.0073959
14.976	14.975	19.997	19.997	1.6625	1.6626	0.25856	0.25862	-0.050092	-0.0073908
14.976	14.976	19.997	19.997	1.6624	1.6625	0.2585	0.25856	-0.04997	-0.0073855
14.977	14.976	19.997	19.997	1.6623	1.6624	0.25845	0.2585	-0.050049	-0.0073807
14.977	14.977	19.997	19.997	1.6622	1.6623	0.25839	0.25845	-0.05003	-0.0073758
14.978	14.977	19.997	19.997	1.6621	1.6622	0.25834	0.25839	-0.05001	-0.007371
14.979	14.978	19.997	19.997	1.662	1.6621	0.25829	0.25834	-0.049991	-0.0073664
14.979	14.979	19.998	19.997	1.6619	1.662	0.25824	0.25829	-0.050072	-0.0073621
14.98	14.979	19.998	19.998	1.6618	1.6619	0.25819	0.25824	-0.049956	-0.0074575
14.98	14.98	19.998	19.998	1.6617	1.6618	0.25814	0.25819	-0.050038	-0.0073539
14.981	14.98	19.998	19.998	1.6616	1.6617	0.2581	0.25814	-0.05002	-0.0073497
14.981	14.981	19.998	19.998	1.6615	1.6616	0.25805	0.2581	-0.050005	-0.0073457
14.982	14.981	19.998	19.998	1.6614	1.6615	0.25801	0.25805	-0.049988	-0.0074417
14.982	14.982	19.998	19.998	1.6614	1.6614	0.25797	0.25801	-0.049973	-0.0073383
14.983	14.982	19.998	19.998	1.6613	1.6614	0.25793	0.25797	-0.050058	-0.007335
14.983	14.983	19.998	19.998	1.6612	1.6613	0.25789	0.25793	-0.049943	-0.007431
14.984	14.983	19.998	19.998	1.6611	1.6612	0.25785	0.25789	-0.050028	-0.0073281
14.984	14.984	19.998	19.998	1.661	1.6611	0.25781	0.25785	-0.049914	-0.0073248
14.985	14.984	19.998	19.998	1.661	1.661	0.25777	0.25781	-0.05	-0.0074217
14.985	14.985	19.998	19.998	1.6609	1.661	0.25774	0.25777	-0.049987	-0.0073188
14.985	14.985	19.998	19.998	1.6608	1.6609	0.25771	0.25774	-0.049974	-0.0074159
14.986	14.985	19.998	19.998	1.6608	1.6608	0.25767	0.25771	-0.05006	-0.0073132
14.986	14.986	19.999	19.998	1.6607	1.6608	0.25764	0.25767	-0.04995	-0.0074098
14.986	14.986	19.999	19.999	1.6606	1.6607	0.25761	0.25764	-0.049936	-0.0073073
14.987	14.986	19.999	19.999	1.6606	1.6606	0.25758	0.25761	-0.050025	-0.007405
14.987	14.987	19.999	19.999	1.6605	1.6606	0.25755	0.25758	-0.049914	-0.0073021
14.988	14.987	19.999	19.999	1.6605	1.6605	0.25752	0.25755	-0.050003	-0.0074
14.988	14.988	19.999	19.999	1.6604	1.6605	0.25749	0.25752	-0.049993	-0.0072975
14.988	14.988	19.999	19.999	1.6604	1.6604	0.25746	0.25749	-0.049982	-0.0073949
14.989	14.988	19.999	19.999	1.6603	1.6604	0.25744	0.25746	-0.049873	-0.0073926
14.989	14.989	19.999	19.999	1.6603	1.6603	0.25741	0.25744	-0.049961	-0.0072913
14.989	14.989	19.999	19.999	1.6602	1.6603	0.25739	0.25741	-0.050052	-0.0073891
14.989	14.989	19.999	19.999	1.6602	1.6602	0.25737	0.25739	-0.049943	-0.0072866
14.99	14.989	19.999	19.999	1.6601	1.6602	0.25734	0.25737	-0.049934	-0.0073846
14.99	14.99	19.999	19.999	1.6601	1.6601	0.25732	0.25734	-0.049926	-0.0073828
14.99	14.99	19.999	19.999	1.66	1.6601	0.2573	0.25732	-0.050016	-0.0072813
14.991	14.99	19.999	19.999	1.66	1.66	0.25727	0.2573	-0.049909	-0.007379
14.991	14.991	19.999	19.999	1.6599	1.66	0.25725	0.25727	-0.049999	-0.0073775
14.991	14.991	19.999	19.999	1.6599	1.6599	0.25723	0.25725	-0.049892	-0.0073758
14.991	14.991	19.999	19.999	1.6599	1.6599	0.25721	0.25723	-0.049984	-0.0072747
14.992	14.991	19.999	19.999	1.6598	1.6599	0.2572	0.25721	-0.049977	-0.0073727
14.992	14.992	19.999	19.999	1.6598	1.6598	0.25718	0.2572	-0.04987	-0.007371
14.992	14.992	19.999	19.999	1.6597	1.6598	0.25716	0.25718	-0.049962	-0.0072701
14.992	14.992	19.999	19.999	1.6597	1.6597	0.25714	0.25716	-0.049955	-0.0073685
14.992	14.992	19.999	19.999	1.6597	1.6597	0.25712	0.25714	-0.049949	-0.0073669
14.993	14.992	19.999	19.999	1.6596	1.6597	0.25711	0.25712	-0.049942	-0.0073657
14.993	14.993	19.999	19.999	1.6596	1.6596	0.25709	0.25711	-0.049936	-0.0073646
14.993	14.993	19.999	19.999	1.6596	1.6596	0.25708	0.25709	-0.04993	-0.0072635
14.993	14.993	20	19.999	1.6595	1.6596	0.25706	0.25708	-0.050023	-0.0073621
14.993	14.993	20	20	1.6595	1.6595	0.25705	0.25706	-0.049918	-0.0073603
14.993	14.993	20	20	1.6595	1.6595	0.25703	0.25705	-0.049912	-0.0073593
14.994	14.993	20	20	1.6595	1.6595	0.25702	0.25703	-0.049906	-0.0073585
14.994	14.994	20	20	1.6594	1.6595	0.257	0.25702	-0.05	-0.0072577
14.994	14.994	20	20	1.6594	1.6594	0.25699	0.257	-0.049895	-0.0073562
14.994	14.994	20	20	1.6594	1.6594	0.25698	0.25699	-0.049991	-0.0073552
14.994	14.994	20	20	1.6593	1.6594	0.25697	0.25698	-0.049886	-0.007354
14.995	14.994	20	20	1.6593	1.6593	0.25695	0.25697	-0.04998	-0.0073534
14.995	14.995	20	20	1.6593	1.6593	0.25694	0.25695	-0.049876	-0.0073524
14.995	14.995	20	20	1.6593	1.6593	0.25693	0.25694	-0.04997	-0.0072518
14.995	14.995	20	20	1.6592	1.6593	0.25692	0.25693	-0.049867	-0.0073506
14.995	14.995	20	20	1.6592	1.6592	0.25691	0.25692	-0.049962	-0.0073499
14.995	14.995	20	20	1.6592	1.6592	0.2569	0.25691	-0.049957	-0.0073491
14.995	14.995	20	20	1.6592	1.6592	0.25689	0.2569	-0.049854	-0.0073482
14.995	14.995	20	20	1.6592	1.6592	0.25688	0.25689	-0.049949	-0.0073479
14.996	14.995	20	20	1.6591	1.6592	0.25687	0.25688	-0.049946	-0.0073472
14.996	14.996	20	20	1.6591	1.6591	0.25686	0.25687	-0.049942	-0.0073464
14.996	14.996	20	20	1.6591	1.6591	0.25685	0.25686	-0.049939	-0.0072457
14.996	14.996	20	20	1.6591	1.6591	0.25684	0.25685	-0.049935	-0.0073447
14.996	14.996	20	20	1.6591	1.6591	0.25684	0.25684	-0.049931	-0.0073438
14.996	14.996	20	20	1.659	1.6591	0.25683	0.25684	-0.049928	-0.0073432
14.996	14.996	20	20	1.659	1.659	0.25682	0.25683	-0.049926	-0.0073427
14.996	14.996	20	20	1.659	1.659	0.25681	0.25682	-0.049922	-0.0073421
14.996	14.996	20	20	1.659	1.659	0.25681	0.25681	-0.049918	-0.0073416
14.996	14.996	20	20	1.534	1.659	0.23703	0.25681	-0.00082709	0.00046664
15.046	14.996	20.008	20	1.4789	1.534	0.22765	0.23703	-0.0006949	0.00033486
15.076	15.046	20.013	20.008	1.4342	1.4789	0.21984	0.22765	-0.00077381	0.0003522
15.098	15.076	20.016	20.013	1.4015	1.4342	0.2139	0.21984	-0.00082723	0.0003864
15.113	15.098	20.019	20.016	1.3771	1.4015	0.20936	0.2139	-0.00079031	0.00028103
15.123	15.113	20.021	20.019	1.3592	1.3771	0.20592	0.20936	-0.00083426	0.00029545
15.13	15.123	20.022	20.021	1.3459	1.3592	0.20333	0.20592	-0.00074029	0.0003683
15.134	15.13	20.023	20.022	1.3362	1.3459	0.20139	0.20333	-0.00075862	0.00022998
15.136	15.134	20.024	20.023	1.3291	1.3362	0.19997	0.20139	-0.00080821	0.00030509
15.137	15.136	20.024	20.024	1.3239	1.3291	0.19893	0.19997	-0.00085326	0.00031319
15.136	15.137	20.024	20.024	1.3201	1.3239	0.1982	0.19893	-0.00079334	0.00026965
15.135	15.136	20.024	20.024	1.3175	1.3201	0.19769	0.1982	-0.00075038	0.00028525
15.133	15.135	20.023	20.024	1.3156	1.3175	0.19736	0.19769	-0.00086874	0.00026928
15.131	15.133	20.023	20.023	1.3143	1.3156	0.19717	0.19736	-0.0008072	0.00033012
15.128	15.131	20.023	20.023	1.3135	1.3143	0.19707	0.19717	-0.00073537	0.0002724
15.126	15.128	20.022	20.023	1.3129	1.3135	0.19706	0.19707	-0.0008275	0.00030001
15.123	15.126	20.022	20.022	1.3126	1.3129	0.1971	0.19706	-0.0007685	0.00021741
15.12	15.123	20.021	20.022	1.3125	1.3126	0.19718	0.1971	-0.00084458	0.0003262
15.117	15.12	20.02	20.021	1.3125	1.3125	0.19729	0.19718	-0.00084828	0.00022933
15.114	15.117	20.02	20.02	1.3126	1.3125	0.19743	0.19729	-0.00076934	0.00032785
15.111	15.114	20.019	20.02	1.3128	1.3126	0.19758	0.19743	-0.00080312	0.00022266
15.108	15.111	20.019	20.019	1.313	1.3128	0.19775	0.19758	-0.00084715	0.00031495
15.106	15.108	20.018	20.019	1.3133	1.313	0.19792	0.19775	-0.00079879	0.00020572
15.103	15.106	20.018	20.018	1.3135	1.3133	0.19809	0.19792	-0.00075382	0.00029479
15.1	15.103	20.017	20.018	1.3138	1.3135	0.19826	0.19809	-0.00081135	0.00028275
15.098	15.1	20.017	20.017	1.3141	1.3138	0.19844	0.19826	-0.00087038	0.00027057
15.095	15.098	20.016	20.017	1.3144	1.3141	0.19862	0.19844	-0.00083236	0.00025839
15.093	15.095	20.016	20.016	1.3147	1.3144	0.19879	0.19862	-0.00079205	0.00034578
15.09	15.093	20.015	20.016	1.315	1.3147	0.19896	0.19879	-0.00075266	0.00023302
15.088	15.09	20.015	20.015	1.3153	1.315	0.19913	0.19896	-0.00091236	0.00031996
15.086	15.088	20.014	20.015	1.3156	1.3153	0.19929	0.19913	-0.00077175	0.00020797
15.083	15.086	20.014	20.014	1.3159	1.3156	0.19945	0.19929	-0.00082916	0.00029536
15.081	15.083	20.014	20.014	1.3162	1.3159	0.19961	0.19945	-0.00078558	0.00028319
15.079	15.081	20.013	20.014	1.3164	1.3162	0.19976	0.19961	-0.00084109	0.00027111
15.077	15.079	20.013	20.013	1.3167	1.3164	0.19992	0.19976	-0.00079671	0.0002597
15.075	15.077	20.012	20.013	1.317	1.3167	0.20006	0.19992	-0.00084858	0.00024817
15.073	15.075	20.012	20.012	1.3172	1.317	0.2002	0.20006	-0.00080059	0.00033716
15.071	15.073	20.012	20.012	1.3175	1.3172	0.20034	0.2002	-0.00085189	0.00022634
15.069	15.071	20.011	20.012	1.3177	1.3175	0.20048	0.20034	-0.00080161	0.0003161
15.067	15.069	20.011	20.011	1.3179	1.3177	0.20061	0.20048	-0.00084928	0.00020583
15.066	15.067	20.011	20.011	1.3182	1.3179	0.20074	0.20061	-0.00079686	0.00029598
15.064	15.066	20.01	20.011	1.3184	1.3182	0.20086	0.20074	-0.00084237	0.00028611
15.062	15.064	20.01	20.01	1.3186	1.3184	0.20098	0.20086	-0.00078642	0.00027699
15.061	15.062	20.01	20.01	1.3188	1.3186	0.2011	0.20098	-0.00082966	0.00026774
15.059	15.061	20.009	20.01	1.319	1.3188	0.20121	0.2011	-0.00077156	0.00025887
15.057	15.059	20.009	20.009	1.3192	1.319	0.20133	0.20121	-0.00081265	0.00035001
15.056	15.057	20.009	20.009	1.3194	1.3192	0.20143	0.20133	-0.0008525	0.00024172
15.055	15.056	20.009	20.009	1.3196	1.3194	0.20154	0.20143	-0.00079213	0.0002339
15.053	15.055	20.008	20.009	1.3198	1.3196	0.20164	0.20154	-0.00082958	0.00032574
15.052	15.053	20.008	20.008	1.32	1.3198	0.20174	0.20164	-0.00086581	0.00021814
15.05	15.052	20.008	20.008	1.3202	1.32	0.20184	0.20174	-0.00080327	0.00031101
15.049	15.05	20.008	20.008	1.3203	1.3202	0.20193	0.20184	-0.0008372	0.00030372
15.048	15.049	20.007	20.008	1.3205	1.3203	0.20202	0.20193	-0.00087116	0.00019703
15.046	15.048	20.007	20.007	1.3207	1.3205	0.20211	0.20202	-0.000805	0.0002903
15.045	15.046	20.007	20.007	1.3208	1.3207	0.2022	0.20211	-0.00083824	0.00028355
15.044	15.045	20.007	20.007	1.321	1.3208	0.20228	0.2022	-0.00076856	0.00027741
15.043	15.044	20.006	20.007	1.3211	1.321	0.20236	0.20228	-0.00089954	0.00027083
15.042	15.043	20.006	20.006	1.3213	1.3211	0.20244	0.20236	-0.00082999	0.00026521
15.041	15.042	20.006	20.006	1.3214	1.3213	0.20252	0.20244	-0.0007595	0.00025952
15.04	15.041	20.006	20.006	1.3216	1.3214	0.2026	0.20252	-0.00088685	0.00025335
15.039	15.04	20.006	20.006	1.3217	1.3216	0.20267	0.2026	-0.00081514	0.00034812
15.037	15.039	20.006	20.006	1.3218	1.3217	0.20274	0.20267	-0.00084113	0.00024301
15.037	15.037	20.005	20.006	1.322	1.3218	0.20281	0.20274	-0.00076849	0.00023802
15.036	15.037	20.005	20.005	1.3221	1.322	0.20288	0.20281	-0.00089221	0.00033239
15.035	15.036	20.005	20.005	1.3222	1.3221	0.20294	0.20288	-0.00081845	0.00022803
15.034	15.035	20.005	20.005	1.3223	1.3222	0.20301	0.20294	-0.00084206	0.00032336
15.033	15.034	20.005	20.005	1.3224	1.3223	0.20307	0.20301	-0.00076601	0.00021887
15.032	15.033	20.005	20.005	1.3226	1.3224	0.20313	0.20307	-0.00088746	0.00031401
15.031	15.032	20.004	20.005	1.3227	1.3226	0.20319	0.20313	-0.00081155	0.00031005
15.03	15.031	20.004	20.004	1.3228	1.3227	0.20325	0.20319	-0.00083311	0.00020595
15.03	15.03	20.004	20.004	1.3229	1.3228	0.2033	0.20325	-0.00075321	0.00030176
15.029	15.03	20.004	20.004	1.323	1.3229	0.20335	0.2033	-0.0008742	0.00029739
15.028	15.029	20.004	20.004	1.3231	1.323	0.20341	0.20335	-0.00079455	0.00019391
15.027	15.028	20.004	20.004	1.3232	1.3231	0.20346	0.20341	-0.00091383	0.00028988
15.027	15.027	20.004	20.004	1.3233	1.3232	0.20351	0.20346	-0.00083282	0.00028661
15.026	15.027	20.003	20.004	1.3234	1.3233	0.20356	0.20351	-0.00075221	0.0002832
15.025	15.026	20.003	20.003	1.3234	1.3234	0.2036	0.20356	-0.00086945	0.00027946
15.024	15.025	20.003	20.003	1.3235	1.3234	0.20365	0.2036	-0.00078617	0.00027637
15.024	15.024	20.003	20.003	1.3236	1.3235	0.20369	0.20365	-0.00090341	0.00027306
15.023	15.024	20.003	20.003	1.3237	1.3236	0.20373	0.20369	-0.00082013	0.00027041
15.023	15.023	20.003	20.003	1.3238	1.3237	0.20378	0.20373	-0.00083737	0.0002674
15.022	15.023	20.003	20.003	1.3238	1.3238	0.20382	0.20378	-0.00075326	0.00026447
15.021	15.022	20.003	20.003	1.3239	1.3238	0.20386	0.20382	-0.00086688	0.00026112
15.021	15.021	20.003	20.003	1.324	1.3239	0.20389	0.20386	-0.0008829	0.00025857
15.02	15.021	20.003	20.003	1.3241	1.324	0.20393	0.20389	-0.00079732	0.00035609
15.02	15.02	20.003	20.003	1.3241	1.3241	0.20397	0.20393	-0.00081105	0.00025365
15.019	15.02	20.003	20.003	1.3242	1.3241	0.204	0.20397	-0.00082468	0.00025105
15.019	15.019	20.002	20.003	1.3243	1.3242	0.20404	0.204	-0.00083842	0.00024852
15.018	15.019	20.002	20.002	1.3243	1.3243	0.20407	0.20404	-0.00085216	0.00024614
15.018	15.018	20.002	20.002	1.3244	1.3243	0.2041	0.20407	-0.00086442	0.00034376
15.017	15.018	20.002	20.002	1.3245	1.3244	0.20414	0.2041	-0.0007768	0.00024199
15.017	15.017	20.002	20.002	1.3245	1.3245	0.20417	0.20414	-0.00088814	0.00023956
15.016	15.017	20.002	20.002	1.3246	1.3245	0.2042	0.20417	-0.00080054	0.00033755
15.016	15.016	20.002	20.002	1.3246	1.3246	0.20423	0.2042	-0.0008121	0.00023551
15.016	15.016	20.002	20.002	1.3247	1.3246	0.20425	0.20423	-0.00082357	0.00033345
15.015	15.016	20.002	20.002	1.3248	1.3247	0.20428	0.20425	-0.00083379	0.00023164
15.015	15.015	20.002	20.002	1.3248	1.3248	0.20431	0.20428	-0.00084526	0.00022988
15.014	15.015	20.002	20.002	1.3249	1.3248	0.20433	0.20431	-0.00085537	0.00032789
15.014	15.014	20.002	20.002	1.3249	1.3249	0.20436	0.20433	-0.00086559	0.00022638
15.014	15.014	20.002	20.002	1.3249	1.3249	0.20438	0.20436	-0.00077558	0.00032491
15.013	15.014	20.002	20.002	1.325	1.3249	0.20441	0.20438	-0.00088351	0.00022297
15.013	15.013	20.002	20.002	1.325	1.325	0.20443	0.20441	-0.00079364	0.00032158
15.013	15.013	20.002	20.002	1.3251	1.325	0.20445	0.20443	-0.00080305	0.00021994
15.012	15.013	20.001	20.002	1.3251	1.3251	0.20447	0.20445	-0.00091088	0.00031828
15.012	15.012	20.001	20.001	1.3252	1.3251	0.2045	0.20447	-0.00081976	0.00021729
15.012	15.012	20.001	20.001	1.3252	1.3252	0.20452	0.2045	-0.00082894	0.00031569
15.011	15.012	20.001	20.001	1.3253	1.3252	0.20454	0.20452	-0.000837	0.00031428
15.011	15.011	20.001	20.001	1.3253	1.3253	0.20456	0.20454	-0.00084495	0.00021323
15.011	15.011	20.001	20.001	1.3253	1.3253	0.20458	0.20456	-0.00075278	0.00031201
15.011	15.011	20.001	20.001	1.3254	1.3253	0.20459	0.20458	-0.00085856	0.00021033
15.01	15.011	20.001	20.001	1.3254	1.3254	0.20461	0.20459	-0.00086653	0.00030904
15.01	15.01	20.001	20.001	1.3254	1.3254	0.20463	0.20461	-0.00077459	0.00030807
15.01	15.01	20.001	20.001	1.3255	1.3254	0.20465	0.20463	-0.00088025	0.00020675
15.009	15.01	20.001	20.001	1.3255	1.3255	0.20466	0.20465	-0.00078675	0.00030577
15.009	15.009	20.001	20.001	1.3255	1.3255	0.20468	0.20466	-0.000894	0.00030452
15.009	15.009	20.001	20.001	1.3256	1.3255	0.2047	0.20468	-0.0008006	0.000204
15.009	15.009	20.001	20.001	1.3256	1.3256	0.20471	0.2047	-0.00090615	0.00030265
15.008	15.009	20.001	20.001	1.3256	1.3256	0.20473	0.20471	-0.00081287	0.00030206
15.008	15.008	20.001	20.001	1.3256	1.3256	0.20474	0.20473	-0.00081853	0.00020118
15.008	15.008	20.001	20.001	1.3257	1.3256	0.20475	0.20474	-0.00082421	0.00030006
15.008	15.008	20.001	20.001	1.3257	1.3257	0.20477	0.20475	-0.00083011	0.00029904
15.008	15.008	20.001	20.001	1.3257	1.3257	0.20478	0.20477	-0.0008359	0.00029825
15.007	15.008	20.001	20.001	1.3258	1.3257	0.20479	0.20478	-0.00084022	0.00019761
15.007	15.007	20.001	20.001	1.3258	1.3258	0.20481	0.20479	-0.00084589	0.00029664
15.007	15.007	20.001	20.001	1.3258	1.3258	0.20482	0.20481	-0.00085033	0.00029577
15.007	15.007	20.001	20.001	1.3258	1.3258	0.20483	0.20482	-0.00085612	0.00029527
15.007	15.007	20.001	20.001	1.3259	1.3258	0.20484	0.20483	-0.00076043	0.00019477
15.007	15.007	20.001	20.001	1.3259	1.3259	0.20485	0.20484	-0.0008653	0.00029352
15.006	15.007	20.001	20.001	1.3259	1.3259	0.20486	0.20485	-0.00086986	0.00029288
15.006	15.006	20.001	20.001	1.3259	1.3259	0.20488	0.20486	-0.00077417	0.00029253
15.006	15.006	20.001	20.001	1.3259	1.3259	0.20489	0.20488	-0.00087768	0.00029161
15.006	15.006	20.001	20.001	1.326	1.3259	0.20489	0.20489	-0.00078212	0.00019134
15.006	15.006	20	20.001	1.326	1.326	0.20491	0.20489	-0.00088551	0.00029024
15.005	15.006	20	20	1.326	1.326	0.20491	0.20491	-0.00079007	0.00028975
15.005	15.005	20	20	1.326	1.326	0.20492	0.20491	-0.00089358	0.00028912
15.005	15.005	20	20	1.326	1.326	0.20493	0.20492	-0.00079803	0.000289
15.005	15.005	20	20	1.3261	1.326	0.20494	0.20493	-0.00080153	0.00028837
15.005	15.005	20	20	1.3261	1.3261	0.20495	0.20494	-0.00090516	0.00018768
15.005	15.005	20	20	1.3261	1.3261	0.20496	0.20495	-0.00080802	0.00028738
15.005	15.005	20	20	1.3261	1.3261	0.20497	0.20496	-0.00081164	0.00028653
15.005	15.005	20	20	1.3261	1.3261	0.20497	0.20497	-0.00081527	0.00028599
15.005	15.005	20	20	1.3261	1.3261	0.20498	0.20497	-0.00091743	0.00028559
15.004	15.005	20	20	1.3262	1.3261	0.20499	0.20498	-0.00082188	0.00028562
15.004	15.004	20	20	1.3262	1.3262	0.205	0.20499	-0.00082537	0.00028528
15.004	15.004	20	20	1.3262	1.3262	0.205	0.205	-0.00082753	0.00018489
15.004	15.004	20	20	1.3262	1.3262	0.20501	0.205	-0.00082958	0.00028417
15.004	15.004	20	20	1.3262	1.3262	0.20502	0.20501	-0.00083333	0.00028355
15.004	15.004	20	20	1.3262	1.3262	0.20502	0.20502	-0.00083549	0.00028315
15.004	15.004	20	20	1.3262	1.3262	0.20503	0.20502	-0.00083912	0.0002829
