0	0	0	0	3	0	3	0	0.01533	0.0041023
0	0	0	0	3	3	3	3	0.010715	0.0071701
0.42341	0	0.44428	0	3	3	3	3	0.0021884	0.0065097
0.82804	0.42341	0.88771	0.44428	3	3	3	3	-0.00043842	0.0049678
1.2213	0.82804	1.3303	0.88771	3	3	3	3	-0.0014611	0.0037845
1.6057	1.2213	1.7721	1.3303	3	3	3	3	-0.0017885	0.00279
1.9823	1.6057	2.2131	1.7721	3	3	3	3	-0.0017477	0.0019479
2.3523	1.9823	2.6533	2.2131	3	3	3	3	-0.0015454	0.0012213
2.7161	2.3523	3.0927	2.6533	3	3	3	3	-0.0012492	0.00061159
3.0743	2.7161	3.5314	3.0927	3	3	3	3	-0.00095427	7.5587e-05
3.4274	3.0743	3.9693	3.5314	3	3	3	3	-0.00064182	-0.00036723
3.7757	3.4274	4.4064	3.9693	3	3	3	3	-0.00037708	-0.00074503
4.1195	3.7757	4.8427	4.4064	3	3	3	3	-0.00013985	-0.0010651
4.459	4.1195	5.2783	4.8427	3	3	3	3	4.7403e-05	-0.001333
4.7945	4.459	5.7131	5.2783	3	3	3	3	0.00018911	-0.0015343
5.126	4.7945	6.1472	5.7131	3	3	3	3	0.00028739	-0.0016934
5.4539	5.126	6.5806	6.1472	3	3	3	3	0.0003523	-0.0018145
5.7782	5.4539	7.0132	6.5806	3	3	3	3	0.00037209	-0.0019111
6.0991	5.7782	7.4451	7.0132	3	3	3	3	0.00036312	-0.0019471
6.4168	6.0991	7.8762	7.4451	3	3	3	3	0.00031034	-0.0019656
6.7313	6.4168	8.3066	7.8762	3	3	3	3	0.00025723	-0.0019595
7.0427	6.7313	8.7363	8.3066	3	3	3	3	0.00016643	-0.0019215
7.3511	7.0427	9.1652	8.7363	3	3	3	3	6.8864e-05	-0.0018747
7.6567	7.3511	9.5935	9.1652	3	3	3	3	-5.5115e-05	-0.0017813
7.9594	7.6567	10.021	9.5935	3	3	3	3	-0.00017654	-0.0017041
8.2595	7.9594	10.448	10.021	3	3	3	3	-0.00029678	-0.0015847
8.5569	8.2595	10.874	10.448	3	3	3	3	-0.00043836	-0.001456
8.8518	8.5569	11.299	10.874	3	3	3	3	-0.00056461	-0.0013196
9.1441	8.8518	11.724	11.299	3	3	3	3	-0.00069921	-0.0011775
9.434	9.1441	12.148	11.724	3	3	3	3	-0.00081678	-0.0011315
9.7216	9.434	12.571	12.148	3	3	3	3	-0.00097207	-0.00088334
10.007	9.7216	12.994	12.571	3	3	3	3	-0.0010516	-0.00073545
10.29	10.007	13.416	12.994	3	3	3	3	-0.0011203	-0.00058746
10.57	10.29	13.837	13.416	3	3	3	3	-0.0012249	-0.00044203
10.849	10.57	14.257	13.837	3	3	3	3	-0.0012627	-0.0002004
11.125	10.849	14.677	14.257	3	3	3	3	-0.0014308	-0.0001633
11.399	11.125	15.096	14.677	3	3	3	3	-0.0014276	6.8503e-05
11.672	11.399	15.515	15.096	3	3	3	3	-0.0014502	9.3835e-05
11.942	11.672	15.933	15.515	3	3	3	3	-0.0014967	0.00031194
12.21	11.942	16.35	15.933	3	3	3	3	-0.0014666	0.00052175
12.476	12.21	16.766	16.35	3	3	3	3	-0.0014577	0.00052391
12.741	12.476	17.182	16.766	3	3	3	3	-0.0015693	0.0007174
13.003	12.741	17.597	17.182	3	3	3	3	-0.0014021	0.00080221
13.264	13.003	18.011	17.597	2.8992	3	2.9428	3	-0.0013611	0.00088151
13.523	13.264	18.425	18.011	2.485	2.8992	2.1967	2.9428	-0.00063815	0.00019686
13.765	13.523	18.83	18.425	2.2105	2.485	1.7094	2.1967	-0.00069319	0.0013416
13.944	13.765	19.123	18.83	2.0022	2.2105	1.337	1.7094	-0.00063883	0.0015851
14.082	13.944	19.344	19.123	1.8469	2.0022	1.0588	1.337	-0.00068152	0.0014392
14.188	14.082	19.509	19.344	1.7308	1.8469	0.85016	1.0588	-0.00078254	0.0011692
14.27	14.188	19.633	19.509	1.6439	1.7308	0.69382	0.85016	-0.00082209	0.0010064
14.334	14.27	19.726	19.633	1.5788	1.6439	0.57661	0.69382	-0.000787	0.00077799
14.386	14.334	19.795	19.726	1.5298	1.5788	0.48869	0.57661	-0.00094666	0.00064748
14.427	14.386	19.847	19.795	1.493	1.5298	0.42271	0.48869	-0.00086238	0.00057846
14.461	14.427	19.887	19.847	1.4651	1.493	0.37316	0.42271	-0.0009067	0.00046227
14.489	14.461	19.916	19.887	1.444	1.4651	0.33592	0.37316	-0.00081783	0.00041584
14.513	14.489	19.938	19.916	1.4279	1.444	0.3079	0.33592	-0.0009467	0.00044947
14.533	14.513	19.954	19.938	1.4156	1.4279	0.28679	0.3079	-0.00093662	0.00032164
14.551	14.533	19.967	19.954	1.406	1.4156	0.27085	0.28679	-0.00089521	0.00027372
14.567	14.551	19.976	19.967	1.3986	1.406	0.25878	0.27085	-0.00087898	0.00026131
14.582	14.567	19.983	19.976	1.3927	1.3986	0.24963	0.25878	-0.00098071	0.0002768
14.595	14.582	19.988	19.983	1.388	1.3927	0.24265	0.24963	-0.00092261	0.00036451
14.607	14.595	19.992	19.988	1.3841	1.388	0.23731	0.24265	-0.00084422	0.00023161
14.619	14.607	19.995	19.992	1.381	1.3841	0.23319	0.23731	-0.00089987	0.00025777
14.63	14.619	19.998	19.995	1.3783	1.381	0.23	0.23319	-0.0009593	0.00020387
14.641	14.63	20	19.998	1.3761	1.3783	0.2275	0.23	-0.00089782	0.00031542
14.651	14.641	20.001	20	1.3741	1.3761	0.22553	0.2275	-0.00089505	0.00022575
14.66	14.651	20.002	20.001	1.3723	1.3741	0.22394	0.22553	-0.00093755	0.00026028
14.669	14.66	20.003	20.002	1.3707	1.3723	0.22266	0.22394	-0.00091686	0.00023827
14.678	14.669	20.003	20.003	1.3693	1.3707	0.2216	0.22266	-0.0009231	0.00017339
14.687	14.678	20.004	20.003	1.368	1.3693	0.22071	0.2216	-0.00085348	0.0002764
14.695	14.687	20.004	20.004	1.3667	1.368	0.21996	0.22071	-0.00090004	0.00025513
14.703	14.695	20.004	20.004	1.3656	1.3667	0.2193	0.21996	-0.00096193	0.0002162
14.711	14.703	20.005	20.004	1.3645	1.3656	0.21873	0.2193	-0.00083765	0.00026385
14.719	14.711	20.005	20.005	1.3634	1.3645	0.21821	0.21873	-0.00092128	0.00020064
14.726	14.719	20.005	20.005	1.3624	1.3634	0.21774	0.21821	-0.00091594	0.00032995
14.733	14.726	20.005	20.005	1.3614	1.3624	0.21731	0.21774	-0.00091651	0.00015366
14.741	14.733	20.005	20.005	1.3605	1.3614	0.21691	0.21731	-0.00082547	0.00027268
14.747	14.741	20.005	20.005	1.3596	1.3605	0.21654	0.21691	-0.00094123	0.00028774
14.754	14.747	20.005	20.005	1.3587	1.3596	0.21619	0.21654	-0.00086215	0.00020111
14.761	14.754	20.005	20.005	1.3579	1.3587	0.21585	0.21619	-0.00088779	0.00031189
14.767	14.761	20.005	20.005	1.3571	1.3579	0.21553	0.21585	-0.00091961	0.00022117
14.773	14.767	20.005	20.005	1.3562	1.3571	0.21523	0.21553	-0.00085697	0.00022958
14.779	14.773	20.005	20.005	1.3555	1.3562	0.21493	0.21523	-0.0008965	0.00023642
14.785	14.779	20.005	20.005	1.3547	1.3555	0.21465	0.21493	-0.00084343	0.0002427
14.79	14.785	20.005	20.005	1.354	1.3547	0.21438	0.21465	-0.00089239	0.00024808
14.796	14.79	20.005	20.005	1.3533	1.354	0.21411	0.21438	-0.0009458	0.00025334
14.801	14.796	20.005	20.005	1.3526	1.3533	0.21385	0.21411	-0.00080354	0.0002584
14.806	14.801	20.005	20.005	1.3519	1.3526	0.21361	0.21385	-0.00096544	0.00026243
14.812	14.806	20.005	20.005	1.3512	1.3519	0.21337	0.21361	-0.00083127	0.00026683
14.816	14.812	20.005	20.005	1.3506	1.3512	0.21313	0.21337	-0.00089965	0.00027058
14.821	14.816	20.005	20.005	1.3499	1.3506	0.21291	0.21313	-0.00087115	0.00027413
14.826	14.821	20.005	20.005	1.3493	1.3499	0.21269	0.21291	-0.00084763	0.0001775
14.831	14.826	20.005	20.005	1.3487	1.3493	0.21248	0.21269	-0.00092615	0.00028017
14.835	14.831	20.005	20.005	1.3482	1.3487	0.21227	0.21248	-0.00080789	0.00028324
14.839	14.835	20.005	20.005	1.3476	1.3482	0.21207	0.21227	-0.00089366	0.0001858
14.844	14.839	20.005	20.005	1.3471	1.3476	0.21188	0.21207	-0.00088096	0.00028815
14.848	14.844	20.005	20.005	1.3465	1.3471	0.21169	0.21188	-0.000872	0.00029055
14.852	14.848	20.005	20.005	1.346	1.3465	0.2115	0.21169	-0.00086656	0.00019309
14.856	14.852	20.005	20.005	1.3455	1.346	0.21132	0.2115	-0.00086316	0.00029492
14.859	14.856	20.005	20.005	1.345	1.3455	0.21115	0.21132	-0.00086216	0.00029688
14.863	14.859	20.005	20.005	1.3445	1.345	0.21098	0.21115	-0.00086468	0.00019882
14.867	14.863	20.005	20.005	1.344	1.3445	0.21082	0.21098	-0.00086924	0.0003005
14.87	14.867	20.005	20.005	1.3436	1.344	0.21066	0.21082	-0.0008762	0.00020216
14.874	14.87	20.005	20.005	1.3432	1.3436	0.2105	0.21066	-0.00088656	0.00030363
14.877	14.874	20.005	20.005	1.3427	1.3432	0.21035	0.2105	-0.0008993	0.0003051
14.88	14.877	20.005	20.005	1.3423	1.3427	0.21021	0.21035	-0.00081262	0.00020684
14.883	14.88	20.005	20.005	1.3419	1.3423	0.21007	0.21021	-0.00082865	0.00030774
14.886	14.883	20.005	20.005	1.3415	1.3419	0.20993	0.21007	-0.00094868	0.00020871
14.889	14.886	20.005	20.005	1.3411	1.3415	0.2098	0.20993	-0.00076997	0.00031019
14.892	14.889	20.005	20.005	1.3407	1.3411	0.20966	0.2098	-0.00089189	0.00021062
14.895	14.892	20.005	20.005	1.3404	1.3407	0.20954	0.20966	-0.00091682	0.00031157
14.898	14.895	20.005	20.005	1.34	1.3404	0.20942	0.20954	-0.00084401	0.00021287
14.9	14.898	20.005	20.005	1.3397	1.34	0.2093	0.20942	-0.00087379	0.00031341
14.903	14.9	20.005	20.005	1.3393	1.3397	0.20918	0.2093	-0.00080461	0.00021417
14.906	14.903	20.004	20.005	1.339	1.3393	0.20907	0.20918	-0.00083655	0.00031447
14.908	14.906	20.004	20.004	1.3387	1.339	0.20896	0.20907	-0.00087101	0.00021498
14.911	14.908	20.004	20.004	1.3383	1.3387	0.20885	0.20896	-0.00090593	0.00021545
14.913	14.911	20.004	20.004	1.338	1.3383	0.20875	0.20885	-0.00084459	0.00031588
14.915	14.913	20.004	20.004	1.3377	1.338	0.20865	0.20875	-0.00088325	0.00021626
14.917	14.915	20.004	20.004	1.3375	1.3377	0.20855	0.20865	-0.00082543	0.00031682
14.92	14.917	20.004	20.004	1.3372	1.3375	0.20846	0.20855	-0.00086772	0.00021695
14.922	14.92	20.004	20.004	1.3369	1.3372	0.20837	0.20846	-0.00081206	0.00031726
14.924	14.922	20.004	20.004	1.3366	1.3369	0.20828	0.20837	-0.0008565	0.00021714
14.926	14.924	20.004	20.004	1.3364	1.3366	0.20819	0.20828	-0.00090301	0.00031735
14.928	14.926	20.004	20.004	1.3361	1.3364	0.20811	0.20819	-0.00085191	0.0002177
14.93	14.928	20.004	20.004	1.3359	1.3361	0.20802	0.20811	-0.00080191	0.00031787
14.931	14.93	20.004	20.004	1.3356	1.3359	0.20794	0.20802	-0.00085216	0.0002177
14.933	14.931	20.004	20.004	1.3354	1.3356	0.20787	0.20794	-0.00090446	0.00031755
14.935	14.933	20.004	20.004	1.3352	1.3354	0.20779	0.20787	-0.00085915	0.00021784
14.937	14.935	20.004	20.004	1.335	1.3352	0.20772	0.20779	-0.00081348	0.00031796
14.938	14.937	20.004	20.004	1.3347	1.335	0.20765	0.20772	-0.00086951	0.00021758
14.94	14.938	20.003	20.004	1.3345	1.3347	0.20758	0.20765	-0.00082613	0.00021753
14.942	14.94	20.003	20.003	1.3343	1.3345	0.20751	0.20758	-0.00088421	0.00031702
14.943	14.942	20.003	20.003	1.3341	1.3343	0.20745	0.20751	-0.0008447	0.0002171
14.945	14.943	20.003	20.003	1.3339	1.3341	0.20738	0.20745	-0.00080482	0.00031687
14.946	14.945	20.003	20.003	1.3337	1.3339	0.20732	0.20738	-0.00086517	0.00021643
14.947	14.946	20.003	20.003	1.3336	1.3337	0.20726	0.20732	-0.00082759	0.00031632
14.949	14.947	20.003	20.003	1.3334	1.3336	0.20721	0.20726	-0.00089158	0.00021593
14.95	14.949	20.003	20.003	1.3332	1.3334	0.20715	0.20721	-0.00085615	0.00031586
14.951	14.95	20.003	20.003	1.333	1.3332	0.20709	0.20715	-0.0008223	0.00021566
14.953	14.951	20.003	20.003	1.3329	1.333	0.20704	0.20709	-0.00088821	0.00031522
14.954	14.953	20.003	20.003	1.3327	1.3329	0.20699	0.20704	-0.00085518	0.00031514
14.955	14.954	20.003	20.003	1.3325	1.3327	0.20694	0.20699	-0.00082336	0.00021507
14.956	14.955	20.003	20.003	1.3324	1.3325	0.20689	0.20694	-0.00079145	0.00031467
14.958	14.956	20.003	20.003	1.3322	1.3324	0.20684	0.20689	-0.00086123	0.00021393
14.959	14.958	20.003	20.003	1.3321	1.3322	0.2068	0.20684	-0.0008316	0.00031351
14.96	14.959	20.003	20.003	1.3319	1.3321	0.20675	0.2068	-0.00090354	0.0002131
14.961	14.96	20.003	20.003	1.3318	1.3319	0.20671	0.20675	-0.00077459	0.00031302
14.962	14.961	20.003	20.003	1.3317	1.3318	0.20667	0.20671	-0.00084787	0.00021224
14.963	14.962	20.003	20.003	1.3316	1.3317	0.20663	0.20667	-0.0009204	0.00031172
14.964	14.963	20.003	20.003	1.3314	1.3316	0.20659	0.20663	-0.00079532	0.00021177
14.965	14.964	20.003	20.003	1.4567	1.3314	0.20696	0.20659	-0.050147	0.00010216
14.916	14.965	20.002	20.003	1.5236	1.4567	0.20781	0.20696	-0.054742	8.2785e-05
14.883	14.916	20.002	20.002	1.5798	1.5236	0.20875	0.20781	-0.057246	6.3016e-05
14.856	14.883	20.001	20.002	1.6248	1.5798	0.20971	0.20875	-0.059426	7.8855e-05
14.836	14.856	20.001	20.001	1.661	1.6248	0.21061	0.20971	-0.060913	0.00015491
14.821	14.836	20	20.001	1.69	1.661	0.21141	0.21061	-0.062356	7.9145e-06
14.81	14.821	20	20	1.7132	1.69	0.21211	0.21141	-0.063413	0.00015017
14.803	14.81	20	20	1.7318	1.7132	0.21269	0.21211	-0.064293	8.9333e-05
14.798	14.803	19.999	20	1.7466	1.7318	0.21316	0.21269	-0.064965	0.00013035
14.795	14.798	19.999	19.999	1.7583	1.7466	0.21353	0.21316	-0.065568	7.548e-05
14.794	14.795	19.999	19.999	1.7676	1.7583	0.2138	0.21353	-0.065911	0.00012659
14.794	14.794	19.999	19.999	1.7749	1.7676	0.21399	0.2138	-0.066281	8.3604e-05
14.795	14.794	19.999	19.999	1.7807	1.7749	0.2141	0.21399	-0.066554	0.00014693
14.797	14.795	19.999	19.999	1.7851	1.7807	0.21416	0.2141	-0.066785	0.00011619
14.8	14.797	19.999	19.999	1.7885	1.7851	0.21416	0.21416	-0.066922	9.133e-05
14.803	14.8	19.999	19.999	1.7911	1.7885	0.21412	0.21416	-0.067005	7.0984e-05
14.807	14.803	19.999	19.999	1.793	1.7911	0.21404	0.21412	-0.067162	0.00015471
14.81	14.807	19.999	19.999	1.7944	1.793	0.21393	0.21404	-0.06722	0.00014246
14.814	14.81	19.999	19.999	1.7953	1.7944	0.21381	0.21393	-0.067197	3.375e-05
14.818	14.814	19.999	19.999	1.7959	1.7953	0.21366	0.21381	-0.067311	0.00012681
14.822	14.818	19.999	19.999	1.7963	1.7959	0.2135	0.21366	-0.067373	0.00012249
14.826	14.822	19.999	19.999	1.7964	1.7963	0.21333	0.2135	-0.067297	0.00012055
14.831	14.826	19.999	19.999	1.7964	1.7964	0.21315	0.21333	-0.067387	0.00011973
14.835	14.831	19.999	19.999	1.7962	1.7964	0.21297	0.21315	-0.067253	0.00012044
14.839	14.835	20	19.999	1.7959	1.7962	0.21278	0.21297	-0.067398	0.00012147
14.843	14.839	20	20	1.7956	1.7959	0.21259	0.21278	-0.067329	0.00012397
14.847	14.843	20	20	1.7952	1.7956	0.21241	0.21259	-0.06725	0.00012696
14.851	14.847	20	20	1.7947	1.7952	0.21222	0.21241	-0.067261	0.00012996
14.855	14.851	20	20	1.7942	1.7947	0.21203	0.21222	-0.067265	0.00013338
14.859	14.855	20	20	1.7937	1.7942	0.21185	0.21203	-0.067267	0.00013729
14.862	14.859	20	20	1.7931	1.7937	0.21167	0.21185	-0.067263	0.00014141
14.866	14.862	20	20	1.7926	1.7931	0.21149	0.21167	-0.067159	0.00014587
14.87	14.866	20	20	1.792	1.7926	0.21132	0.21149	-0.067153	0.00014997
14.873	14.87	20	20	1.7915	1.792	0.21115	0.21132	-0.067148	5.4036e-05
14.877	14.873	20	20	1.7909	1.7915	0.21098	0.21115	-0.067144	0.00015799
14.88	14.877	20	20	1.7904	1.7909	0.21082	0.21098	-0.067139	0.00016205
14.883	14.88	20.001	20	1.7898	1.7904	0.21066	0.21082	-0.067136	6.6402e-05
14.886	14.883	20.001	20.001	1.7893	1.7898	0.2105	0.21066	-0.067035	0.00017049
14.889	14.886	20.001	20.001	1.7888	1.7893	0.21035	0.2105	-0.067035	0.00017413
14.892	14.889	20.001	20.001	1.7883	1.7888	0.2102	0.21035	-0.067037	7.7978e-05
14.895	14.892	20.001	20.001	1.7877	1.7883	0.21006	0.2102	-0.067042	0.00018156
14.898	14.895	20.001	20.001	1.7873	1.7877	0.20992	0.21006	-0.067047	8.5252e-05
14.901	14.898	20.001	20.001	1.7868	1.7873	0.20979	0.20992	-0.066956	0.00018892
14.903	14.901	20.001	20.001	1.7863	1.7868	0.20966	0.20979	-0.066966	9.2141e-05
14.906	14.903	20.001	20.001	1.7858	1.7863	0.20953	0.20966	-0.066979	9.5409e-05
14.908	14.906	20.001	20.001	1.7854	1.7858	0.2094	0.20953	-0.066894	0.00019847
14.911	14.908	20.001	20.001	1.785	1.7854	0.20928	0.2094	-0.06691	0.00010134
14.913	14.911	20.001	20.001	1.7845	1.785	0.20916	0.20928	-0.066829	0.00010425
14.916	14.913	20.001	20.001	1.7841	1.7845	0.20905	0.20916	-0.066949	0.0002064
14.918	14.916	20.001	20.001	1.7837	1.7841	0.20894	0.20905	-0.066772	0.00010967
14.92	14.918	20.001	20.001	1.7833	1.7837	0.20883	0.20894	-0.066897	0.00011175
14.922	14.92	20.001	20.001	1.7829	1.7833	0.20873	0.20883	-0.066824	0.00011431
14.924	14.922	20.001	20.001	1.7825	1.7829	0.20863	0.20873	-0.066853	0.00021658
14.926	14.924	20.001	20.001	1.7822	1.7825	0.20853	0.20863	-0.066784	0.00011913
14.928	14.926	20.001	20.001	1.7818	1.7822	0.20843	0.20853	-0.066715	0.0001214
14.93	14.928	20.001	20.001	1.7815	1.7818	0.20834	0.20843	-0.06685	0.00012298
14.932	14.93	20.001	20.001	1.7811	1.7815	0.20825	0.20834	-0.066686	0.00012522
14.934	14.932	20.001	20.001	1.7808	1.7811	0.20816	0.20825	-0.066724	0.00012662
14.936	14.934	20.001	20.001	1.7805	1.7808	0.20808	0.20816	-0.066764	0.00012821
14.938	14.936	20.001	20.001	1.7802	1.7805	0.20799	0.20808	-0.066705	0.00022998
14.939	14.938	20.001	20.001	1.7799	1.7802	0.20791	0.20799	-0.066748	0.00013169
14.941	14.939	20.001	20.001	1.7796	1.7799	0.20783	0.20791	-0.066691	0.00013375
14.943	14.941	20.001	20.001	1.7793	1.7796	0.20776	0.20783	-0.066637	0.00013519
14.944	14.943	20.001	20.001	1.779	1.7793	0.20769	0.20776	-0.066683	0.00013634
14.946	14.944	20.001	20.001	1.7787	1.779	0.20761	0.20769	-0.066732	0.00013761
14.947	14.946	20.001	20.001	1.7785	1.7787	0.20754	0.20761	-0.066582	0.0001392
14.948	14.947	20.001	20.001	1.7782	1.7785	0.20748	0.20754	-0.066634	0.00014017
14.95	14.948	20.001	20.001	1.778	1.7782	0.20741	0.20748	-0.066686	0.00014118
14.951	14.95	20.001	20.001	1.7777	1.778	0.20735	0.20741	-0.06664	0.00014252
14.953	14.951	20.001	20.001	1.7775	1.7777	0.20729	0.20735	-0.066596	0.00014379
14.954	14.953	20.001	20.001	1.7773	1.7775	0.20723	0.20729	-0.066551	0.00014462
14.955	14.954	20.001	20.001	1.777	1.7773	0.20717	0.20723	-0.066609	0.0001453
14.956	14.955	20.001	20.001	1.7768	1.777	0.20711	0.20717	-0.066568	0.00014624
14.957	14.956	20.001	20.001	1.7766	1.7768	0.20706	0.20711	-0.066627	4.7102e-05
14.959	14.957	20.001	20.001	1.7764	1.7766	0.207	0.20706	-0.066589	0.00014777
14.96	14.959	20.001	20.001	1.7762	1.7764	0.20695	0.207	-0.06655	0.00014858
14.961	14.96	20.001	20.001	1.776	1.7762	0.2069	0.20695	-0.066513	0.00014919
14.962	14.961	20.001	20.001	1.7758	1.776	0.20685	0.2069	-0.066576	0.00014966
14.963	14.962	20.001	20.001	1.7756	1.7758	0.20681	0.20685	-0.066542	0.00015053
14.964	14.963	20.001	20.001	1.7754	1.7756	0.20676	0.20681	-0.066508	0.00015118
14.965	14.964	20.001	20.001	1.7753	1.7754	0.20672	0.20676	-0.066575	0.00015168
14.966	14.965	20.001	20.001	1.7751	1.7753	0.20667	0.20672	-0.066542	0.00015259
14.967	14.966	20.001	20.001	1.7749	1.7751	0.20663	0.20667	-0.066511	0.00015328
14.968	14.967	20.001	20.001	1.7748	1.7749	0.20659	0.20663	-0.066481	0.00015382
14.969	14.968	20.001	20.001	1.7746	1.7748	0.20655	0.20659	-0.066451	5.4216e-05
14.969	14.969	20.001	20.001	1.7745	1.7746	0.20651	0.20655	-0.066521	0.00015401
14.97	14.969	20.001	20.001	1.7743	1.7745	0.20647	0.20651	-0.066494	0.00015427
14.971	14.97	20.001	20.001	1.7742	1.7743	0.20644	0.20647	-0.066466	0.00015485
14.972	14.971	20.001	20.001	1.774	1.7742	0.2064	0.20644	-0.066539	0.00015514
14.973	14.972	20.001	20.001	1.7739	1.774	0.20637	0.2064	-0.066413	0.00015583
14.973	14.973	20.001	20.001	1.7738	1.7739	0.20634	0.20637	-0.066489	0.0001559
14.974	14.973	20.001	20.001	1.7736	1.7738	0.2063	0.20634	-0.066463	0.0001563
14.975	14.974	20.001	20.001	1.7735	1.7736	0.20627	0.2063	-0.066439	5.6622e-05
14.975	14.975	20.001	20.001	1.7734	1.7735	0.20624	0.20627	-0.066417	0.00015664
14.976	14.975	20.001	20.001	1.7733	1.7734	0.20621	0.20624	-0.066493	0.00015643
14.977	14.976	20.001	20.001	1.7732	1.7733	0.20619	0.20621	-0.066471	0.00015686
14.977	14.977	20.001	20.001	1.773	1.7732	0.20616	0.20619	-0.066451	0.00015737
14.978	14.977	20.001	20.001	1.7729	1.773	0.20613	0.20616	-0.066429	0.00015774
14.979	14.978	20.001	20.001	1.7728	1.7729	0.2061	0.20613	-0.066409	0.00015795
14.979	14.979	20.001	20.001	1.7727	1.7728	0.20608	0.2061	-0.06639	0.00015802
14.98	14.979	20.001	20.001	1.7726	1.7727	0.20605	0.20608	-0.066469	5.7941e-05
14.98	14.98	20.001	20.001	1.7725	1.7726	0.20603	0.20605	-0.066351	0.00015811
14.981	14.98	20.001	20.001	1.7724	1.7725	0.20601	0.20603	-0.066432	0.00015771
14.981	14.981	20.001	20.001	1.7723	1.7724	0.20599	0.20601	-0.066416	0.00015789
14.982	14.981	20.001	20.001	1.7722	1.7723	0.20596	0.20599	-0.066398	0.000158
14.982	14.982	20.001	20.001	1.7721	1.7722	0.20594	0.20596	-0.066381	0.00015811
14.983	14.982	20.001	20.001	1.7721	1.7721	0.20592	0.20594	-0.066466	0.00015807
14.983	14.983	20.001	20.001	1.772	1.7721	0.2059	0.20592	-0.06635	5.858e-05
14.984	14.983	20.001	20.001	1.7719	1.772	0.20588	0.2059	-0.066434	0.00015816
14.984	14.984	20.001	20.001	1.7718	1.7719	0.20586	0.20588	-0.066318	0.00015814
14.985	14.984	20.001	20.001	1.7717	1.7718	0.20584	0.20586	-0.066403	0.00015787
14.985	14.985	20.001	20.001	1.7717	1.7717	0.20583	0.20584	-0.06639	0.00015809
14.985	14.985	20.001	20.001	1.7716	1.7717	0.20581	0.20583	-0.066376	0.00015809
14.986	14.985	20.001	20.001	1.7715	1.7716	0.20579	0.20581	-0.066363	0.00015823
14.986	14.986	20.001	20.001	1.7714	1.7715	0.20578	0.20579	-0.066449	5.8084e-05
14.986	14.986	20.001	20.001	1.7714	1.7714	0.20576	0.20578	-0.066337	0.00015818
14.987	14.986	20.001	20.001	1.7713	1.7714	0.20575	0.20576	-0.066424	0.00015786
14.987	14.987	20.001	20.001	1.7712	1.7713	0.20573	0.20575	-0.066313	0.00015826
14.988	14.987	20.001	20.001	1.7712	1.7712	0.20572	0.20573	-0.0664	0.00015789
14.988	14.988	20.001	20.001	1.7711	1.7712	0.2057	0.20572	-0.066289	0.00015815
14.988	14.988	20.001	20.001	1.7711	1.7711	0.20569	0.2057	-0.066377	0.00015778
14.989	14.988	20.001	20.001	1.771	1.7711	0.20567	0.20569	-0.066367	0.00015774
14.989	14.989	20.001	20.001	1.771	1.771	0.20566	0.20567	-0.066357	5.7924e-05
14.989	14.989	20.001	20.001	1.7709	1.771	0.20565	0.20566	-0.066346	0.0001575
14.989	14.989	20.001	20.001	1.7709	1.7709	0.20564	0.20565	-0.066337	0.0001573
14.99	14.989	20.001	20.001	1.7708	1.7709	0.20563	0.20564	-0.066426	0.00015719
14.99	14.99	20.001	20.001	1.7708	1.7708	0.20561	0.20563	-0.066317	0.00015763
14.99	14.99	20.001	20.001	1.7707	1.7708	0.2056	0.20561	-0.066308	0.00015744
14.991	14.99	20.001	20.001	1.7707	1.7707	0.20559	0.2056	-0.066398	0.00015718
14.991	14.991	20.001	20.001	1.7706	1.7707	0.20558	0.20559	-0.066291	0.00015748
14.991	14.991	20.001	20.001	1.7706	1.7706	0.20557	0.20558	-0.066382	0.00015714
14.991	14.991	20.001	20.001	1.7705	1.7706	0.20556	0.20557	-0.066375	5.7293e-05
14.992	14.991	20.001	20.001	1.7705	1.7705	0.20555	0.20556	-0.066266	0.00015721
14.992	14.992	20.001	20.001	1.7704	1.7705	0.20554	0.20555	-0.066358	0.00015648
14.992	14.992	20.001	20.001	1.7704	1.7704	0.20554	0.20554	-0.066351	0.00015663
14.992	14.992	20.001	20.001	1.7704	1.7704	0.20553	0.20554	-0.066343	0.00015656
14.992	14.992	20.001	20.001	1.7703	1.7704	0.20552	0.20553	-0.066336	0.00015663
14.993	14.992	20.001	20.001	1.7703	1.7703	0.20551	0.20552	-0.066329	0.0001567
14.993	14.993	20.001	20.001	1.7703	1.7703	0.2055	0.20551	-0.066323	0.00015663
14.993	14.993	20.001	20.001	1.7702	1.7703	0.2055	0.2055	-0.066316	0.00015655
14.993	14.993	20.001	20.001	1.7702	1.7702	0.20549	0.2055	-0.06631	5.6332e-05
14.993	14.993	20	20.001	1.7701	1.7702	0.20548	0.20549	-0.066302	0.00015595
14.994	14.993	20	20	1.7701	1.7701	0.20547	0.20548	-0.066397	0.00015549
14.994	14.994	20	20	1.7701	1.7701	0.20547	0.20547	-0.066292	0.00015582
14.994	14.994	20	20	1.7701	1.7701	0.20546	0.20547	-0.066286	0.00015567
14.994	14.994	20	20	1.77	1.7701	0.20545	0.20546	-0.06638	0.00015545
14.994	14.994	20	20	1.77	1.77	0.20545	0.20545	-0.066275	0.00015563
14.994	14.994	20	20	1.77	1.77	0.20544	0.20545	-0.066369	0.00015534
14.995	14.994	20	20	1.7699	1.77	0.20544	0.20544	-0.066264	0.00015552
14.995	14.995	20	20	1.7699	1.7699	0.20543	0.20544	-0.066358	0.00015523
14.995	14.995	20	20	1.6032	1.7699	0.20488	0.20543	-0.00085538	0.00036408
15.06	14.995	20.001	20	1.5298	1.6032	0.20375	0.20488	-0.00070975	0.000315
15.101	15.06	20.001	20.001	1.4702	1.5298	0.20259	0.20375	-0.00081405	0.00043076
15.13	15.101	20.002	20.001	1.4264	1.4702	0.20146	0.20259	-0.00071502	0.00032833
15.15	15.13	20.002	20.002	1.394	1.4264	0.20045	0.20146	-0.00082746	0.00027411
15.164	15.15	20.003	20.002	1.3701	1.394	0.19959	0.20045	-0.00075134	0.00034283
15.173	15.164	20.003	20.003	1.3524	1.3701	0.19888	0.19959	-0.00075589	0.0003188
15.178	15.173	20.003	20.003	1.3394	1.3524	0.19832	0.19888	-0.0008129	0.00029332
15.181	15.178	20.003	20.003	1.3299	1.3394	0.1979	0.19832	-0.00077879	0.00026178
15.182	15.181	20.004	20.003	1.323	1.3299	0.19759	0.1979	-0.00077235	0.00032157
15.181	15.182	20.004	20.004	1.318	1.323	0.19739	0.19759	-0.0007562	0.000272
15.179	15.181	20.004	20.004	1.3144	1.318	0.19727	0.19739	-0.00083145	0.00031362
15.177	15.179	20.004	20.004	1.3119	1.3144	0.19722	0.19727	-0.00082332	0.00034736
15.174	15.177	20.004	20.004	1.3102	1.3119	0.19722	0.19722	-0.00077485	0.00027405
15.171	15.174	20.004	20.004	1.3091	1.3102	0.19727	0.19722	-0.00074332	0.000294
15.167	15.171	20.003	20.004	1.3084	1.3091	0.19736	0.19727	-0.00080033	0.00030847
15.163	15.167	20.003	20.003	1.308	1.3084	0.19747	0.19736	-0.00082224	0.00021896
15.159	15.163	20.003	20.003	1.3078	1.308	0.1976	0.19747	-0.0007904	0.00032579
15.156	15.159	20.003	20.003	1.3078	1.3078	0.19774	0.1976	-0.00079265	0.00022979
15.152	15.156	20.003	20.003	1.308	1.3078	0.1979	0.19774	-0.00082128	0.00033159
15.148	15.152	20.003	20.003	1.3082	1.308	0.19806	0.1979	-0.00076785	0.00023172
15.144	15.148	20.003	20.003	1.3085	1.3082	0.19823	0.19806	-0.00082523	0.00033012
15.141	15.144	20.003	20.003	1.3088	1.3085	0.1984	0.19823	-0.00079329	0.00022783
15.137	15.141	20.002	20.003	1.3092	1.3088	0.19858	0.1984	-0.00076624	0.00032456
15.134	15.137	20.002	20.002	1.3096	1.3092	0.19875	0.19858	-0.00084317	0.00032061
15.13	15.134	20.002	20.002	1.31	1.3096	0.19892	0.19875	-0.00082308	0.00021683
15.127	15.13	20.002	20.002	1.3103	1.31	0.19909	0.19892	-0.00080353	0.00031229
15.123	15.127	20.002	20.002	1.3108	1.3103	0.19925	0.19909	-0.00078355	0.00030766
15.12	15.123	20.002	20.002	1.3111	1.3108	0.19942	0.19925	-0.00086424	0.00030292
15.117	15.12	20.002	20.002	1.3115	1.3111	0.19957	0.19942	-0.00074358	0.00019857
15.114	15.117	20.001	20.002	1.3119	1.3115	0.19973	0.19957	-0.00082121	0.00029333
15.111	15.114	20.001	20.001	1.3123	1.3119	0.19988	0.19973	-0.00079931	0.00028853
15.108	15.111	20.001	20.001	1.3127	1.3123	0.20003	0.19988	-0.00087502	0.00028381
15.105	15.108	20.001	20.001	1.313	1.3127	0.20018	0.20003	-0.00074938	0.00027963
15.102	15.105	20.001	20.001	1.3134	1.313	0.20032	0.20018	-0.00082064	0.00027489
15.1	15.102	20.001	20.001	1.3137	1.3134	0.20046	0.20032	-0.00079217	0.00027062
15.097	15.1	20.001	20.001	1.3141	1.3137	0.20059	0.20046	-0.0008614	0.00026622
15.095	15.097	20.001	20.001	1.3144	1.3141	0.20072	0.20059	-0.00082783	0.00036236
15.092	15.095	20.001	20.001	1.3147	1.3144	0.20085	0.20072	-0.00079502	0.00025869
15.09	15.092	20.001	20.001	1.315	1.3147	0.20097	0.20085	-0.00075835	0.00025487
15.087	15.09	20	20.001	1.3154	1.315	0.20109	0.20097	-0.00081965	0.00025079
15.085	15.087	20	20	1.3156	1.3154	0.20121	0.20109	-0.00088108	0.0003471
15.083	15.085	20	20	1.3159	1.3156	0.20132	0.20121	-0.00084114	0.00024417
15.081	15.083	20	20	1.3162	1.3159	0.20143	0.20132	-0.00079868	0.00024101
15.079	15.081	20	20	1.3165	1.3162	0.20154	0.20143	-0.00075419	0.00033758
15.076	15.079	20	20	1.3168	1.3165	0.20164	0.20154	-0.00080913	0.00023429
15.075	15.076	20	20	1.317	1.3168	0.20175	0.20164	-0.0008625	0.00033114
15.072	15.075	20	20	1.3173	1.317	0.20184	0.20175	-0.00081461	0.00022867
15.071	15.072	20	20	1.3175	1.3173	0.20194	0.20184	-0.00086422	0.00032583
15.069	15.071	20	20	1.3178	1.3175	0.20203	0.20194	-0.00081418	0.00022347
15.067	15.069	20	20	1.318	1.3178	0.20212	0.20203	-0.00076162	0.00032088
15.065	15.067	20	20	1.3182	1.318	0.20221	0.20212	-0.00080862	0.0002182
15.063	15.065	20	20	1.3185	1.3182	0.2023	0.20221	-0.00085404	0.00031565
15.062	15.063	20	20	1.3187	1.3185	0.20238	0.2023	-0.00079821	0.0003135
15.06	15.062	20	20	1.3189	1.3187	0.20246	0.20238	-0.00084145	0.00021145
15.059	15.06	20	20	1.3191	1.3189	0.20254	0.20246	-0.00088324	0.0003093
15.057	15.059	20	20	1.3193	1.3191	0.20262	0.20254	-0.00072378	0.00030755
15.056	15.057	20	20	1.3195	1.3193	0.20269	0.20262	-0.00086258	0.00020533
15.054	15.056	20	20	1.3197	1.3195	0.20276	0.20269	-0.00080234	0.00030352
15.053	15.054	20	20	1.3199	1.3197	0.20283	0.20276	-0.00083991	0.0003016
15.051	15.053	20	20	1.32	1.3199	0.2029	0.20283	-0.00087602	0.00030014
15.05	15.051	20	20	1.3202	1.32	0.20297	0.2029	-0.00081213	0.00019897
15.049	15.05	20	20	1.3204	1.3202	0.20303	0.20297	-0.00084731	0.00029705
15.047	15.049	20	20	1.3206	1.3204	0.20309	0.20303	-0.00078138	0.00029561
15.046	15.047	20	20	1.3207	1.3206	0.20315	0.20309	-0.00081452	0.00029398
15.045	15.046	20	20	1.3209	1.3207	0.20321	0.20315	-0.00084632	0.00029272
15.044	15.045	20	20	1.321	1.3209	0.20327	0.20321	-0.00077811	0.00029147
15.043	15.044	20	20	1.3212	1.321	0.20333	0.20327	-0.00090762	0.00019009
15.041	15.043	19.999	20	1.3213	1.3212	0.20338	0.20333	-0.00073797	0.00028903
15.04	15.041	19.999	19.999	1.3215	1.3213	0.20343	0.20338	-0.00086677	0.0002873
15.039	15.04	19.999	19.999	1.3216	1.3215	0.20348	0.20343	-0.00079507	0.00028638
15.038	15.039	19.999	19.999	1.3217	1.3216	0.20353	0.20348	-0.00082242	0.00028525
15.037	15.038	19.999	19.999	1.3219	1.3217	0.20358	0.20353	-0.00084842	0.00028421
15.036	15.037	19.999	19.999	1.322	1.3219	0.20363	0.20358	-0.00087443	0.00028346
15.035	15.036	19.999	19.999	1.3221	1.322	0.20368	0.20363	-0.00080043	0.00028285
15.034	15.035	19.999	19.999	1.3222	1.3221	0.20372	0.20368	-0.00082415	0.00028183
15.034	15.034	19.999	19.999	1.3224	1.3222	0.20376	0.20372	-0.000848	0.00028104
15.033	15.034	19.999	19.999	1.3225	1.3224	0.2038	0.20376	-0.00077185	0.00028039
15.032	15.033	19.999	19.999	1.3226	1.3225	0.20385	0.2038	-0.00089488	0.00017932
15.031	15.032	19.999	19.999	1.3227	1.3226	0.20389	0.20385	-0.00081728	0.00027858
15.03	15.031	19.999	19.999	1.3228	1.3227	0.20392	0.20389	-0.00083895	0.00027759
15.029	15.03	19.999	19.999	1.3229	1.3228	0.20396	0.20392	-0.00085916	0.00027705
15.028	15.029	19.999	19.999	1.323	1.3229	0.204	0.20396	-0.00077938	0.00027651
15.028	15.028	19.999	19.999	1.3231	1.323	0.20403	0.204	-0.00079878	0.00027569
15.027	15.028	19.999	19.999	1.3232	1.3231	0.20407	0.20403	-0.00081832	0.00027496
15.026	15.027	19.999	19.999	1.3233	1.3232	0.2041	0.20407	-0.00083785	0.00027423
15.026	15.026	19.999	19.999	1.3234	1.3233	0.20413	0.2041	-0.00085591	0.00027379
15.025	15.026	19.999	19.999	1.3235	1.3234	0.20417	0.20413	-0.00087396	0.00027335
15.024	15.025	19.999	19.999	1.3236	1.3235	0.2042	0.20417	-0.00079202	0.00027321
15.024	15.024	19.999	19.999	1.3236	1.3236	0.20422	0.2042	-0.00080779	0.0002725
15.023	15.024	19.999	19.999	1.3237	1.3236	0.20425	0.20422	-0.00082517	0.00027202
15.023	15.023	19.999	19.999	1.3238	1.3237	0.20428	0.20425	-0.00084107	0.00027154
15.022	15.023	19.999	19.999	1.3239	1.3238	0.20431	0.20428	-0.00085696	0.00027106
15.021	15.022	19.999	19.999	1.3239	1.3239	0.20434	0.20431	-0.00087139	0.00027087
15.021	15.021	19.999	19.999	1.324	1.3239	0.20436	0.20434	-0.00078729	0.00037083
15.02	15.021	19.999	19.999	1.3241	1.324	0.20439	0.20436	-0.00080101	0.00027055
15.02	15.02	19.999	19.999	1.3242	1.3241	0.20441	0.20439	-0.00091464	0.00027025
15.019	15.02	19.999	19.999	1.3242	1.3242	0.20444	0.20441	-0.00082919	0.0002703
15.019	15.019	19.999	19.999	1.3243	1.3242	0.20446	0.20444	-0.0007428	0.00027013
15.018	15.019	19.999	19.999	1.3244	1.3243	0.20448	0.20446	-0.00085426	0.00026934
15.018	15.018	19.999	19.999	1.3244	1.3244	0.2045	0.20448	-0.00086813	0.00026905
15.017	15.018	19.999	19.999	1.3245	1.3244	0.20452	0.2045	-0.0007804	0.00026911
15.017	15.017	19.999	19.999	1.3245	1.3245	0.20454	0.20452	-0.00089185	0.00026861
15.016	15.017	19.999	19.999	1.3246	1.3245	0.20456	0.20454	-0.00080425	0.00026861
15.016	15.016	19.999	19.999	1.3247	1.3246	0.20458	0.20456	-0.0008157	0.00026826
15.015	15.016	19.999	19.999	1.3247	1.3247	0.2046	0.20458	-0.00082581	0.00026799
15.015	15.015	19.999	19.999	1.3248	1.3247	0.20462	0.2046	-0.00083739	0.00026772
15.015	15.015	19.999	19.999	1.3248	1.3248	0.20464	0.20462	-0.0008475	0.00026759
15.014	15.015	19.999	19.999	1.3249	1.3248	0.20466	0.20464	-0.00085761	0.00026747
15.014	15.014	19.999	19.999	1.3249	1.3249	0.20467	0.20466	-0.00086772	0.00026749
15.014	15.014	19.999	19.999	1.325	1.3249	0.20469	0.20467	-0.00077783	0.00026752
15.013	15.014	19.999	19.999	1.325	1.325	0.2047	0.20469	-0.00088712	0.00026712
15.013	15.013	19.999	19.999	1.3251	1.325	0.20472	0.2047	-0.00079588	0.00026723
15.012	15.013	19.999	19.999	1.3251	1.3251	0.20474	0.20472	-0.00080518	0.00036683
15.012	15.012	20	19.999	1.3251	1.3251	0.20475	0.20474	-0.00081324	0.00026684
15.012	15.012	20	20	1.3252	1.3251	0.20476	0.20475	-0.00092255	0.00026689
15.011	15.012	20	20	1.3252	1.3252	0.20478	0.20476	-0.00083132	0.0002673
15.011	15.011	20	20	1.3253	1.3252	0.20479	0.20478	-0.00083914	0.00026719
15.011	15.011	20	20	1.3253	1.3253	0.2048	0.20479	-0.00074709	0.00026717
15.011	15.011	20	20	1.3253	1.3253	0.20482	0.2048	-0.00085422	0.00026659
15.01	15.011	20	20	1.3254	1.3253	0.20483	0.20482	-0.00086083	0.00026651
15.01	15.01	20	20	1.3254	1.3254	0.20484	0.20483	-0.00086878	0.00026663
15.01	15.01	20	20	1.3254	1.3254	0.20485	0.20484	-0.00077673	0.00026676
15.01	15.01	20	20	1.3255	1.3254	0.20486	0.20485	-0.00088239	0.00026647
15.009	15.01	20	20	1.3255	1.3255	0.20487	0.20486	-0.000789	0.00026653
15.009	15.009	20	20	1.3255	1.3255	0.20488	0.20487	-0.00089613	0.00026624
15.009	15.009	20	20	1.3256	1.3255	0.20489	0.20488	-0.00080274	0.0002666
15.009	15.009	20	20	1.3256	1.3256	0.2049	0.20489	-0.0008084	0.00026645
15.008	15.009	20	20	1.3256	1.3256	0.20491	0.2049	-0.00081419	0.00026624
15.008	15.008	20	20	1.3257	1.3256	0.20492	0.20491	-0.00081999	0.00036603
15.008	15.008	20	20	1.3257	1.3257	0.20493	0.20492	-0.00092589	0.00026615
15.008	15.008	20	20	1.3257	1.3257	0.20494	0.20493	-0.00083238	0.00026688
15.008	15.008	20	20	1.3257	1.3257	0.20495	0.20494	-0.00083657	0.00026688
15.007	15.008	20	20	1.3258	1.3257	0.20496	0.20495	-0.00084235	0.00026696
15.007	15.007	20	20	1.3258	1.3258	0.20497	0.20496	-0.00074667	0.0002669
15.007	15.007	20	20	1.3258	1.3258	0.20497	0.20497	-0.00085165	0.00026642
15.007	15.007	20	20	1.3258	1.3258	0.20498	0.20497	-0.00085611	0.00026644
15.007	15.007	20	20	1.3259	1.3258	0.20499	0.20498	-0.00086189	0.00026652
15.006	15.007	20	20	1.3259	1.3259	0.205	0.20499	-0.00076621	0.00026676
15.006	15.006	20	20	1.3259	1.3259	0.205	0.205	-0.00086972	0.00026642
15.006	15.006	20	20	1.3259	1.3259	0.20501	0.205	-0.00087564	0.00026659
15.006	15.006	20	20	1.3259	1.3259	0.20502	0.20501	-0.00077995	0.00026682
15.006	15.006	20	20	1.326	1.3259	0.20502	0.20502	-0.00088346	0.00026649
15.006	15.006	20	20	1.326	1.326	0.20503	0.20502	-0.00078791	0.0002668
15.005	15.006	20	20	1.326	1.326	0.20504	0.20503	-0.00089141	0.00026647
15.005	15.005	20	20	1.326	1.326	0.20504	0.20504	-0.00079586	0.00036678
15.005	15.005	20	20	1.326	1.326	0.20505	0.20504	-0.00079947	0.00026692
15.005	15.005	20	20	1.3261	1.326	0.20505	0.20505	-0.00090152	0.00026689
15.005	15.005	20	20	1.3261	1.3261	0.20506	0.20505	-0.00080596	0.00026735
15.005	15.005	20	20	1.3261	1.3261	0.20506	0.20506	-0.00080947	0.00026716
15.005	15.005	20	20	1.3261	1.3261	0.22439	0.20506	-0.00092603	-0.0073343
15.005	15.005	19.992	20	1.3261	1.3261	0.23474	0.22439	-0.00080931	-0.0079838
15.004	15.005	19.987	19.992	1.3261	1.3261	0.24344	0.23474	-0.00081163	-0.0083308
15.004	15.004	19.983	19.987	1.3262	1.3261	0.25043	0.24344	-0.00081182	-0.0086292
15.004	15.004	19.979	19.983	1.3262	1.3262	0.25605	0.25043	-0.00081391	-0.0088701
15.004	15.004	19.977	19.979	1.3262	1.3262	0.26057	0.25605	-0.00081482	-0.0091066
15.004	15.004	19.975	19.977	1.3262	1.3262	0.2642	0.26057	-0.00081739	-0.0092778
15.004	15.004	19.974	19.975	1.3262	1.3262	0.2671	0.2642	-0.00081871	-0.0094154
15.004	15.004	19.973	19.974	1.3262	1.3262	0.26942	0.2671	-0.00082167	-0.009545
15.004	15.004	19.972	19.973	1.3262	1.3262	0.27126	0.26942	-0.00082325	-0.0094875
15.004	15.004	19.972	19.972	1.3262	1.3262	0.27273	0.27126	-0.00082513	-0.009659
15.004	15.004	19.972	19.972	1.3263	1.3262	0.27389	0.27273	-0.00082682	-0.0096737
15.003	15.004	19.972	19.972	1.3263	1.3263	0.2748	0.27389	-0.0008302	-0.0097426
15.003	15.003	19.972	19.972	1.3263	1.3263	0.27551	0.2748	-0.00083209	-0.0097745
15.003	15.003	19.973	19.972	1.3263	1.3263	0.27607	0.27551	-0.00083406	-0.0098766
15.003	15.003	19.973	19.973	1.3263	1.3263	0.27649	0.27607	-0.00083598	-0.0097549
15.003	15.003	19.973	19.973	1.3263	1.3263	0.2768	0.27649	-0.00073817	-0.0098136
15.003	15.003	19.974	19.973	1.3263	1.3263	0.27704	0.2768	-0.00083937	-0.0098572
15.003	15.003	19.974	19.974	1.3263	1.3263	0.2772	0.27704	-0.00084154	-0.0098881
15.003	15.003	19.975	19.974	1.3263	1.3263	0.27732	0.2772	-0.0008436	-0.009809
15.003	15.003	19.976	19.975	1.3264	1.3263	0.27739	0.27732	-0.0007458	-0.0099219
15.003	15.003	19.976	19.976	1.3264	1.3264	0.27742	0.27739	-0.00084698	-0.0098291
15.003	15.003	19.977	19.976	1.3264	1.3264	0.27743	0.27742	-0.00084934	-0.0098308
15.002	15.003	19.977	19.977	1.3264	1.3264	0.27742	0.27743	-0.00075147	-0.009928
15.002	15.002	19.978	19.977	1.3264	1.3264	0.27739	0.27742	-0.00085268	-0.0098233
15.002	15.002	19.978	19.978	1.3264	1.3264	0.27735	0.27739	-0.00085507	-0.0099152
15.002	15.002	19.979	19.978	1.3264	1.3264	0.27729	0.27735	-0.00075711	-0.0098055
15.002	15.002	19.979	19.979	1.3264	1.3264	0.27723	0.27729	-0.00085856	-0.0098948
15.002	15.002	19.98	19.979	1.3264	1.3264	0.27717	0.27723	-0.00075926	-0.0098825
15.002	15.002	19.98	19.98	1.3264	1.3264	0.2771	0.27717	-0.00086061	-0.0097701
15.002	15.002	19.981	19.98	1.3264	1.3264	0.27703	0.2771	-0.00086302	-0.0098562
15.002	15.002	19.982	19.981	1.3264	1.3264	0.27695	0.27703	-0.00076506	-0.009842
15.002	15.002	19.982	19.982	1.3265	1.3264	0.27687	0.27695	-0.00086494	-0.0099283
15.002	15.002	19.982	19.982	1.3265	1.3265	0.2768	0.27687	-0.00076713	-0.0098143
15.002	15.002	19.983	19.982	1.3265	1.3265	0.27672	0.2768	-0.00086859	-0.0098006
15.002	15.002	19.983	19.983	1.3265	1.3265	0.27665	0.27672	-0.00076942	-0.0098862
15.002	15.002	19.984	19.983	1.3265	1.3265	0.27657	0.27665	-0.00087066	-0.0098726
15.002	15.002	19.984	19.984	1.3265	1.3265	0.2765	0.27657	-0.00077295	-0.0097589
15.002	15.002	19.985	19.984	1.3265	1.3265	0.27642	0.2765	-0.00077295	-0.0098453
15.002	15.002	19.985	19.985	1.3265	1.3265	0.27635	0.27642	-0.00087433	-0.0098322
15.002	15.002	19.985	19.985	1.3265	1.3265	0.27628	0.27635	-0.00077662	-0.009819
15.002	15.002	19.986	19.985	1.3265	1.3265	0.27621	0.27628	-0.0008765	-0.0099065
15.002	15.002	19.986	19.986	1.3265	1.3265	0.27615	0.27621	-0.00077869	-0.009794
15.002	15.002	19.987	19.986	1.3265	1.3265	0.27608	0.27615	-0.00087868	-0.0097821
15.001	15.002	19.987	19.987	1.3265	1.3265	0.27602	0.27608	-0.00078098	-0.0098697
15.001	15.001	19.987	19.987	1.3265	1.3265	0.27595	0.27602	-0.00078074	-0.0097583
15.001	15.001	19.988	19.987	1.3265	1.3265	0.27589	0.27595	-0.00088234	-0.0098471
15.001	15.001	19.988	19.988	1.3265	1.3265	0.27583	0.27589	-0.00078305	-0.0098358
15.001	15.001	19.988	19.988	1.3265	1.3265	0.27577	0.27583	-0.0007844	-0.0098253
15.001	15.001	19.989	19.988	1.3266	1.3265	0.27572	0.27577	-0.00088442	-0.0097152
15.001	15.001	19.989	19.989	1.3266	1.3266	0.27566	0.27572	-0.00078682	-0.0098043
15.001	15.001	19.989	19.989	1.3266	1.3266	0.27561	0.27566	-0.00078659	-0.0098942
15.001	15.001	19.989	19.989	1.3266	1.3266	0.27555	0.27561	-0.00088649	-0.0097852
15.001	15.001	19.99	19.989	1.3266	1.3266	0.2755	0.27555	-0.00078889	-0.0097754
15.001	15.001	19.99	19.99	1.3266	1.3266	0.27545	0.2755	-0.00078877	-0.0097663
15.001	15.001	19.99	19.99	1.3266	1.3266	0.27541	0.27545	-0.00079026	-0.0098573
15.001	15.001	19.991	19.99	1.3266	1.3266	0.27536	0.27541	-0.00089015	-0.009749
15.001	15.001	19.991	19.991	1.3266	1.3266	0.27531	0.27536	-0.00079109	-0.0098401
15.001	15.001	19.991	19.991	1.3266	1.3266	0.27527	0.27531	-0.00079232	-0.009732
15.001	15.001	19.991	19.991	1.3266	1.3266	0.27522	0.27527	-0.00089244	-0.009824
15.001	15.001	19.992	19.991	1.3266	1.3266	0.27518	0.27522	-0.00079315	-0.0098159
15.001	15.001	19.992	19.992	1.3266	1.3266	0.27514	0.27518	-0.0007945	-0.0098084
15.001	15.001	19.992	19.992	1.3266	1.3266	0.2751	0.27514	-0.00079451	-0.0097013
15.001	15.001	19.992	19.992	1.3266	1.3266	0.27506	0.2751	-0.00089463	-0.0097941
15.001	15.001	19.992	19.992	1.3266	1.3266	0.27502	0.27506	-0.00079681	-0.0097865
15.001	15.001	19.993	19.992	1.3266	1.3266	0.27499	0.27502	-0.00079668	-0.0097798
15.001	15.001	19.993	19.993	1.3266	1.3266	0.27495	0.27499	-0.00079669	-0.0097733
15.001	15.001	19.993	19.993	1.3266	1.3266	0.27492	0.27495	-0.00079817	-0.0097669
15.001	15.001	19.993	19.993	1.3266	1.3266	0.27488	0.27492	-0.00089818	-0.0098607
15.001	15.001	19.993	19.993	1.3266	1.3266	0.27485	0.27488	-0.00079888	-0.0097544
15.001	15.001	19.994	19.993	1.3266	1.3266	0.27482	0.27485	-0.00079887	-0.0097486
15.001	15.001	19.994	19.994	1.3266	1.3266	0.27479	0.27482	-0.00080035	-0.0097429
15.001	15.001	19.994	19.994	1.3266	1.3266	0.27475	0.27479	-0.00080035	-0.0098372
15.001	15.001	19.994	19.994	1.3266	1.3266	0.27472	0.27475	-0.00080024	-0.0097319
15.001	15.001	19.994	19.994	1.3266	1.3266	0.2747	0.27472	-0.00090037	-0.0098268
15.001	15.001	19.994	19.994	1.3266	1.3266	0.27467	0.2747	-0.00080254	-0.0097212
15.001	15.001	19.995	19.994	1.3266	1.3266	0.27464	0.27467	-0.00080253	-0.0098162
15.001	15.001	19.995	19.995	1.3266	1.3266	0.27461	0.27464	-0.00080242	-0.0097115
15.001	15.001	19.995	19.995	1.3266	1.3266	0.27459	0.27461	-0.00080254	-0.0098067
15.001	15.001	19.995	19.995	1.3267	1.3266	0.27456	0.27459	-0.00080243	-0.0098021
15.001	15.001	19.995	19.995	1.3267	1.3267	0.27454	0.27456	-0.00090391	-0.0096979
15.001	15.001	19.995	19.995	1.3267	1.3267	0.27452	0.27454	-0.00080484	-0.009793
15.001	15.001	19.995	19.995	1.3267	1.3267	0.27449	0.27452	-0.0008046	-0.0097886
15.001	15.001	19.995	19.995	1.3267	1.3267	0.27447	0.27449	-0.0008046	-0.0097847
15.001	15.001	19.996	19.995	1.3267	1.3267	0.27445	0.27447	-0.00080461	-0.0096808
15.001	15.001	19.996	19.996	1.3267	1.3267	0.27443	0.27445	-0.0008062	-0.0097767
15.001	15.001	19.996	19.996	1.3267	1.3267	0.27441	0.27443	-0.00080609	-0.0097729
15.001	15.001	19.996	19.996	1.3267	1.3267	0.27438	0.27441	-0.00090609	-0.0097693
15	15.001	19.996	19.996	1.3267	1.3267	0.27437	0.27438	-0.00080691	-0.0097652
15	15	19.996	19.996	1.3267	1.3267	0.27435	0.27437	-0.00080678	-0.0097617
15	15	19.996	19.996	1.3267	1.3267	0.27433	0.27435	-0.00080678	-0.0097584
15	15	19.996	19.996	1.3267	1.3267	0.27431	0.27433	-0.00080679	-0.0097552
15	15	19.997	19.996	1.3267	1.3267	0.27429	0.27431	-0.00080827	-0.0097519
15	15	19.997	19.997	1.3267	1.3267	0.27427	0.27429	-0.00080827	-0.0097488
15	15	19.997	19.997	1.3267	1.3267	0.27426	0.27427	-0.00080827	-0.0097458
15	15	19.997	19.997	1.3267	1.3267	0.27424	0.27426	-0.00080827	-0.0097428
15	15	19.997	19.997	1.3267	1.3267	0.27423	0.27424	-0.00080827	-0.0097399
15	15	19.997	19.997	1.3267	1.3267	0.27421	0.27423	-0.00090828	-0.009837
15	15	19.997	19.997	1.3267	1.3267	0.2742	0.27421	-0.00080898	-0.009734
15	15	19.997	19.997	1.3267	1.3267	0.27418	0.2742	-0.00081044	-0.0097314
15	15	19.997	19.997	1.3267	1.3267	0.27417	0.27418	-0.00081044	-0.0097287
15	15	19.997	19.997	1.3267	1.3267	0.27415	0.27417	-0.00081044	-0.0098261
15	15	19.997	19.997	1.3267	1.3267	0.27414	0.27415	-0.00081033	-0.0097238
15	15	19.997	19.997	1.3267	1.3267	0.27413	0.27414	-0.00081045	-0.0097216
15	15	19.997	19.997	1.3267	1.3267	0.27411	0.27413	-0.00081045	-0.0097192
15	15	19.998	19.997	1.3267	1.3267	0.2741	0.27411	-0.00081045	-0.0098167
15	15	19.998	19.998	1.3267	1.3267	0.27409	0.2741	-0.00081034	-0.0097147
15	15	19.998	19.998	1.3267	1.3267	0.27408	0.27409	-0.00081046	-0.0098127
15	15	19.998	19.998	1.3267	1.3267	0.27407	0.27408	-0.00081183	-0.0097107
15	15	19.998	19.998	1.3267	1.3267	0.27406	0.27407	-0.00091194	-0.0097088
15	15	19.998	19.998	1.3267	1.3267	0.27404	0.27406	-0.00081275	-0.009806
15	15	19.998	19.998	1.3267	1.3267	0.27403	0.27404	-0.00081251	-0.0097041
15	15	19.998	19.998	1.3267	1.3267	0.27403	0.27403	-0.00081262	-0.0098024
15	15	19.998	19.998	1.3267	1.3267	0.27402	0.27403	-0.00081251	-0.0097007
15	15	19.998	19.998	1.3267	1.3267	0.274	0.27402	-0.00081263	-0.0097989
15	15	19.998	19.998	1.3267	1.3267	0.274	0.274	-0.00081251	-0.0096972
15	15	19.998	19.998	1.3267	1.3267	0.27399	0.274	-0.00081263	-0.0097956
15	15	19.998	19.998	1.3267	1.3267	0.27398	0.27399	-0.00081252	-0.009694
15	15	19.998	19.998	1.3267	1.3267	0.27397	0.27398	-0.00081263	-0.0097924
15	15	19.998	19.998	1.3267	1.3267	0.27396	0.27397	-0.00081252	-0.0096908
15	15	19.998	19.998	1.3267	1.3267	0.27395	0.27396	-0.00081264	-0.0097894
15	15	19.998	19.998	1.3267	1.3267	0.27394	0.27395	-0.000814	-0.009688
15	15	19.998	19.998	1.3267	1.3267	0.27394	0.27394	-0.00081412	-0.0097865
15	15	19.998	19.998	1.3267	1.3267	0.27393	0.27394	-0.000814	-0.0097851
15	15	19.998	19.998	1.3267	1.3267	0.27392	0.27393	-0.00081401	-0.0096839
15	15	19.999	19.998	1.3267	1.3267	0.27392	0.27392	-0.00081412	-0.0097826
15	15	19.999	19.999	1.3267	1.3267	0.27391	0.27392	-0.00081401	-0.0096813
15	15	19.999	19.999	1.3267	1.3267	0.2739	0.27391	-0.00081412	-0.00978
15	15	19.999	19.999	1.3267	1.3267	0.27389	0.2739	-0.00081401	-0.0097787
15	15	19.999	19.999	1.3267	1.3267	0.27389	0.27389	-0.00091401	-0.0096778
15	15	19.999	19.999	1.3267	1.3267	0.27388	0.27389	-0.00081494	-0.0097759
15	15	19.999	19.999	1.3267	1.3267	0.27388	0.27388	-0.00081469	-0.0097748
15	15	19.999	19.999	1.3267	1.3267	0.27387	0.27388	-0.00081469	-0.0096739
15	15	19.999	19.999	1.3267	1.3267	0.27387	0.27387	-0.00081481	-0.0097727
15	15	19.999	19.999	1.3267	1.3267	0.27386	0.27387	-0.00081469	-0.0097717
15	15	19.999	19.999	1.3267	1.3267	0.27385	0.27386	-0.00081469	-0.0096709
15	15	19.999	19.999	1.3267	1.3267	0.27385	0.27385	-0.00081481	-0.0097698
15	15	19.999	19.999	1.3267	1.3267	0.27384	0.27385	-0.00081469	-0.0097687
15	15	19.999	19.999	1.3267	1.3267	0.27384	0.27384	-0.0008147	-0.009768
15	15	19.999	19.999	1.3267	1.3267	0.27383	0.27384	-0.0008147	-0.0096672
15	15	19.999	19.999	1.3267	1.3267	0.27383	0.27383	-0.00081629	-0.0097662
15	15	19.999	19.999	1.3267	1.3267	0.27382	0.27383	-0.00081618	-0.0097654
15	15	19.999	19.999	1.3267	1.3267	0.27382	0.27382	-0.00081618	-0.0097646
15	15	19.999	19.999	1.3267	1.3267	0.27381	0.27382	-0.00081618	-0.0096641
15	15	19.999	19.999	1.3267	1.3267	0.27381	0.27381	-0.00081629	-0.009763
15	15	19.999	19.999	1.3267	1.3267	0.27381	0.27381	-0.00081618	-0.0097622
15	15	19.999	19.999	1.3267	1.3267	0.2738	0.27381	-0.00081618	-0.0097616
15	15	19.999	19.999	1.3267	1.3267	0.2738	0.2738	-0.00081618	-0.009761
15	15	19.999	19.999	1.3267	1.3267	0.2738	0.2738	-0.00081618	-0.0096604
15	15	19.999	19.999	1.3267	1.3267	0.27379	0.2738	-0.0008163	-0.0097595
15	15	19.999	19.999	1.3267	1.3267	0.24799	0.27379	-0.00079894	0.0003428
15	15	20.009	19.999	1.3267	1.3267	0.23661	0.24799	-0.00082682	0.00034849
15	15	20.016	20.009	1.3267	1.3267	0.22736	0.23661	-0.00082673	0.00025563
15	15	20.02	20.016	1.3267	1.3267	0.22058	0.22736	-0.00082865	0.00033688
15	15	20.023	20.02	1.3267	1.3267	0.21554	0.22058	-0.00083005	0.00024925
15	15	20.026	20.023	1.3267	1.3267	0.21182	0.21554	-0.00083094	0.00029953
15	15	20.027	20.026	1.3267	1.3267	0.20907	0.21182	-0.00083174	0.00025336
15	15	20.028	20.027	1.3267	1.3267	0.20705	0.20907	-0.00083224	0.00026096
15	15	20.028	20.028	1.3267	1.3267	0.20557	0.20705	-0.00083267	0.00025945
15	15	20.028	20.028	1.3267	1.3267	0.2045	0.20557	-0.00083298	0.00027697
15	15	20.028	20.028	1.3267	1.3267	0.20372	0.2045	-0.00083324	0.00033423
15	15	20.028	20.028	1.3267	1.3267	0.20317	0.20372	-0.00083349	0.0002467
15	15	20.027	20.028	1.3267	1.3267	0.20278	0.20317	-0.00083353	0.00022598
15	15	20.027	20.027	1.3267	1.3267	0.20252	0.20278	-0.00083361	0.00028007
15	15	20.026	20.027	1.3267	1.3267	0.20234	0.20252	-0.00083375	0.0002161
15	15	20.026	20.026	1.3267	1.3267	0.20224	0.20234	-0.00083374	0.00033849
15	15	20.025	20.026	1.3267	1.3267	0.20218	0.20224	-0.00083393	0.00025119
15	15	20.025	20.025	1.3267	1.3267	0.20216	0.20218	-0.00083387	0.00025647
15	15	20.024	20.025	1.3267	1.3267	0.20216	0.20216	-0.00083391	0.00025627
15	15	20.024	20.024	1.3267	1.3267	0.20219	0.20216	-0.00083394	0.00025226
15	15	20.023	20.024	1.3267	1.3267	0.20223	0.20219	-0.00093395	0.00024533
15	15	20.022	20.023	1.3267	1.3267	0.20227	0.20223	-0.00083478	0.00033706
15	15	20.022	20.022	1.3267	1.3267	0.20233	0.20227	-0.00083476	0.00022715
15	15	20.021	20.022	1.3267	1.3267	0.20239	0.20233	-0.00083465	0.00021606
15	15	20.021	20.021	1.3267	1.3267	0.20245	0.20239	-0.00083465	0.00030415
15	15	20.02	20.021	1.3267	1.3267	0.20251	0.20245	-0.00083476	0.00029199
15	15	20.02	20.02	1.3267	1.3267	0.20258	0.20251	-0.00083476	0.00028004
15	15	20.019	20.02	1.3267	1.3267	0.20264	0.20258	-0.00083476	0.0002678
15	15	20.019	20.019	1.3267	1.3267	0.20271	0.20264	-0.00083475	0.00025557
15	15	20.018	20.019	1.3267	1.3267	0.20277	0.20271	-0.00083475	0.00024333
15	15	20.018	20.018	1.3267	1.3267	0.20283	0.20277	-0.00083622	0.00023138
15	15	20.017	20.018	1.3267	1.3267	0.2029	0.20283	-0.00083622	0.00031944
15	15	20.017	20.017	1.3267	1.3267	0.20296	0.2029	-0.00083632	0.00020797
15	15	20.016	20.017	1.3267	1.3267	0.20302	0.20296	-0.0008362	0.00029654
15	15	20.016	20.016	1.3267	1.3267	0.20308	0.20302	-0.00083631	0.0002855
15	15	20.015	20.016	1.3267	1.3267	0.20313	0.20308	-0.00083631	0.00027483
15	15	20.015	20.015	1.3267	1.3267	0.20319	0.20313	-0.0008363	0.00026431
15	15	20.015	20.015	1.3267	1.3267	0.20324	0.20319	-0.0008363	0.00025409
15	15	20.014	20.015	1.3267	1.3267	0.20329	0.20324	-0.00083629	0.000244
15	15	20.014	20.014	1.3267	1.3267	0.20334	0.20329	-0.00083629	0.00023407
15	15	20.014	20.014	1.3267	1.3267	0.20339	0.20334	-0.00083628	0.00032442
15	15	20.013	20.014	1.3267	1.3267	0.20344	0.20339	-0.00083639	0.00021525
15	15	20.013	20.013	1.3267	1.3267	0.20349	0.20344	-0.00083627	0.00030612
15	15	20.012	20.013	1.3267	1.3267	0.20354	0.20349	-0.00083638	0.00029739
15	15	20.012	20.012	1.3267	1.3267	0.20358	0.20354	-0.00083638	0.00028902
15	15	20.012	20.012	1.3267	1.3267	0.20363	0.20358	-0.00083637	0.0001808
15	15	20.012	20.012	1.3267	1.3267	0.20367	0.20363	-0.00083625	0.00027241
15	15	20.011	20.012	1.3267	1.3267	0.20371	0.20367	-0.00083636	0.00026426
15	15	20.011	20.011	1.3267	1.3267	0.20375	0.20371	-0.00083636	0.00035662
15	15	20.011	20.011	1.3267	1.3267	0.20379	0.20375	-0.00083647	0.00024931
15	15	20.01	20.011	1.3267	1.3267	0.20383	0.20379	-0.00083635	0.00024219
15	15	20.01	20.01	1.3267	1.3267	0.20387	0.20383	-0.00083635	0.00023499
15	15	20.01	20.01	1.3267	1.3267	0.2039	0.20387	-0.00083634	0.0003278
15	15	20.01	20.01	1.3267	1.3267	0.20394	0.2039	-0.00083645	0.00022122
15	15	20.009	20.01	1.3267	1.3267	0.20397	0.20394	-0.00083634	0.00031454
15	15	20.009	20.009	1.3267	1.3267	0.20401	0.20397	-0.00083645	0.00020825
15	15	20.009	20.009	1.3267	1.3267	0.20404	0.20401	-0.00083633	0.00030186
15	15	20.009	20.009	1.3267	1.3267	0.20407	0.20404	-0.00083644	0.00029587
15	15	20.008	20.009	1.3267	1.3267	0.2041	0.20407	-0.00083644	0.00029009
15	15	20.008	20.008	1.3267	1.3267	0.20413	0.2041	-0.00083643	0.00018447
15	15	20.008	20.008	1.3267	1.3267	0.20416	0.20413	-0.00083632	0.00027867
15	15	20.008	20.008	1.3267	1.3267	0.20419	0.20416	-0.00083643	0.00027311
15	15	20.008	20.008	1.3267	1.3267	0.20422	0.20419	-0.00083643	0.00026777
15	15	20.007	20.008	1.3267	1.3267	0.20424	0.20422	-0.00083642	0.00026259
15	15	20.007	20.007	1.3267	1.3267	0.20427	0.20424	-0.00083642	0.00025755
15	15	20.007	20.007	1.3267	1.3267	0.2043	0.20427	-0.00083642	0.00035265
15	15	20.007	20.007	1.3267	1.3267	0.20432	0.2043	-0.00083653	0.00024808
15	15	20.007	20.007	1.3267	1.3267	0.20434	0.20432	-0.00083641	0.00024355
15	15	20.006	20.007	1.3267	1.3267	0.20437	0.20434	-0.00083641	0.00023895
15	15	20.006	20.006	1.3267	1.3267	0.20439	0.20437	-0.00083641	0.00033435
15	15	20.006	20.006	1.3267	1.3267	0.20442	0.20439	-0.00083652	0.00023022
15	15	20.006	20.006	1.3267	1.3267	0.20444	0.20442	-0.0008364	0.00032598
15	15	20.006	20.006	1.3267	1.3267	0.20446	0.20444	-0.00083651	0.00022214
15	15	20.006	20.006	1.3267	1.3267	0.20448	0.20446	-0.0008364	0.00031806
15	15	20.006	20.006	1.3267	1.3267	0.2045	0.20448	-0.00083651	0.00021421
15	15	20.005	20.006	1.3267	1.3267	0.20452	0.2045	-0.00083639	0.00031042
15	15	20.005	20.005	1.3267	1.3267	0.20454	0.20452	-0.00083651	0.00020687
15	15	20.005	20.005	1.3267	1.3267	0.20456	0.20454	-0.00083639	0.00030308
15	15	20.005	20.005	1.3267	1.3267	0.20457	0.20456	-0.0008365	0.00029968
15	15	20.005	20.005	1.3267	1.3267	0.20459	0.20457	-0.0008365	0.0002965
15	15	20.005	20.005	1.3267	1.3267	0.20461	0.20459	-0.0008365	0.00019332
15	15	20.005	20.005	1.3267	1.3267	0.20463	0.20461	-0.00083638	0.00028996
15	15	20.004	20.005	1.3267	1.3267	0.20464	0.20463	-0.00083649	0.00028671
15	15	20.004	20.004	1.3267	1.3267	0.20466	0.20464	-0.00083649	0.00028382
15	15	20.004	20.004	1.3267	1.3267	0.20467	0.20466	-0.00083649	0.00028094
15	15	20.004	20.004	1.3267	1.3267	0.20469	0.20467	-0.00083649	0.00027805
15	15	20.004	20.004	1.3267	1.3267	0.2047	0.20469	-0.00083649	0.00027531
15	15	20.004	20.004	1.3267	1.3267	0.20472	0.2047	-0.00083649	0.00027272
15	15	20.004	20.004	1.3267	1.3267	0.20473	0.20472	-0.00083648	0.00026998
15	15	20.004	20.004	1.3267	1.3267	0.20475	0.20473	-0.00083648	0.00026753
15	15	20.004	20.004	1.3267	1.3267	0.20476	0.20475	-0.00083648	0.00026493
15	15	20.003	20.004	1.3267	1.3267	0.20477	0.20476	-0.00083648	0.00026249
15	15	20.003	20.003	1.3267	1.3267	0.20478	0.20477	-0.00083648	0.00026004
15	15	20.003	20.003	1.3267	1.3267	0.2048	0.20478	-0.00083648	0.00025774
15	15	20.003	20.003	1.3267	1.3267	0.20481	0.2048	-0.00083648	0.00025529
15	15	20.003	20.003	1.3267	1.3267	0.20482	0.20481	-0.00083648	0.00025314
15	15	20.003	20.003	1.3267	1.3267	0.20483	0.20482	-0.00083648	0.00035083
15	15	20.003	20.003	1.3267	1.3267	0.20484	0.20483	-0.00083659	0.000249
15	15	20.003	20.003	1.3267	1.3267	0.20485	0.20484	-0.00083647	0.00024707
15	15	20.003	20.003	1.3267	1.3267	0.20486	0.20485	-0.00083647	0.00024492
15	15	20.003	20.003	1.3267	1.3267	0.20487	0.20486	-0.00083647	0.00034291
15	15	20.003	20.003	1.3267	1.3267	0.20488	0.20487	-0.00083658	0.00024122
15	15	20.003	20.003	1.3267	1.3267	0.20489	0.20488	-0.00083647	0.00023944
15	15	20.003	20.003	1.3267	1.3267	0.2049	0.20489	-0.00083647	0.00033743
15	15	20.003	20.003	1.3267	1.3267	0.20491	0.2049	-0.00083658	0.00023589
15	15	20.002	20.003	1.3267	1.3267	0.20492	0.20491	-0.00083647	0.00023425
15	15	20.002	20.002	1.3267	1.3267	0.20493	0.20492	-0.00083646	0.00033239
15	15	20.002	20.002	1.3267	1.3267	0.20494	0.20493	-0.00083658	0.00023099
15	15	20.002	20.002	1.3267	1.3267	0.20494	0.20494	-0.00083646	0.00022935
15	15	20.002	20.002	1.3267	1.3267	0.20495	0.20494	-0.00083646	0.00032764
15	15	20.002	20.002	1.3267	1.3267	0.20496	0.20495	-0.00083658	0.00022624
15	15	20.002	20.002	1.3267	1.3267	0.20497	0.20496	-0.00083646	0.0003249
15	15	20.002	20.002	1.3267	1.3267	0.20497	0.20497	-0.00083657	0.0002235
15	15	20.002	20.002	1.3267	1.3267	0.20498	0.20497	-0.00083646	0.00032216
15	15	20.002	20.002	1.3267	1.3267	0.20499	0.20498	-0.00083657	0.00022091
15	15	20.002	20.002	1.3267	1.3267	0.205	0.20499	-0.00083646	0.00031956
15	15	20.002	20.002	1.3267	1.3267	0.205	0.205	-0.00083657	0.00021832
15	15	20.002	20.002	1.3267	1.3267	0.20501	0.205	-0.00083646	0.00031697
15	15	20.002	20.002	1.3267	1.3267	0.20501	0.20501	-0.00083657	0.00021587
15	15	20.002	20.002	1.3267	1.3267	0.20502	0.20501	-0.00083646	0.00031467
15	15	20.002	20.002	1.3267	1.3267	0.20503	0.20502	-0.00083657	0.00031357
15	15	20.002	20.002	1.3267	1.3267	0.20503	0.20503	-0.00083657	0.00021269
15	15	20.002	20.002	1.3267	1.3267	0.20504	0.20503	-0.00083645	0.00031149
15	15	20.002	20.002	1.3267	1.3267	0.20504	0.20504	-0.00083657	0.00021039
15	15	20.001	20.002	1.3267	1.3267	0.20505	0.20504	-0.00083645	0.00030933
15	15	20.001	20.001	1.3267	1.3267	0.20505	0.20505	-0.00083657	0.00030838
15	15	20.001	20.001	1.3267	1.3267	0.20506	0.20505	-0.00083657	0.00020765
15	15	20.001	20.001	1.3267	1.3267	0.20506	0.20506	-0.00083645	0.00030645
15	15	20.001	20.001	1.3267	1.3267	0.20507	0.20506	-0.00083657	0.00030564
15	15	20.001	20.001	1.3267	1.3267	0.20507	0.20507	-0.00083656	0.00020491
15	15	20.001	20.001	1.3267	1.3267	0.20508	0.20507	-0.00083645	0.00030385
15	15	20.001	20.001	1.3267	1.3267	0.20508	0.20508	-0.00083656	0.00030305
15	15	20.001	20.001	1.3267	1.3267	0.20509	0.20508	-0.00083656	0.00020231
15	15	20.001	20.001	1.3267	1.3267	0.20509	0.20509	-0.00083645	0.00030141
15	15	20.001	20.001	1.3267	1.3267	0.20509	0.20509	-0.00083656	0.0003006
15	15	20.001	20.001	1.3267	1.3267	0.2051	0.20509	-0.00083656	0.00020001
15	15	20.001	20.001	1.3267	1.3267	0.2051	0.2051	-0.00083645	0.00029911
15	15	20.001	20.001	1.3267	1.3267	0.20511	0.2051	-0.00083656	0.0002983
15	15	20.001	20.001	1.3267	1.3267	0.20511	0.20511	-0.00083656	0.00029771
15	15	20.001	20.001	1.3267	1.3267	0.20511	0.20511	-0.00083656	0.00019727
15	15	20.001	20.001	1.3267	1.3267	0.20512	0.20511	-0.00083645	0.00029637
15	15	20.001	20.001	1.3267	1.3267	0.20512	0.20512	-0.00083656	0.00029556
15	15	20.001	20.001	1.3267	1.3267	0.20512	0.20512	-0.00083656	0.00029512
15	15	20.001	20.001	1.3267	1.3267	0.20513	0.20512	-0.00083656	0.00019468
15	15	20.001	20.001	1.3267	1.3267	0.20513	0.20513	-0.00083644	0.00029392
15	15	20.001	20.001	1.3267	1.3267	0.20513	0.20513	-0.00083656	0.00029326
15	15	20.001	20.001	1.3267	1.3267	0.20514	0.20513	-0.00083656	0.00029267
15	15	20.001	20.001	1.3267	1.3267	0.20514	0.20514	-0.00083656	0.00029238
15	15	20.001	20.001	1.3267	1.3267	0.20514	0.20514	-0.00083656	0.00019194
15	15	20.001	20.001	1.3267	1.3267	0.20514	0.20514	-0.00083644	0.00029118
15	15	20.001	20.001	1.4517	1.3267	0.22489	0.20514	-0.049925	-0.0074196
14.951	15	19.993	20.001	1.5185	1.4517	0.23615	0.22489	-0.054559	-0.0081878
14.916	14.951	19.987	19.993	1.5746	1.5185	0.24594	0.23615	-0.057051	-0.0086611
14.889	14.916	19.982	19.987	1.6196	1.5746	0.25406	0.24594	-0.059125	-0.0088594
14.868	14.889	19.979	19.982	1.6558	1.6196	0.26081	0.25406	-0.060812	-0.0092476
14.852	14.868	19.976	19.979	1.6848	1.6558	0.26639	0.26081	-0.062159	-0.0094596
14.841	14.852	19.973	19.976	1.7081	1.6848	0.27097	0.26639	-0.063227	-0.0096208
14.833	14.841	19.972	19.973	1.7267	1.7081	0.27472	0.27097	-0.06402	-0.0098535
14.827	14.833	19.97	19.972	1.7416	1.7267	0.27777	0.27472	-0.064806	-0.0098775
14.823	14.827	19.97	19.97	1.7534	1.7416	0.28023	0.27777	-0.065226	-0.010109
14.822	14.823	19.969	19.97	1.7628	1.7534	0.28219	0.28023	-0.065784	-0.010062
14.821	14.822	19.969	19.969	1.7703	1.7628	0.28374	0.28219	-0.066074	-0.010249
14.822	14.821	19.969	19.969	1.7761	1.7703	0.28495	0.28374	-0.066366	-0.010282
14.823	14.822	19.969	19.969	1.7806	1.7761	0.28588	0.28495	-0.066516	-0.010268
14.825	14.823	19.969	19.969	1.7841	1.7806	0.28657	0.28588	-0.066774	-0.010315
14.827	14.825	19.97	19.969	1.7868	1.7841	0.28706	0.28657	-0.066876	-0.01033
14.83	14.827	19.97	19.97	1.7888	1.7868	0.2874	0.28706	-0.066954	-0.010418
14.833	14.83	19.971	19.97	1.7903	1.7888	0.2876	0.2874	-0.067031	-0.010384
14.836	14.833	19.971	19.971	1.7914	1.7903	0.28769	0.2876	-0.067128	-0.010331
14.84	14.836	19.972	19.971	1.7921	1.7914	0.2877	0.28769	-0.06706	-0.010363
14.843	14.84	19.973	19.972	1.7925	1.7921	0.28764	0.2877	-0.067141	-0.010383
14.847	14.843	19.973	19.973	1.7928	1.7925	0.28752	0.28764	-0.067182	-0.010392
14.851	14.847	19.974	19.973	1.7928	1.7928	0.28735	0.28752	-0.067191	-0.010393
14.854	14.851	19.975	19.974	1.7928	1.7928	0.28715	0.28735	-0.067175	-0.010388
14.858	14.854	19.975	19.975	1.7926	1.7928	0.28692	0.28715	-0.067139	-0.010377
14.861	14.858	19.976	19.975	1.7923	1.7926	0.28667	0.28692	-0.067186	-0.010362
14.865	14.861	19.977	19.976	1.792	1.7923	0.2864	0.28667	-0.067123	-0.010344
14.868	14.865	19.977	19.977	1.7916	1.792	0.28612	0.2864	-0.06715	-0.010323
14.872	14.868	19.978	19.977	1.7912	1.7916	0.28584	0.28612	-0.067171	-0.010299
14.875	14.872	19.979	19.978	1.7907	1.7912	0.28554	0.28584	-0.067088	-0.010274
14.878	14.875	19.98	19.979	1.7903	1.7907	0.28525	0.28554	-0.0671	-0.010349
14.882	14.878	19.98	19.98	1.7898	1.7903	0.28496	0.28525	-0.067111	-0.010322
14.885	14.882	19.981	19.98	1.7893	1.7898	0.28466	0.28496	-0.067019	-0.010195
14.888	14.885	19.981	19.981	1.7888	1.7893	0.28437	0.28466	-0.067027	-0.010268
14.891	14.888	19.982	19.981	1.7884	1.7888	0.28408	0.28437	-0.067035	-0.010341
14.894	14.891	19.983	19.982	1.7879	1.7884	0.2838	0.28408	-0.067045	-0.010214
14.896	14.894	19.983	19.983	1.7874	1.7879	0.28352	0.2838	-0.066955	-0.010187
14.899	14.896	19.984	19.983	1.7869	1.7874	0.28325	0.28352	-0.066966	-0.010261
14.902	14.899	19.984	19.984	1.7865	1.7869	0.28298	0.28325	-0.066878	-0.010235
14.905	14.902	19.985	19.984	1.786	1.7865	0.28272	0.28298	-0.066992	-0.01021
14.907	14.905	19.985	19.985	1.7856	1.786	0.28247	0.28272	-0.066907	-0.010184
14.91	14.907	19.986	19.985	1.7851	1.7856	0.28222	0.28247	-0.066925	-0.01016
14.912	14.91	19.986	19.986	1.7847	1.7851	0.28197	0.28222	-0.066844	-0.010236
14.915	14.912	19.987	19.986	1.7843	1.7847	0.28174	0.28197	-0.066866	-0.010113
14.917	14.915	19.987	19.987	1.7839	1.7843	0.2815	0.28174	-0.066788	-0.01019
14.919	14.917	19.988	19.987	1.7835	1.7839	0.28128	0.2815	-0.066912	-0.010168
14.921	14.919	19.988	19.988	1.7831	1.7835	0.28106	0.28128	-0.066739	-0.010146
14.923	14.921	19.988	19.988	1.7827	1.7831	0.28085	0.28106	-0.066867	-0.010125
14.925	14.923	19.989	19.988	1.7824	1.7827	0.28064	0.28085	-0.066798	-0.010105
14.927	14.925	19.989	19.989	1.782	1.7824	0.28044	0.28064	-0.066729	-0.010084
14.929	14.927	19.989	19.989	1.7816	1.782	0.28024	0.28044	-0.066763	-0.010165
14.931	14.929	19.99	19.989	1.7813	1.7816	0.28005	0.28024	-0.066698	-0.010047
14.933	14.931	19.99	19.99	1.781	1.7813	0.27986	0.28005	-0.066735	-0.010129
14.935	14.933	19.991	19.99	1.7806	1.781	0.27969	0.27986	-0.066774	-0.010111
14.937	14.935	19.991	19.991	1.7803	1.7806	0.27951	0.27969	-0.066714	-0.010094
14.938	14.937	19.991	19.991	1.78	1.7803	0.27934	0.27951	-0.066656	-0.010077
14.94	14.938	19.991	19.991	1.7797	1.78	0.27918	0.27934	-0.066699	-0.010061
14.942	14.94	19.992	19.991	1.7794	1.7797	0.27902	0.27918	-0.066645	-0.010045
14.943	14.942	19.992	19.992	1.7792	1.7794	0.27886	0.27902	-0.066691	-0.01003
14.945	14.943	19.992	19.992	1.7789	1.7792	0.27871	0.27886	-0.066639	-0.010015
14.946	14.945	19.993	19.992	1.7786	1.7789	0.27856	0.27871	-0.066588	-0.010101
14.948	14.946	19.993	19.993	1.7784	1.7786	0.27842	0.27856	-0.066638	-0.0099873
14.949	14.948	19.993	19.993	1.7781	1.7784	0.27828	0.27842	-0.06669	-0.010074
14.95	14.949	19.993	19.993	1.7778	1.7781	0.27815	0.27828	-0.066545	-0.01006
14.952	14.95	19.994	19.993	1.7776	1.7778	0.27802	0.27815	-0.066598	-0.0099484
14.953	14.952	19.994	19.994	1.7774	1.7776	0.27789	0.27802	-0.066654	-0.010036
14.954	14.953	19.994	19.994	1.7772	1.7774	0.27776	0.27789	-0.066512	-0.010024
14.956	14.954	19.994	19.994	1.7769	1.7772	0.27765	0.27776	-0.066569	-0.010013
14.957	14.956	19.994	19.994	1.7767	1.7769	0.27753	0.27765	-0.066628	-0.010002
14.958	14.957	19.995	19.994	1.7765	1.7767	0.27742	0.27753	-0.066488	-0.0099903
14.959	14.958	19.995	19.995	1.7763	1.7765	0.27731	0.27742	-0.066549	-0.01008
14.96	14.959	19.995	19.995	1.7761	1.7763	0.2772	0.27731	-0.066612	-0.0099703
14.961	14.96	19.995	19.995	1.7759	1.7761	0.2771	0.2772	-0.066476	-0.0099602
14.962	14.961	19.995	19.995	1.7757	1.7759	0.277	0.2771	-0.06654	-0.0099508
14.963	14.962	19.995	19.995	1.7755	1.7757	0.2769	0.277	-0.066506	-0.010041
14.964	14.963	19.996	19.995	1.7754	1.7755	0.27681	0.2769	-0.066572	-0.0099325
14.965	14.964	19.996	19.996	1.7752	1.7754	0.27671	0.27681	-0.06644	-0.010023
14.966	14.965	19.996	19.996	1.775	1.7752	0.27663	0.27671	-0.066507	-0.0099155
14.967	14.966	19.996	19.996	1.7749	1.775	0.27654	0.27663	-0.066476	-0.010007
14.968	14.967	19.996	19.996	1.7747	1.7749	0.27645	0.27654	-0.066546	-0.0099994
14.969	14.968	19.996	19.996	1.7745	1.7747	0.27637	0.27645	-0.066418	-0.0098916
14.97	14.969	19.997	19.996	1.7744	1.7745	0.27629	0.27637	-0.066488	-0.0099843
14.971	14.97	19.997	19.997	1.7743	1.7744	0.27622	0.27629	-0.06646	-0.009977
14.971	14.971	19.997	19.997	1.7741	1.7743	0.27614	0.27622	-0.066434	-0.0099702
14.972	14.971	19.997	19.997	1.774	1.7741	0.27607	0.27614	-0.066506	-0.0099638
14.973	14.972	19.997	19.997	1.7738	1.774	0.276	0.27607	-0.066481	-0.009857
14.974	14.973	19.997	19.997	1.7737	1.7738	0.27593	0.276	-0.066357	-0.0099502
14.974	14.974	19.997	19.997	1.7736	1.7737	0.27586	0.27593	-0.066432	-0.0099443
14.975	14.974	19.997	19.997	1.7734	1.7736	0.2758	0.27586	-0.066508	-0.0099385
14.976	14.975	19.997	19.997	1.7733	1.7734	0.27574	0.2758	-0.066387	-0.0099324
14.976	14.976	19.997	19.997	1.7732	1.7733	0.27568	0.27574	-0.066463	-0.0099269
14.977	14.976	19.998	19.997	1.7731	1.7732	0.27562	0.27568	-0.066442	-0.010021
14.978	14.977	19.998	19.998	1.773	1.7731	0.27556	0.27562	-0.066421	-0.0099161
14.978	14.978	19.998	19.998	1.7729	1.773	0.2755	0.27556	-0.0664	-0.0099112
14.979	14.978	19.998	19.998	1.7728	1.7729	0.27545	0.2755	-0.06638	-0.0099062
14.979	14.979	19.998	19.998	1.7727	1.7728	0.2754	0.27545	-0.066361	-0.0099015
14.98	14.979	19.998	19.998	1.7726	1.7727	0.27535	0.2754	-0.066441	-0.0099971
14.98	14.98	19.998	19.998	1.7725	1.7726	0.2753	0.27535	-0.066423	-0.0098926
14.981	14.98	19.998	19.998	1.7724	1.7725	0.27525	0.2753	-0.066406	-0.0098882
14.982	14.981	19.998	19.998	1.7723	1.7724	0.2752	0.27525	-0.066388	-0.0098838
14.982	14.982	19.998	19.998	1.7722	1.7723	0.27516	0.2752	-0.066371	-0.0099794
14.982	14.982	19.998	19.998	1.7721	1.7722	0.27511	0.27516	-0.066354	-0.0098757
14.983	14.982	19.998	19.998	1.772	1.7721	0.27507	0.27511	-0.066338	-0.0099721
14.983	14.983	19.998	19.998	1.7719	1.772	0.27503	0.27507	-0.066422	-0.0098687
14.984	14.983	19.998	19.998	1.7718	1.7719	0.27499	0.27503	-0.066407	-0.0098649
14.984	14.984	19.999	19.998	1.7718	1.7718	0.27495	0.27499	-0.066292	-0.009961
14.985	14.984	19.999	19.999	1.7717	1.7718	0.27491	0.27495	-0.066378	-0.0098581
14.985	14.985	19.999	19.999	1.7716	1.7717	0.27488	0.27491	-0.066364	-0.0099548
14.986	14.985	19.999	19.999	1.7715	1.7716	0.27484	0.27488	-0.066351	-0.0098517
14.986	14.986	19.999	19.999	1.7715	1.7715	0.27481	0.27484	-0.066436	-0.0099487
14.986	14.986	19.999	19.999	1.7714	1.7715	0.27477	0.27481	-0.066324	-0.0098453
14.987	14.986	19.999	19.999	1.7713	1.7714	0.27474	0.27477	-0.066312	-0.0099424
14.987	14.987	19.999	19.999	1.7713	1.7713	0.27471	0.27474	-0.066399	-0.00994
14.987	14.987	19.999	19.999	1.7712	1.7713	0.27468	0.27471	-0.066288	-0.0098373
14.988	14.987	19.999	19.999	1.7712	1.7712	0.27465	0.27468	-0.066375	-0.0099349
14.988	14.988	19.999	19.999	1.7711	1.7712	0.27462	0.27465	-0.066364	-0.0098322
14.988	14.988	19.999	19.999	1.771	1.7711	0.27459	0.27462	-0.066353	-0.0099295
14.989	14.988	19.999	19.999	1.771	1.771	0.27456	0.27459	-0.066342	-0.009927
14.989	14.989	19.999	19.999	1.7709	1.771	0.27454	0.27456	-0.066333	-0.0098249
14.989	14.989	19.999	19.999	1.7709	1.7709	0.27451	0.27454	-0.066322	-0.0099225
14.99	14.989	19.999	19.999	1.7708	1.7709	0.27449	0.27451	-0.066313	-0.0099205
14.99	14.99	19.999	19.999	1.7708	1.7708	0.27446	0.27449	-0.066303	-0.0098187
14.99	14.99	19.999	19.999	1.7707	1.7708	0.27444	0.27446	-0.066394	-0.0099166
14.99	14.99	19.999	19.999	1.7707	1.7707	0.27442	0.27444	-0.066285	-0.0099143
14.991	14.99	19.999	19.999	1.7706	1.7707	0.27439	0.27442	-0.066376	-0.0098128
14.991	14.991	19.999	19.999	1.7706	1.7706	0.27437	0.27439	-0.066267	-0.0099106
14.991	14.991	19.999	19.999	1.7705	1.7706	0.27435	0.27437	-0.066359	-0.0099089
14.991	14.991	19.999	19.999	1.7705	1.7705	0.27433	0.27435	-0.06625	-0.0099071
14.992	14.991	19.999	19.999	1.7705	1.7705	0.27431	0.27433	-0.066342	-0.009806
14.992	14.992	20	19.999	1.7704	1.7705	0.27429	0.27431	-0.066335	-0.0099041
14.992	14.992	20	20	1.7704	1.7704	0.27427	0.27429	-0.066328	-0.0099023
14.992	14.992	20	20	1.7703	1.7704	0.27425	0.27427	-0.06632	-0.0099008
14.992	14.992	20	20	1.7703	1.7703	0.27424	0.27425	-0.066313	-0.0098994
14.993	14.992	20	20	1.7703	1.7703	0.27422	0.27424	-0.066306	-0.0097982
14.993	14.993	20	20	1.7702	1.7703	0.2742	0.27422	-0.0663	-0.0098966
14.993	14.993	20	20	1.7702	1.7702	0.27419	0.2742	-0.066293	-0.0098951
14.993	14.993	20	20	1.7702	1.7702	0.27417	0.27419	-0.066287	-0.009894
14.993	14.993	20	20	1.7701	1.7702	0.27416	0.27417	-0.066281	-0.0098931
14.994	14.993	20	20	1.7701	1.7701	0.27414	0.27416	-0.066374	-0.009892
14.994	14.994	20	20	1.7701	1.7701	0.27413	0.27414	-0.066269	-0.0097906
14.994	14.994	20	20	1.77	1.7701	0.27411	0.27413	-0.066263	-0.0098894
14.994	14.994	20	20	1.77	1.77	0.2741	0.27411	-0.066357	-0.0098884
14.994	14.994	20	20	1.77	1.77	0.27409	0.2741	-0.066252	-0.009887
14.995	14.994	20	20	1.77	1.77	0.27408	0.27409	-0.066346	-0.0098863
14.995	14.995	20	20	1.7699	1.77	0.27406	0.27408	-0.066243	-0.0098853
14.995	14.995	20	20	1.7699	1.7699	0.27405	0.27406	-0.066337	-0.0098845
14.995	14.995	20	20	1.7699	1.7699	0.27404	0.27405	-0.066332	-0.0097835
14.995	14.995	20	20	1.7698	1.7699	0.27403	0.27404	-0.066228	-0.0098822
14.995	14.995	20	20	1.7698	1.7698	0.27402	0.27403	-0.066322	-0.0098815
14.995	14.995	20	20	1.7698	1.7698	0.27401	0.27402	-0.066319	-0.0098806
14.995	14.995	20	20	1.6031	1.7698	0.24763	0.27401	-0.00079769	0.00042964
15.061	14.995	20.01	20	1.5297	1.6031	0.23512	0.24763	-0.00068306	0.00048745
15.101	15.061	20.017	20.01	1.4701	1.5297	0.2247	0.23512	-0.00078902	0.00041178
15.131	15.101	20.022	20.017	1.4264	1.4701	0.21678	0.2247	-0.00079335	0.00029171
15.151	15.131	20.026	20.022	1.394	1.4264	0.21073	0.21678	-0.00080938	0.00035093
15.165	15.151	20.028	20.026	1.37	1.394	0.20614	0.21073	-0.00073426	0.0003705
15.174	15.165	20.03	20.028	1.3523	1.37	0.20269	0.20614	-0.0007395	0.0003008
15.179	15.174	20.031	20.03	1.3393	1.3523	0.20011	0.20269	-0.00079703	0.00028321
15.181	15.179	20.032	20.031	1.3298	1.3393	0.1982	0.20011	-0.00076481	0.00025045
15.182	15.181	20.032	20.032	1.3229	1.3298	0.19682	0.1982	-0.00085722	0.00032762
15.181	15.182	20.032	20.032	1.3179	1.3229	0.19584	0.19682	-0.0007436	0.00033604
15.18	15.181	20.032	20.032	1.3144	1.3179	0.19517	0.19584	-0.00081896	0.00029034
15.177	15.18	20.031	20.032	1.3119	1.3144	0.19473	0.19517	-0.00081087	0.00020307
15.174	15.177	20.031	20.031	1.3102	1.3119	0.19447	0.19473	-0.00076238	0.00028367
15.171	15.174	20.03	20.031	1.309	1.3102	0.19435	0.19447	-0.00073258	0.00033944
15.167	15.171	20.029	20.03	1.3083	1.309	0.19432	0.19435	-0.00088968	0.00027648
15.164	15.167	20.029	20.029	1.3079	1.3083	0.19438	0.19432	-0.0007109	0.00030015
15.16	15.164	20.028	20.029	1.3078	1.3079	0.19449	0.19438	-0.00087976	0.00021184
15.156	15.16	20.027	20.028	1.3078	1.3078	0.19464	0.19449	-0.00078424	0.00031606
15.152	15.156	20.027	20.027	1.3079	1.3078	0.19482	0.19464	-0.0008115	0.00021373
15.148	15.152	20.026	20.027	1.3082	1.3079	0.19503	0.19482	-0.00075788	0.00030682
15.145	15.148	20.025	20.026	1.3084	1.3082	0.19524	0.19503	-0.00081696	0.00029635
15.141	15.145	20.024	20.025	1.3088	1.3084	0.19547	0.19524	-0.00078345	0.00028399
15.137	15.141	20.024	20.024	1.3092	1.3088	0.1957	0.19547	-0.00075799	0.00026958
15.134	15.137	20.023	20.024	1.3095	1.3092	0.19594	0.1957	-0.00083481	0.0002538
15.13	15.134	20.022	20.023	1.3099	1.3095	0.19617	0.19594	-0.00081471	0.00023767
15.127	15.13	20.022	20.022	1.3103	1.3099	0.1964	0.19617	-0.00079528	0.00032082
15.124	15.127	20.021	20.022	1.3107	1.3103	0.19664	0.1964	-0.00077528	0.00030382
15.12	15.124	20.02	20.021	1.3111	1.3107	0.19686	0.19664	-0.00085598	0.00028685
15.117	15.12	20.02	20.02	1.3115	1.3111	0.19709	0.19686	-0.00083679	0.00027026
15.114	15.117	20.019	20.02	1.3119	1.3115	0.19731	0.19709	-0.00081533	0.00025368
15.111	15.114	20.019	20.019	1.3123	1.3119	0.19752	0.19731	-0.00079318	0.00023721
15.108	15.111	20.018	20.019	1.3126	1.3123	0.19773	0.19752	-0.00076741	0.0003207
15.105	15.108	20.017	20.018	1.313	1.3126	0.19794	0.19773	-0.00084254	0.00020462
15.103	15.105	20.017	20.017	1.3134	1.313	0.19814	0.19794	-0.00081463	0.00028911
15.1	15.103	20.016	20.017	1.3137	1.3134	0.19833	0.19814	-0.00078614	0.00027401
15.097	15.1	20.016	20.016	1.314	1.3137	0.19852	0.19833	-0.00085537	0.0002591
15.095	15.097	20.015	20.016	1.3144	1.314	0.19871	0.19852	-0.00082326	0.00034486
15.092	15.095	20.015	20.015	1.3147	1.3144	0.19889	0.19871	-0.00078897	0.00023111
15.09	15.092	20.015	20.015	1.315	1.3147	0.19906	0.19889	-0.00075231	0.00031736
15.088	15.09	20.014	20.015	1.3153	1.315	0.19923	0.19906	-0.00081518	0.00020381
15.085	15.088	20.014	20.014	1.3156	1.3153	0.1994	0.19923	-0.00087501	0.00029084
15.083	15.085	20.013	20.014	1.3159	1.3156	0.19956	0.1994	-0.00083507	0.00027857
15.081	15.083	20.013	20.013	1.3162	1.3159	0.19972	0.19956	-0.00079273	0.00026667
15.079	15.081	20.012	20.013	1.3165	1.3162	0.19987	0.19972	-0.0008497	0.00035473
15.077	15.079	20.012	20.012	1.3167	1.3165	0.20002	0.19987	-0.00080397	0.00024365
15.075	15.077	20.012	20.012	1.317	1.3167	0.20016	0.20002	-0.0007572	0.00023263
15.073	15.075	20.011	20.012	1.3173	1.317	0.2003	0.20016	-0.0008084	0.00032134
15.071	15.073	20.011	20.011	1.3175	1.3173	0.20044	0.2003	-0.00085983	0.00021076
15.069	15.071	20.011	20.011	1.3177	1.3175	0.20057	0.20044	-0.00080956	0.00030081
15.067	15.069	20.01	20.011	1.318	1.3177	0.2007	0.20057	-0.00085723	0.00029083
15.065	15.067	20.01	20.01	1.3182	1.318	0.20083	0.2007	-0.00080491	0.0002816
15.064	15.065	20.01	20.01	1.3184	1.3182	0.20095	0.20083	-0.00085031	0.00027225
15.062	15.064	20.009	20.01	1.3187	1.3184	0.20107	0.20095	-0.00079436	0.00026342
15.06	15.062	20.009	20.009	1.3189	1.3187	0.20118	0.20107	-0.00083761	0.00025446
15.059	15.06	20.009	20.009	1.3191	1.3189	0.20129	0.20118	-0.00077951	0.00034602
15.057	15.059	20.009	20.009	1.3193	1.3191	0.2014	0.20129	-0.0008207	0.00023764
15.056	15.057	20.008	20.009	1.3195	1.3193	0.20151	0.2014	-0.00086033	0.00022968
15.054	15.056	20.008	20.008	1.3197	1.3195	0.20161	0.20151	-0.00079859	0.00032194
15.053	15.054	20.008	20.008	1.3198	1.3197	0.20171	0.20161	-0.00083616	0.00021439
15.051	15.053	20.008	20.008	1.32	1.3198	0.20181	0.20171	-0.00077363	0.00030698
15.05	15.051	20.007	20.008	1.3202	1.32	0.20191	0.20181	-0.00090904	0.00029968
15.049	15.05	20.007	20.007	1.3204	1.3202	0.202	0.20191	-0.00074381	0.00029341
15.047	15.049	20.007	20.007	1.3205	1.3204	0.20209	0.202	-0.00087828	0.00018636
15.046	15.047	20.007	20.007	1.3207	1.3205	0.20217	0.20209	-0.00081078	0.00027987
15.045	15.046	20.006	20.007	1.3209	1.3207	0.20226	0.20217	-0.00084403	0.00027341
15.044	15.045	20.006	20.006	1.321	1.3209	0.20234	0.20226	-0.00077435	0.00026741
15.043	15.044	20.006	20.006	1.3212	1.321	0.20242	0.20234	-0.00090533	0.00036127
15.041	15.043	20.006	20.006	1.3213	1.3212	0.2025	0.20242	-0.00083589	0.00025612
15.04	15.041	20.006	20.006	1.3215	1.3213	0.20258	0.2025	-0.00076381	0.0002508
15.039	15.04	20.006	20.006	1.3216	1.3215	0.20265	0.20258	-0.00079263	0.00024492
15.038	15.039	20.005	20.006	1.3217	1.3216	0.20272	0.20265	-0.00091864	0.00033927
15.037	15.038	20.005	20.005	1.3219	1.3217	0.20279	0.20272	-0.00074704	0.00023496
15.036	15.037	20.005	20.005	1.322	1.3219	0.20286	0.20279	-0.00087199	0.00022961
15.035	15.036	20.005	20.005	1.3221	1.322	0.20293	0.20286	-0.00079812	0.00032478
15.034	15.035	20.005	20.005	1.3222	1.3221	0.20299	0.20293	-0.00082195	0.00022006
15.034	15.034	20.005	20.005	1.3223	1.3222	0.20305	0.20299	-0.00084569	0.00031547
15.033	15.034	20.004	20.005	1.3225	1.3223	0.20311	0.20305	-0.00086965	0.00031113
15.032	15.033	20.004	20.004	1.3226	1.3225	0.20317	0.20311	-0.00079349	0.00020745
15.031	15.032	20.004	20.004	1.3227	1.3226	0.20323	0.20317	-0.00081494	0.00030303
15.03	15.031	20.004	20.004	1.3228	1.3227	0.20329	0.20323	-0.00083674	0.0002988
15.029	15.03	20.004	20.004	1.3229	1.3228	0.20334	0.20329	-0.00085696	0.00029508
15.029	15.029	20.004	20.004	1.323	1.3229	0.20339	0.20334	-0.00077864	0.00019165
15.028	15.029	20.004	20.004	1.3231	1.323	0.20344	0.20339	-0.00089793	0.00028747
15.027	15.028	20.003	20.004	1.3232	1.3231	0.20349	0.20344	-0.00081691	0.0002842
15.026	15.027	20.003	20.003	1.3233	1.3232	0.20354	0.20349	-0.00083631	0.0002808
15.026	15.026	20.003	20.003	1.3234	1.3233	0.20359	0.20354	-0.00085437	0.00027762
15.025	15.026	20.003	20.003	1.3235	1.3234	0.20364	0.20359	-0.00077242	0.00027444
15.024	15.025	20.003	20.003	1.3236	1.3235	0.20368	0.20364	-0.00088967	0.00027114
15.024	15.024	20.003	20.003	1.3236	1.3236	0.20372	0.20368	-0.00080785	0.00026834
15.023	15.024	20.003	20.003	1.3237	1.3236	0.20377	0.20372	-0.00082362	0.00026533
15.023	15.023	20.003	20.003	1.3238	1.3237	0.20381	0.20377	-0.00083952	0.00026225
15.022	15.023	20.003	20.003	1.3239	1.3238	0.20385	0.20381	-0.00085542	0.00025947
15.021	15.022	20.003	20.003	1.3239	1.3239	0.20389	0.20385	-0.00077132	0.00035698
15.021	15.021	20.003	20.003	1.324	1.3239	0.20392	0.20389	-0.00088504	0.00025425
15.02	15.021	20.003	20.003	1.3241	1.324	0.20396	0.20392	-0.00079948	0.00025208
15.02	15.02	20.002	20.003	1.3242	1.3241	0.204	0.20396	-0.00081457	0.00024931
15.019	15.02	20.002	20.002	1.3242	1.3242	0.20403	0.204	-0.00082831	0.00024678
15.019	15.019	20.002	20.002	1.3243	1.3242	0.20406	0.20403	-0.00084057	0.00034425
15.018	15.019	20.002	20.002	1.3243	1.3243	0.2041	0.20406	-0.00085443	0.00024234
15.018	15.018	20.002	20.002	1.3244	1.3243	0.20413	0.2041	-0.00076658	0.00024033
15.017	15.018	20.002	20.002	1.3245	1.3244	0.20416	0.20413	-0.00087803	0.00033767
15.017	15.017	20.002	20.002	1.3245	1.3245	0.20419	0.20416	-0.00079054	0.00023599
15.016	15.017	20.002	20.002	1.3246	1.3245	0.20422	0.20419	-0.00090188	0.00023385
15.016	15.016	20.002	20.002	1.3247	1.3246	0.20425	0.20422	-0.00081428	0.00033213
15.015	15.016	20.002	20.002	1.3247	1.3247	0.20428	0.20425	-0.00082584	0.00023024
15.015	15.015	20.002	20.002	1.3248	1.3247	0.2043	0.20428	-0.00083583	0.00032833
15.015	15.015	20.002	20.002	1.3248	1.3248	0.20433	0.2043	-0.00084606	0.00022667
15.014	15.015	20.002	20.002	1.3249	1.3248	0.20435	0.20433	-0.00085752	0.00032505
15.014	15.014	20.002	20.002	1.3249	1.3249	0.20438	0.20435	-0.00076775	0.00022368
15.014	15.014	20.002	20.002	1.325	1.3249	0.2044	0.20438	-0.00087692	0.00032164
15.013	15.014	20.002	20.002	1.325	1.325	0.20442	0.2044	-0.0007858	0.00022036
15.013	15.013	20.001	20.002	1.3251	1.325	0.20445	0.20442	-0.00089499	0.00031861
15.012	15.013	20.001	20.001	1.3251	1.3251	0.20447	0.20445	-0.00080533	0.00021747
15.012	15.012	20.001	20.001	1.3251	1.3251	0.20449	0.20447	-0.00081304	0.00031588
15.012	15.012	20.001	20.001	1.3252	1.3251	0.20451	0.20449	-0.0008211	0.00021432
15.012	15.012	20.001	20.001	1.3252	1.3252	0.20453	0.20451	-0.00082894	0.0003128
15.011	15.012	20.001	20.001	1.3253	1.3252	0.20455	0.20453	-0.000837	0.00031154
15.011	15.011	20.001	20.001	1.3253	1.3253	0.20457	0.20455	-0.00084495	0.00021049
15.011	15.011	20.001	20.001	1.3253	1.3253	0.20459	0.20457	-0.00085279	0.00030927
15.01	15.011	20.001	20.001	1.3254	1.3253	0.20461	0.20459	-0.00086085	0.00030815
15.01	15.01	20.001	20.001	1.3254	1.3254	0.20463	0.20461	-0.0007688	0.0002074
15.01	15.01	20.001	20.001	1.3254	1.3254	0.20464	0.20463	-0.00087435	0.00030591
15.01	15.01	20.001	20.001	1.3255	1.3254	0.20466	0.20464	-0.00078254	0.00030487
15.009	15.01	20.001	20.001	1.3255	1.3255	0.20468	0.20466	-0.0008882	0.00020385
15.009	15.009	20.001	20.001	1.3255	1.3255	0.20469	0.20468	-0.0007947	0.00030286
15.009	15.009	20.001	20.001	1.3256	1.3255	0.20471	0.20469	-0.00090195	0.00030176
15.009	15.009	20.001	20.001	1.3256	1.3256	0.20472	0.20471	-0.00080855	0.00020124
15.008	15.009	20.001	20.001	1.3256	1.3256	0.20474	0.20472	-0.0008141	0.00030004
15.008	15.008	20.001	20.001	1.3256	1.3256	0.20475	0.20474	-0.00082	0.00029902
15.008	15.008	20.001	20.001	1.3257	1.3256	0.20477	0.20475	-0.00082432	0.00029823
15.008	15.008	20.001	20.001	1.3257	1.3257	0.20478	0.20477	-0.00083011	0.00019744
15.008	15.008	20.001	20.001	1.3257	1.3257	0.20479	0.20478	-0.00083579	0.00029647
15.007	15.008	20.001	20.001	1.3258	1.3257	0.2048	0.20479	-0.00084169	0.00029559
15.007	15.007	20.001	20.001	1.3258	1.3258	0.20482	0.2048	-0.00084601	0.00029495
15.007	15.007	20.001	20.001	1.3258	1.3258	0.20483	0.20482	-0.0008518	0.00019445
15.007	15.007	20.001	20.001	1.3258	1.3258	0.20484	0.20483	-0.00085601	0.00029363
15.007	15.007	20.001	20.001	1.3259	1.3258	0.20485	0.20484	-0.00086191	0.0002929
15.006	15.007	20.001	20.001	1.3259	1.3259	0.20486	0.20485	-0.00076622	0.00029255
15.006	15.006	20.001	20.001	1.3259	1.3259	0.20487	0.20486	-0.00086973	0.00029163
15.006	15.006	20.001	20.001	1.3259	1.3259	0.20488	0.20487	-0.00087418	0.00019121
15.006	15.006	20	20.001	1.3259	1.3259	0.20489	0.20488	-0.00077985	0.00029068
15.006	15.006	20	20	1.326	1.3259	0.2049	0.20489	-0.00088347	0.00028968
15.006	15.006	20	20	1.326	1.326	0.20491	0.2049	-0.00078792	0.00028941
15.005	15.006	20	20	1.326	1.326	0.20492	0.20491	-0.00089142	0.00028879
15.005	15.005	20	20	1.326	1.326	0.20493	0.20492	-0.00079586	0.00018866
15.005	15.005	20	20	1.326	1.326	0.20494	0.20493	-0.00079778	0.00028772
15.005	15.005	20	20	1.3261	1.326	0.20495	0.20494	-0.00090153	0.0002868
15.005	15.005	20	20	1.3261	1.3261	0.20496	0.20495	-0.00080598	0.00028668
