0	15	20	0	0
0.1	15	20	0.423413	0.444284
0.2	15	20	0.828044	0.88771
0.3	15	20	1.22135	1.33031
0.4	15	20	1.60567	1.77211
0.5	15	20	1.98233	2.21311
0.6	15	20	2.35225	2.65332
0.7	15	20	2.71608	3.09274
0.8	15	20	3.07435	3.53139
0.9	15	20	3.42745	3.96926
1	15	20	3.77575	4.40637
1.1	15	20	4.11952	4.84272
1.2	15	20	4.45902	5.27831
1.3	15	20	4.79446	5.71314
1.4	15	20	5.12603	6.14723
1.5	15	20	5.4539	6.58058
1.6	15	20	5.77823	7.01319
1.7	15	20	6.09915	7.44505
1.8	15	20	6.41679	7.87619
1.9	15	20	6.73125	8.3066
2	15	20	7.04266	8.73628
2.1	15	20	7.3511	9.16524
2.2	15	20	7.65667	9.59347
2.3	15	20	7.95944	10.021
2.4	15	20	8.2595	10.4478
2.5	15	20	8.55693	10.8739
2.6	15	20	8.85178	11.2993
2.7	15	20	9.14413	11.724
2.8	15	20	9.43403	12.148
2.9	15	20	9.72155	12.5712
3	15	20	10.0067	12.9938
3.1	15	20	10.2896	13.4157
3.2	15	20	10.5703	13.8369
3.3	15	20	10.8488	14.2574
3.4	15	20	11.1252	14.6773
3.5	15	20	11.3994	15.0964
3.6	15	20	11.6716	15.5149
3.7	15	20	11.9418	15.9326
3.8	15	20	12.21	16.3497
3.9	15	20	12.4763	16.7662
4	15	20	12.7407	17.1819
4.1	15	20	13.0031	17.597
4.2	15	20	13.2638	18.0114
4.3	15	20	13.5226	18.4252
4.4	15	20	13.7648	18.8297
4.5	15	20	13.9441	19.1231
4.6	15	20	14.0817	19.3439
4.7	15	20	14.1876	19.5092
4.8	15	20	14.2698	19.633
4.9	15	20	14.3343	19.7258
5	15	20	14.3856	19.7953
5.1	15	20	14.4268	19.8474
5.2	15	20	14.4606	19.8865
5.3	15	20	14.4887	19.9158
5.4	15	20	14.5126	19.9378
5.5	15	20	14.5331	19.9544
5.6	15	20	14.5511	19.9668
5.7	15	20	14.5672	19.9761
5.8	15	20	14.5818	19.9831
5.9	15	20	14.5951	19.9884
6	15	20	14.6075	19.9925
6.1	15	20	14.6192	19.9955
6.2	15	20	14.6302	19.9978
6.3	15	20	14.6406	19.9995
6.4	15	20	14.6506	20.0009
6.5	15	20	14.6602	20.0019
6.6	15	20	14.6694	20.0027
6.7	15	20	14.6783	20.0033
6.8	15	20	14.6869	20.0037
6.9	15	20	14.6953	20.0041
7	15	20	14.7034	20.0044
7.1	15	20	14.7112	20.0046
7.2	15	20	14.7189	20.0048
7.3	15	20	14.7263	20.0049
7.4	15	20	14.7335	20.0051
7.5	15	20	14.7405	20.0051
7.6	15	20	14.7474	20.0052
7.7	15	20	14.754	20.0053
7.8	15	20	14.7605	20.0053
7.9	15	20	14.7668	20.0054
8	15	20	14.7729	20.0054
8.1	15	20	14.7789	20.0054
8.2	15	20	14.7847	20.0054
8.3	15	20	14.7904	20.0054
8.4	15	20	14.7959	20.0054
8.5	15	20	14.8012	20.0054
8.6	15	20	14.8065	20.0054
8.7	15	20	14.8115	20.0054
8.8	15	20	14.8165	20.0054
8.9	15	20	14.8213	20.0054
9	15	20	14.826	20.0054
9.1	15	20	14.8306	20.0053
9.2	15	20	14.835	20.0053
9.3	15	20	14.8394	20.0053
9.4	15	20	14.8436	20.0052
9.5	15	20	14.8477	20.0052
9.6	15	20	14.8517	20.0052
9.7	15	20	14.8556	20.0051
9.8	15	20	14.8594	20.0051
9.9	15	20	14.8631	20.0051
10	15	20	14.8667	20.005
10.1	15	20	14.8702	20.005
10.2	15	20	14.8736	20.0049
10.3	15	20	14.8769	20.0049
10.4	15	20	14.8801	20.0049
10.5	15	20	14.8833	20.0048
10.6	15	20	14.8864	20.0048
10.7	15	20	14.8893	20.0047
10.8	15	20	14.8923	20.0047
10.9	15	20	14.8951	20.0046
11	15	20	14.8978	20.0046
11.1	15	20	14.9005	20.0045
11.2	15	20	14.9031	20.0045
11.3	15	20	14.9057	20.0044
11.4	15	20	14.9082	20.0044
11.5	15	20	14.9106	20.0043
11.6	15	20	14.9129	20.0042
11.7	15	20	14.9152	20.0042
11.8	15	20	14.9174	20.0041
11.9	15	20	14.9196	20.0041
12	15	20	14.9217	20.004
12.1	15	20	14.9238	20.004
12.2	15	20	14.9258	20.0039
12.3	15	20	14.9277	20.0039
12.4	15	20	14.9296	20.0038
12.5	15	20	14.9315	20.0038
12.6	15	20	14.9333	20.0037
12.7	15	20	14.935	20.0037
12.8	15	20	14.9367	20.0036
12.9	15	20	14.9384	20.0036
13	15	20	14.94	20.0035
13.1	15	20	14.9416	20.0034
13.2	15	20	14.9431	20.0034
13.3	15	20	14.9446	20.0033
13.4	15	20	14.9461	20.0033
13.5	15	20	14.9475	20.0032
13.6	15	20	14.9489	20.0032
13.7	15	20	14.9502	20.0031
13.8	15	20	14.9515	20.0031
13.9	15	20	14.9528	20.003
14	15	20	14.954	20.003
14.1	15	20	14.9552	20.003
14.2	15	20	14.9564	20.0029
14.3	15	20	14.9576	20.0029
14.4	15	20	14.9587	20.0028
14.5	15	20	14.9598	20.0028
14.6	15	20	14.9608	20.0027
14.7	15	20	14.9619	20.0027
14.8	15	20	14.9629	20.0026
14.9	15	20	14.9638	20.0026
15	15	20	14.9648	20.0025
15.1	15	20	14.9165	20.0023
15.2	15	20	14.8825	20.0019
15.3	15	20	14.8561	20.0014
15.4	15	20	14.836	20.0009
15.5	15	20	14.8212	20.0005
15.6	15	20	14.8104	20
15.7	15	20	14.8029	19.9997
15.8	15	20	14.798	19.9994
15.9	15	20	14.7952	19.9992
16	15	20	14.794	19.999
16.1	15	20	14.7942	19.9989
16.2	15	20	14.7954	19.9988
16.3	15	20	14.7974	19.9988
16.4	15	20	14.8	19.9988
16.5	15	20	14.8031	19.9988
16.6	15	20	14.8066	19.9988
16.7	15	20	14.8103	19.9989
16.8	15	20	14.8142	19.999
16.9	15	20	14.8183	19.999
17	15	20	14.8224	19.9991
17.1	15	20	14.8265	19.9992
17.2	15	20	14.8307	19.9993
17.3	15	20	14.8348	19.9994
17.4	15	20	14.839	19.9995
17.5	15	20	14.843	19.9996
17.6	15	20	14.847	19.9997
17.7	15	20	14.851	19.9998
17.8	15	20	14.8549	19.9999
17.9	15	20	14.8587	20
18	15	20	14.8624	20.0001
18.1	15	20	14.866	20.0002
18.2	15	20	14.8696	20.0003
18.3	15	20	14.8731	20.0004
18.4	15	20	14.8765	20.0004
18.5	15	20	14.8798	20.0005
18.6	15	20	14.883	20.0006
18.7	15	20	14.8861	20.0006
18.8	15	20	14.8892	20.0007
18.9	15	20	14.8922	20.0008
19	15	20	14.8951	20.0008
19.1	15	20	14.8979	20.0009
19.2	15	20	14.9006	20.0009
19.3	15	20	14.9033	20.001
19.4	15	20	14.9059	20.001
19.5	15	20	14.9084	20.001
19.6	15	20	14.9109	20.0011
19.7	15	20	14.9133	20.0011
19.8	15	20	14.9157	20.0011
19.9	15	20	14.9179	20.0012
20	15	20	14.9202	20.0012
20.1	15	20	14.9223	20.0012
20.2	15	20	14.9244	20.0012
20.3	15	20	14.9264	20.0013
20.4	15	20	14.9284	20.0013
20.5	15	20	14.9304	20.0013
20.6	15	20	14.9322	20.0013
20.7	15	20	14.9341	20.0013
20.8	15	20	14.9359	20.0013
20.9	15	20	14.9376	20.0013
21	15	20	14.9393	20.0014
21.1	15	20	14.9409	20.0014
21.2	15	20	14.9425	20.0014
21.3	15	20	14.9441	20.0014
21.4	15	20	14.9456	20.0014
21.5	15	20	14.947	20.0014
21.6	15	20	14.9485	20.0014
21.7	15	20	14.9499	20.0014
21.8	15	20	14.9512	20.0014
21.9	15	20	14.9525	20.0014
22	15	20	14.9538	20.0014
22.1	15	20	14.9551	20.0014
22.2	15	20	14.9563	20.0014
22.3	15	20	14.9575	20.0014
22.4	15	20	14.9586	20.0013
22.5	15	20	14.9597	20.0013
22.6	15	20	14.9608	20.0013
22.7	15	20	14.9619	20.0013
22.8	15	20	14.9629	20.0013
22.9	15	20	14.9639	20.0013
23	15	20	14.9649	20.0013
23.1	15	20	14.9658	20.0013
23.2	15	20	14.9667	20.0013
23.3	15	20	14.9676	20.0013
23.4	15	20	14.9685	20.0013
23.5	15	20	14.9694	20.0012
23.6	15	20	14.9702	20.0012
23.7	15	20	14.971	20.0012
23.8	15	20	14.9718	20.0012
23.9	15	20	14.9725	20.0012
24	15	20	14.9733	20.0012
24.1	15	20	14.974	20.0012
24.2	15	20	14.9747	20.0012
24.3	15	20	14.9754	20.0011
24.4	15	20	14.9761	20.0011
24.5	15	20	14.9767	20.0011
24.6	15	20	14.9773	20.0011
24.7	15	20	14.9779	20.0011
24.8	15	20	14.9785	20.0011
24.9	15	20	14.9791	20.0011
25	15	20	14.9797	20.0011
25.1	15	20	14.9802	20.001
25.2	15	20	14.9808	20.001
25.3	15	20	14.9813	20.001
25.4	15	20	14.9818	20.001
25.5	15	20	14.9823	20.001
25.6	15	20	14.9828	20.001
25.7	15	20	14.9832	20.001
25.8	15	20	14.9837	20.0009
25.9	15	20	14.9841	20.0009
26	15	20	14.9846	20.0009
26.1	15	20	14.985	20.0009
26.2	15	20	14.9854	20.0009
26.3	15	20	14.9858	20.0009
26.4	15	20	14.9862	20.0009
26.5	15	20	14.9865	20.0008
26.6	15	20	14.9869	20.0008
26.7	15	20	14.9872	20.0008
26.8	15	20	14.9876	20.0008
26.9	15	20	14.9879	20.0008
27	15	20	14.9883	20.0008
27.1	15	20	14.9886	20.0008
27.2	15	20	14.9889	20.0008
27.3	15	20	14.9892	20.0007
27.4	15	20	14.9895	20.0007
27.5	15	20	14.9898	20.0007
27.6	15	20	14.99	20.0007
27.7	15	20	14.9903	20.0007
27.8	15	20	14.9906	20.0007
27.9	15	20	14.9908	20.0007
28	15	20	14.9911	20.0007
28.1	15	20	14.9913	20.0007
28.2	15	20	14.9915	20.0006
28.3	15	20	14.9918	20.0006
28.4	15	20	14.992	20.0006
28.5	15	20	14.9922	20.0006
28.6	15	20	14.9924	20.0006
28.7	15	20	14.9926	20.0006
28.8	15	20	14.9928	20.0006
28.9	15	20	14.993	20.0006
29	15	20	14.9932	20.0006
29.1	15	20	14.9934	20.0005
29.2	15	20	14.9936	20.0005
29.3	15	20	14.9937	20.0005
29.4	15	20	14.9939	20.0005
29.5	15	20	14.9941	20.0005
29.6	15	20	14.9942	20.0005
29.7	15	20	14.9944	20.0005
29.8	15	20	14.9945	20.0005
29.9	15	20	14.9947	20.0005
30	15	20	14.9948	20.0005
30.1	15	20	15.0603	20.0007
30.2	15	20	15.1008	20.0011
30.3	15	20	15.1301	20.0017
30.4	15	20	15.1505	20.0022
30.5	15	20	15.1642	20.0026
30.6	15	20	15.1731	20.003
30.7	15	20	15.1784	20.0033
30.8	15	20	15.181	20.0035
30.9	15	20	15.1817	20.0036
31	15	20	15.181	20.0037
31.1	15	20	15.1793	20.0037
31.2	15	20	15.1768	20.0037
31.3	15	20	15.1738	20.0037
31.4	15	20	15.1705	20.0036
31.5	15	20	15.167	20.0035
31.6	15	20	15.1633	20.0034
31.7	15	20	15.1595	20.0032
31.8	15	20	15.1557	20.0031
31.9	15	20	15.1519	20.0029
32	15	20	15.1481	20.0028
32.1	15	20	15.1444	20.0026
32.2	15	20	15.1407	20.0025
32.3	15	20	15.1371	20.0023
32.4	15	20	15.1336	20.0022
32.5	15	20	15.1301	20.0021
32.6	15	20	15.1267	20.0019
32.7	15	20	15.1234	20.0018
32.8	15	20	15.1202	20.0017
32.9	15	20	15.117	20.0016
33	15	20	15.114	20.0014
33.1	15	20	15.111	20.0013
33.2	15	20	15.1081	20.0012
33.3	15	20	15.1052	20.0011
33.4	15	20	15.1025	20.001
33.5	15	20	15.0998	20.0009
33.6	15	20	15.0972	20.0008
33.7	15	20	15.0946	20.0007
33.8	15	20	15.0921	20.0007
33.9	15	20	15.0897	20.0006
34	15	20	15.0874	20.0005
34.1	15	20	15.0851	20.0004
34.2	15	20	15.0828	20.0004
34.3	15	20	15.0806	20.0003
34.4	15	20	15.0785	20.0002
34.5	15	20	15.0765	20.0002
34.6	15	20	15.0745	20.0001
34.7	15	20	15.0725	20.0001
34.8	15	20	15.0706	20
34.9	15	20	15.0687	20
35	15	20	15.0669	19.9999
35.1	15	20	15.0652	19.9999
35.2	15	20	15.0635	19.9998
35.3	15	20	15.0618	19.9998
35.4	15	20	15.0602	19.9998
35.5	15	20	15.0586	19.9997
35.6	15	20	15.057	19.9997
35.7	15	20	15.0556	19.9997
35.8	15	20	15.0541	19.9996
35.9	15	20	15.0527	19.9996
36	15	20	15.0513	19.9996
36.1	15	20	15.0499	19.9996
36.2	15	20	15.0486	19.9995
36.3	15	20	15.0473	19.9995
36.4	15	20	15.0461	19.9995
36.5	15	20	15.0449	19.9995
36.6	15	20	15.0437	19.9995
36.7	15	20	15.0426	19.9995
36.8	15	20	15.0414	19.9994
36.9	15	20	15.0404	19.9994
37	15	20	15.0393	19.9994
37.1	15	20	15.0383	19.9994
37.2	15	20	15.0373	19.9994
37.3	15	20	15.0363	19.9994
37.4	15	20	15.0353	19.9994
37.5	15	20	15.0344	19.9994
37.6	15	20	15.0335	19.9994
37.7	15	20	15.0326	19.9994
37.8	15	20	15.0318	19.9994
37.9	15	20	15.0309	19.9993
38	15	20	15.0301	19.9993
38.1	15	20	15.0293	19.9993
38.2	15	20	15.0285	19.9993
38.3	15	20	15.0278	19.9993
38.4	15	20	15.0271	19.9993
38.5	15	20	15.0264	19.9993
38.6	15	20	15.0257	19.9993
38.7	15	20	15.025	19.9993
38.8	15	20	15.0243	19.9993
38.9	15	20	15.0237	19.9993
39	15	20	15.0231	19.9993
39.1	15	20	15.0225	19.9993
39.2	15	20	15.0219	19.9993
39.3	15	20	15.0213	19.9993
39.4	15	20	15.0207	19.9993
39.5	15	20	15.0202	19.9994
39.6	15	20	15.0197	19.9994
39.7	15	20	15.0191	19.9994
39.8	15	20	15.0186	19.9994
39.9	15	20	15.0182	19.9994
40	15	20	15.0177	19.9994
40.1	15	20	15.0172	19.9994
40.2	15	20	15.0168	19.9994
40.3	15	20	15.0163	19.9994
40.4	15	20	15.0159	19.9994
40.5	15	20	15.0155	19.9994
40.6	15	20	15.0151	19.9994
40.7	15	20	15.0147	19.9994
40.8	15	20	15.0143	19.9994
40.9	15	20	15.0139	19.9994
41	15	20	15.0135	19.9994
41.1	15	20	15.0132	19.9994
41.2	15	20	15.0128	19.9994
41.3	15	20	15.0125	19.9994
41.4	15	20	15.0122	19.9995
41.5	15	20	15.0119	19.9995
41.6	15	20	15.0115	19.9995
41.7	15	20	15.0112	19.9995
41.8	15	20	15.0109	19.9995
41.9	15	20	15.0107	19.9995
42	15	20	15.0104	19.9995
42.1	15	20	15.0101	19.9995
42.2	15	20	15.0098	19.9995
42.3	15	20	15.0096	19.9995
42.4	15	20	15.0093	19.9995
42.5	15	20	15.0091	19.9995
42.6	15	20	15.0088	19.9995
42.7	15	20	15.0086	19.9995
42.8	15	20	15.0084	19.9995
42.9	15	20	15.0082	19.9995
43	15	20	15.008	19.9996
43.1	15	20	15.0077	19.9996
43.2	15	20	15.0075	19.9996
43.3	15	20	15.0073	19.9996
43.4	15	20	15.0071	19.9996
43.5	15	20	15.007	19.9996
43.6	15	20	15.0068	19.9996
43.7	15	20	15.0066	19.9996
43.8	15	20	15.0064	19.9996
43.9	15	20	15.0063	19.9996
44	15	20	15.0061	19.9996
44.1	15	20	15.0059	19.9996
44.2	15	20	15.0058	19.9996
44.3	15	20	15.0056	19.9996
44.4	15	20	15.0055	19.9996
44.5	15	20	15.0053	19.9996
44.6	15	20	15.0052	19.9997
44.7	15	20	15.0051	19.9997
44.8	15	20	15.0049	19.9997
44.9	15	20	15.0048	19.9997
45	15	20	15.0047	19.9997
45.1	15	20	15.0045	19.9921
45.2	15	20	15.0044	19.9867
45.3	15	20	15.0043	19.9825
45.4	15	20	15.0042	19.9793
45.5	15	20	15.0041	19.9769
45.6	15	20	15.004	19.9751
45.7	15	20	15.0039	19.9738
45.8	15	20	15.0038	19.9729
45.9	15	20	15.0037	19.9723
46	15	20	15.0036	19.9721
46.1	15	20	15.0035	19.972
46.2	15	20	15.0034	19.9721
46.3	15	20	15.0033	19.9723
46.4	15	20	15.0032	19.9726
46.5	15	20	15.0031	19.9729
46.6	15	20	15.003	19.9734
46.7	15	20	15.003	19.9739
46.8	15	20	15.0029	19.9744
46.9	15	20	15.0028	19.9749
47	15	20	15.0027	19.9755
47.1	15	20	15.0027	19.976
47.2	15	20	15.0026	19.9766
47.3	15	20	15.0025	19.9772
47.4	15	20	15.0025	19.9777
47.5	15	20	15.0024	19.9783
47.6	15	20	15.0023	19.9788
47.7	15	20	15.0023	19.9794
47.8	15	20	15.0022	19.9799
47.9	15	20	15.0022	19.9804
48	15	20	15.0021	19.981
48.1	15	20	15.002	19.9815
48.2	15	20	15.002	19.982
48.3	15	20	15.0019	19.9824
48.4	15	20	15.0019	19.9829
48.5	15	20	15.0018	19.9834
48.6	15	20	15.0018	19.9838
48.7	15	20	15.0017	19.9842
48.8	15	20	15.0017	19.9847
48.9	15	20	15.0017	19.9851
49	15	20	15.0016	19.9855
49.1	15	20	15.0016	19.9859
49.2	15	20	15.0015	19.9862
49.3	15	20	15.0015	19.9866
49.4	15	20	15.0014	19.987
49.5	15	20	15.0014	19.9873
49.6	15	20	15.0014	19.9877
49.7	15	20	15.0013	19.988
49.8	15	20	15.0013	19.9883
49.9	15	20	15.0013	19.9886
50	15	20	15.0012	19.989
50.1	15	20	15.0012	19.9893
50.2	15	20	15.0012	19.9895
50.3	15	20	15.0011	19.9898
50.4	15	20	15.0011	19.9901
50.5	15	20	15.0011	19.9904
50.6	15	20	15.0011	19.9906
50.7	15	20	15.001	19.9909
50.8	15	20	15.001	19.9911
50.9	15	20	15.001	19.9914
51	15	20	15.0009	19.9916
51.1	15	20	15.0009	19.9918
51.2	15	20	15.0009	19.992
51.3	15	20	15.0009	19.9923
51.4	15	20	15.0008	19.9925
51.5	15	20	15.0008	19.9927
51.6	15	20	15.0008	19.9929
51.7	15	20	15.0008	19.9931
51.8	15	20	15.0008	19.9933
51.9	15	20	15.0007	19.9934
52	15	20	15.0007	19.9936
52.1	15	20	15.0007	19.9938
52.2	15	20	15.0007	19.994
52.3	15	20	15.0007	19.9941
52.4	15	20	15.0007	19.9943
52.5	15	20	15.0006	19.9944
52.6	15	20	15.0006	19.9946
52.7	15	20	15.0006	19.9947
52.8	15	20	15.0006	19.9949
52.9	15	20	15.0006	19.995
53	15	20	15.0006	19.9951
53.1	15	20	15.0005	19.9953
53.2	15	20	15.0005	19.9954
53.3	15	20	15.0005	19.9955
53.4	15	20	15.0005	19.9956
53.5	15	20	15.0005	19.9958
53.6	15	20	15.0005	19.9959
53.7	15	20	15.0005	19.996
53.8	15	20	15.0004	19.9961
53.9	15	20	15.0004	19.9962
54	15	20	15.0004	19.9963
54.1	15	20	15.0004	19.9964
54.2	15	20	15.0004	19.9965
54.3	15	20	15.0004	19.9966
54.4	15	20	15.0004	19.9967
54.5	15	20	15.0004	19.9968
54.6	15	20	15.0004	19.9969
54.7	15	20	15.0004	19.997
54.8	15	20	15.0003	19.997
54.9	15	20	15.0003	19.9971
55	15	20	15.0003	19.9972
55.1	15	20	15.0003	19.9973
55.2	15	20	15.0003	19.9973
55.3	15	20	15.0003	19.9974
55.4	15	20	15.0003	19.9975
55.5	15	20	15.0003	19.9976
55.6	15	20	15.0003	19.9976
55.7	15	20	15.0003	19.9977
55.8	15	20	15.0003	19.9977
55.9	15	20	15.0003	19.9978
56	15	20	15.0002	19.9979
56.1	15	20	15.0002	19.9979
56.2	15	20	15.0002	19.998
56.3	15	20	15.0002	19.998
56.4	15	20	15.0002	19.9981
56.5	15	20	15.0002	19.9981
56.6	15	20	15.0002	19.9982
56.7	15	20	15.0002	19.9982
56.8	15	20	15.0002	19.9983
56.9	15	20	15.0002	19.9983
57	15	20	15.0002	19.9984
57.1	15	20	15.0002	19.9984
57.2	15	20	15.0002	19.9985
57.3	15	20	15.0002	19.9985
57.4	15	20	15.0002	19.9985
57.5	15	20	15.0002	19.9986
57.6	15	20	15.0002	19.9986
57.7	15	20	15.0002	19.9987
57.8	15	20	15.0002	19.9987
57.9	15	20	15.0002	19.9987
58	15	20	15.0001	19.9988
58.1	15	20	15.0001	19.9988
58.2	15	20	15.0001	19.9988
58.3	15	20	15.0001	19.9989
58.4	15	20	15.0001	19.9989
58.5	15	20	15.0001	19.9989
58.6	15	20	15.0001	19.999
58.7	15	20	15.0001	19.999
58.8	15	20	15.0001	19.999
58.9	15	20	15.0001	19.999
59	15	20	15.0001	19.9991
59.1	15	20	15.0001	19.9991
59.2	15	20	15.0001	19.9991
59.3	15	20	15.0001	19.9991
59.4	15	20	15.0001	19.9992
59.5	15	20	15.0001	19.9992
59.6	15	20	15.0001	19.9992
59.7	15	20	15.0001	19.9992
59.8	15	20	15.0001	19.9992
59.9	15	20	15.0001	19.9993
60	15	20	15.0001	19.9993
60.1	15	20	15.0001	20.0094
60.2	15	20	15.0001	20.0157
60.3	15	20	15.0001	20.0202
60.4	15	20	15.0001	20.0234
60.5	15	20	15.0001	20.0255
60.6	15	20	15.0001	20.0269
60.7	15	20	15.0001	20.0277
60.8	15	20	15.0001	20.0281
60.9	15	20	15.0001	20.0282
61	15	20	15.0001	20.0281
61.1	15	20	15.0001	20.0279
61.2	15	20	15.0001	20.0275
61.3	15	20	15.0001	20.027
61.4	15	20	15.0001	20.0265
61.5	15	20	15.0001	20.0259
61.6	15	20	15.0001	20.0254
61.7	15	20	15.0001	20.0248
61.8	15	20	15.0001	20.0242
61.9	15	20	15.0001	20.0236
62	15	20	15.0001	20.023
62.1	15	20	15	20.0224
62.2	15	20	15	20.0219
62.3	15	20	15	20.0213
62.4	15	20	15	20.0207
62.5	15	20	15	20.0202
62.6	15	20	15	20.0197
62.7	15	20	15	20.0192
62.8	15	20	15	20.0187
62.9	15	20	15	20.0182
63	15	20	15	20.0177
63.1	15	20	15	20.0172
63.2	15	20	15	20.0168
63.3	15	20	15	20.0163
63.4	15	20	15	20.0159
63.5	15	20	15	20.0155
63.6	15	20	15	20.0151
63.7	15	20	15	20.0147
63.8	15	20	15	20.0143
63.9	15	20	15	20.0139
64	15	20	15	20.0135
64.1	15	20	15	20.0132
64.2	15	20	15	20.0128
64.3	15	20	15	20.0125
64.4	15	20	15	20.0122
64.5	15	20	15	20.0119
64.6	15	20	15	20.0115
64.7	15	20	15	20.0112
64.8	15	20	15	20.0109
64.9	15	20	15	20.0107
65	15	20	15	20.0104
65.1	15	20	15	20.0101
65.2	15	20	15	20.0098
65.3	15	20	15	20.0096
65.4	15	20	15	20.0093
65.5	15	20	15	20.0091
65.6	15	20	15	20.0088
65.7	15	20	15	20.0086
65.8	15	20	15	20.0084
65.9	15	20	15	20.0082
66	15	20	15	20.0079
66.1	15	20	15	20.0077
66.2	15	20	15	20.0075
66.3	15	20	15	20.0073
66.4	15	20	15	20.0071
66.5	15	20	15	20.0069
66.6	15	20	15	20.0068
66.7	15	20	15	20.0066
66.8	15	20	15	20.0064
66.9	15	20	15	20.0062
67	15	20	15	20.0061
67.1	15	20	15	20.0059
67.2	15	20	15	20.0058
67.3	15	20	15	20.0056
67.4	15	20	15	20.0055
67.5	15	20	15	20.0053
67.6	15	20	15	20.0052
67.7	15	20	15	20.005
67.8	15	20	15	20.0049
67.9	15	20	15	20.0048
68	15	20	15	20.0047
68.1	15	20	15	20.0045
68.2	15	20	15	20.0044
68.3	15	20	15	20.0043
68.4	15	20	15	20.0042
68.5	15	20	15	20.0041
68.6	15	20	15	20.004
68.7	15	20	15	20.0039
68.8	15	20	15	20.0038
68.9	15	20	15	20.0037
69	15	20	15	20.0036
69.1	15	20	15	20.0035
69.2	15	20	15	20.0034
69.3	15	20	15	20.0033
69.4	15	20	15	20.0032
69.5	15	20	15	20.0031
69.6	15	20	15	20.003
69.7	15	20	15	20.003
69.8	15	20	15	20.0029
69.9	15	20	15	20.0028
70	15	20	15	20.0027
70.1	15	20	15	20.0027
70.2	15	20	15	20.0026
70.3	15	20	15	20.0025
70.4	15	20	15	20.0025
70.5	15	20	15	20.0024
70.6	15	20	15	20.0023
70.7	15	20	15	20.0023
70.8	15	20	15	20.0022
70.9	15	20	15	20.0021
71	15	20	15	20.0021
71.1	15	20	15	20.002
71.2	15	20	15	20.002
71.3	15	20	15	20.0019
71.4	15	20	15	20.0019
71.5	15	20	15	20.0018
71.6	15	20	15	20.0018
71.7	15	20	15	20.0017
71.8	15	20	15	20.0017
71.9	15	20	15	20.0016
72	15	20	15	20.0016
72.1	15	20	15	20.0016
72.2	15	20	15	20.0015
72.3	15	20	15	20.0015
72.4	15	20	15	20.0014
72.5	15	20	15	20.0014
72.6	15	20	15	20.0014
72.7	15	20	15	20.0013
72.8	15	20	15	20.0013
72.9	15	20	15	20.0013
73	15	20	15	20.0012
73.1	15	20	15	20.0012
73.2	15	20	15	20.0012
73.3	15	20	15	20.0011
73.4	15	20	15	20.0011
73.5	15	20	15	20.0011
73.6	15	20	15	20.001
73.7	15	20	15	20.001
73.8	15	20	15	20.001
73.9	15	20	15	20.001
74	15	20	15	20.0009
74.1	15	20	15	20.0009
74.2	15	20	15	20.0009
74.3	15	20	15	20.0009
74.4	15	20	15	20.0008
74.5	15	20	15	20.0008
74.6	15	20	15	20.0008
74.7	15	20	15	20.0008
74.8	15	20	15	20.0008
74.9	15	20	15	20.0007
75	15	20	15	20.0007
75.1	15	20	14.951	19.993
75.2	15	20	14.9162	19.9872
75.3	15	20	14.889	19.9824
75.4	15	20	14.8682	19.9787
75.5	15	20	14.8525	19.9757
75.6	15	20	14.8409	19.9734
75.7	15	20	14.8326	19.9717
75.8	15	20	14.827	19.9704
75.9	15	20	14.8234	19.9696
76	15	20	14.8216	19.969
76.1	15	20	14.821	19.9688
76.2	15	20	14.8215	19.9687
76.3	15	20	14.8228	19.9688
76.4	15	20	14.8248	19.9691
76.5	15	20	14.8272	19.9695
76.6	15	20	14.83	19.97
76.7	15	20	14.8331	19.9705
76.8	15	20	14.8364	19.9711
76.9	15	20	14.8398	19.9718
77	15	20	14.8434	19.9725
77.1	15	20	14.847	19.9732
77.2	15	20	14.8506	19.9739
77.3	15	20	14.8542	19.9746
77.4	15	20	14.8578	19.9753
77.5	15	20	14.8614	19.976
77.6	15	20	14.8649	19.9767
77.7	15	20	14.8684	19.9774
77.8	15	20	14.8718	19.9781
77.9	15	20	14.8751	19.9788
78	15	20	14.8784	19.9795
78.1	15	20	14.8816	19.9801
78.2	15	20	14.8847	19.9807
78.3	15	20	14.8878	19.9814
78.4	15	20	14.8908	19.982
78.5	15	20	14.8937	19.9825
78.6	15	20	14.8965	19.9831
78.7	15	20	14.8993	19.9837
78.8	15	20	14.902	19.9842
78.9	15	20	14.9047	19.9847
79	15	20	14.9072	19.9852
79.1	15	20	14.9097	19.9857
79.2	15	20	14.9121	19.9862
79.3	15	20	14.9145	19.9866
79.4	15	20	14.9168	19.9871
79.5	15	20	14.9191	19.9875
79.6	15	20	14.9212	19.9879
79.7	15	20	14.9234	19.9883
79.8	15	20	14.9254	19.9887
79.9	15	20	14.9274	19.9891
80	15	20	14.9294	19.9895
80.1	15	20	14.9313	19.9898
80.2	15	20	14.9332	19.9902
80.3	15	20	14.935	19.9905
80.4	15	20	14.9367	19.9908
80.5	15	20	14.9384	19.9911
80.6	15	20	14.9401	19.9914
80.7	15	20	14.9417	19.9917
80.8	15	20	14.9433	19.992
80.9	15	20	14.9448	19.9923
81	15	20	14.9463	19.9926
81.1	15	20	14.9478	19.9928
81.2	15	20	14.9492	19.9931
81.3	15	20	14.9505	19.9933
81.4	15	20	14.9519	19.9935
81.5	15	20	14.9532	19.9938
81.6	15	20	14.9544	19.994
81.7	15	20	14.9557	19.9942
81.8	15	20	14.9569	19.9944
81.9	15	20	14.958	19.9946
82	15	20	14.9592	19.9948
82.1	15	20	14.9603	19.9949
82.2	15	20	14.9613	19.9951
82.3	15	20	14.9624	19.9953
82.4	15	20	14.9634	19.9955
82.5	15	20	14.9644	19.9956
82.6	15	20	14.9653	19.9958
82.7	15	20	14.9663	19.9959
82.8	15	20	14.9672	19.9961
82.9	15	20	14.9681	19.9962
83	15	20	14.9689	19.9963
83.1	15	20	14.9698	19.9965
83.2	15	20	14.9706	19.9966
83.3	15	20	14.9714	19.9967
83.4	15	20	14.9722	19.9968
83.5	15	20	14.9729	19.9969
83.6	15	20	14.9736	19.9971
83.7	15	20	14.9744	19.9972
83.8	15	20	14.9751	19.9973
83.9	15	20	14.9757	19.9974
84	15	20	14.9764	19.9975
84.1	15	20	14.977	19.9976
84.2	15	20	14.9776	19.9976
84.3	15	20	14.9782	19.9977
84.4	15	20	14.9788	19.9978
84.5	15	20	14.9794	19.9979
84.6	15	20	14.98	19.998
84.7	15	20	14.9805	19.998
84.8	15	20	14.981	19.9981
84.9	15	20	14.9815	19.9982
85	15	20	14.982	19.9983
85.1	15	20	14.9825	19.9983
85.2	15	20	14.983	19.9984
85.3	15	20	14.9835	19.9984
85.4	15	20	14.9839	19.9985
85.5	15	20	14.9843	19.9986
85.6	15	20	14.9848	19.9986
85.7	15	20	14.9852	19.9987
85.8	15	20	14.9856	19.9987
85.9	15	20	14.986	19.9988
86	15	20	14.9863	19.9988
86.1	15	20	14.9867	19.9989
86.2	15	20	14.9871	19.9989
86.3	15	20	14.9874	19.9989
86.4	15	20	14.9878	19.999
86.5	15	20	14.9881	19.999
86.6	15	20	14.9884	19.9991
86.7	15	20	14.9887	19.9991
86.8	15	20	14.989	19.9991
86.9	15	20	14.9893	19.9992
87	15	20	14.9896	19.9992
87.1	15	20	14.9899	19.9992
87.2	15	20	14.9902	19.9993
87.3	15	20	14.9904	19.9993
87.4	15	20	14.9907	19.9993
87.5	15	20	14.9909	19.9994
87.6	15	20	14.9912	19.9994
87.7	15	20	14.9914	19.9994
87.8	15	20	14.9917	19.9994
87.9	15	20	14.9919	19.9995
88	15	20	14.9921	19.9995
88.1	15	20	14.9923	19.9995
88.2	15	20	14.9925	19.9995
88.3	15	20	14.9927	19.9995
88.4	15	20	14.9929	19.9996
88.5	15	20	14.9931	19.9996
88.6	15	20	14.9933	19.9996
88.7	15	20	14.9935	19.9996
88.8	15	20	14.9937	19.9996
88.9	15	20	14.9938	19.9996
89	15	20	14.994	19.9997
89.1	15	20	14.9942	19.9997
89.2	15	20	14.9943	19.9997
89.3	15	20	14.9945	19.9997
89.4	15	20	14.9946	19.9997
89.5	15	20	14.9948	19.9997
89.6	15	20	14.9949	19.9997
89.7	15	20	14.995	19.9998
89.8	15	20	14.9952	19.9998
89.9	15	20	14.9953	19.9998
90	15	20	14.9954	19.9998
90.1	15	20	15.0609	20.0101
90.2	15	20	15.1014	20.0169
90.3	15	20	15.1307	20.022
90.4	15	20	15.151	20.0256
90.5	15	20	15.1647	20.0282
90.6	15	20	15.1736	20.03
90.7	15	20	15.1789	20.0311
90.8	15	20	15.1815	20.0317
90.9	15	20	15.1822	20.0319
91	15	20	15.1814	20.0319
91.1	15	20	15.1797	20.0317
91.2	15	20	15.1772	20.0313
91.3	15	20	15.1742	20.0307
91.4	15	20	15.1709	20.0301
91.5	15	20	15.1674	20.0295
91.6	15	20	15.1636	20.0288
91.7	15	20	15.1599	20.0281
91.8	15	20	15.156	20.0273
91.9	15	20	15.1522	20.0266
92	15	20	15.1484	20.0258
92.1	15	20	15.1447	20.0251
92.2	15	20	15.141	20.0244
92.3	15	20	15.1374	20.0237
92.4	15	20	15.1339	20.023
92.5	15	20	15.1304	20.0223
92.6	15	20	15.127	20.0216
92.7	15	20	15.1237	20.021
92.8	15	20	15.1205	20.0204
92.9	15	20	15.1173	20.0198
93	15	20	15.1142	20.0192
93.1	15	20	15.1112	20.0186
93.2	15	20	15.1083	20.018
93.3	15	20	15.1055	20.0175
93.4	15	20	15.1027	20.0169
93.5	15	20	15.1	20.0164
93.6	15	20	15.0974	20.0159
93.7	15	20	15.0948	20.0154
93.8	15	20	15.0923	20.015
93.9	15	20	15.0899	20.0145
94	15	20	15.0876	20.0141
94.1	15	20	15.0853	20.0136
94.2	15	20	15.083	20.0132
94.3	15	20	15.0808	20.0128
94.4	15	20	15.0787	20.0124
94.5	15	20	15.0766	20.0121
94.6	15	20	15.0746	20.0117
94.7	15	20	15.0727	20.0113
94.8	15	20	15.0708	20.011
94.9	15	20	15.0689	20.0106
95	15	20	15.0671	20.0103
95.1	15	20	15.0653	20.01
95.2	15	20	15.0636	20.0097
95.3	15	20	15.0619	20.0094
95.4	15	20	15.0603	20.0091
95.5	15	20	15.0587	20.0088
95.6	15	20	15.0572	20.0086
95.7	15	20	15.0557	20.0083
95.8	15	20	15.0542	20.008
95.9	15	20	15.0528	20.0078
96	15	20	15.0514	20.0075
96.1	15	20	15.0501	20.0073
96.2	15	20	15.0487	20.0071
96.3	15	20	15.0475	20.0069
96.4	15	20	15.0462	20.0066
96.5	15	20	15.045	20.0064
96.6	15	20	15.0438	20.0062
96.7	15	20	15.0427	20.006
96.8	15	20	15.0415	20.0059
96.9	15	20	15.0404	20.0057
97	15	20	15.0394	20.0055
97.1	15	20	15.0384	20.0053
97.2	15	20	15.0373	20.0052
97.3	15	20	15.0364	20.005
97.4	15	20	15.0354	20.0048
97.5	15	20	15.0345	20.0047
97.6	15	20	15.0336	20.0045
97.7	15	20	15.0327	20.0044
97.8	15	20	15.0318	20.0043
97.9	15	20	15.031	20.0041
98	15	20	15.0302	20.004
98.1	15	20	15.0294	20.0039
98.2	15	20	15.0286	20.0038
98.3	15	20	15.0279	20.0036
98.4	15	20	15.0271	20.0035
98.5	15	20	15.0264	20.0034
98.6	15	20	15.0257	20.0033
98.7	15	20	15.025	20.0032
98.8	15	20	15.0244	20.0031
98.9	15	20	15.0237	20.003
99	15	20	15.0231	20.0029
99.1	15	20	15.0225	20.0028
99.2	15	20	15.0219	20.0027
99.3	15	20	15.0213	20.0026
99.4	15	20	15.0208	20.0026
99.5	15	20	15.0202	20.0025
99.6	15	20	15.0197	20.0024
99.7	15	20	15.0192	20.0023
99.8	15	20	15.0187	20.0022
99.9	15	20	15.0182	20.0022
100	15	20	15.0177	20.0021
100.1	15	20	15.0173	20.002
100.2	15	20	15.0168	20.002
100.3	15	20	15.0164	20.0019
100.4	15	20	15.0159	20.0018
100.5	15	20	15.0155	20.0018
100.6	15	20	15.0151	20.0017
100.7	15	20	15.0147	20.0017
100.8	15	20	15.0143	20.0016
100.9	15	20	15.0139	20.0016
101	15	20	15.0136	20.0015
101.1	15	20	15.0132	20.0015
101.2	15	20	15.0129	20.0014
101.3	15	20	15.0125	20.0014
101.4	15	20	15.0122	20.0013
101.5	15	20	15.0119	20.0013
101.6	15	20	15.0116	20.0012
101.7	15	20	15.0113	20.0012
101.8	15	20	15.011	20.0012
101.9	15	20	15.0107	20.0011
102	15	20	15.0104	20.0011
102.1	15	20	15.0101	20.0011
102.2	15	20	15.0099	20.001
102.3	15	20	15.0096	20.001
102.4	15	20	15.0094	20.001
102.5	15	20	15.0091	20.0009
102.6	15	20	15.0089	20.0009
102.7	15	20	15.0086	20.0009
102.8	15	20	15.0084	20.0008
102.9	15	20	15.0082	20.0008
103	15	20	15.008	20.0008
103.1	15	20	15.0078	20.0008
103.2	15	20	15.0076	20.0007
103.3	15	20	15.0074	20.0007
103.4	15	20	15.0072	20.0007
103.5	15	20	15.007	20.0007
103.6	15	20	15.0068	20.0006
103.7	15	20	15.0066	20.0006
103.8	15	20	15.0064	20.0006
103.9	15	20	15.0063	20.0006
104	15	20	15.0061	20.0006
104.1	15	20	15.0059	20.0005
104.2	15	20	15.0058	20.0005
104.3	15	20	15.0056	20.0005
104.4	15	20	15.0055	20.0005
104.5	15	20	15.0053	20.0005
104.6	15	20	15.0052	20.0004
104.7	15	20	15.0051	20.0004
104.8	15	20	15.0049	20.0004
104.9	15	20	15.0048	20.0004
