0	15	20	0	0
0.1	15	20	0.423413	0.444284
0.2	15	20	0.828044	0.88771
0.3	15	20	1.22135	1.33031
0.4	15	20	1.60567	1.77211
0.5	15	20	1.98233	2.21311
0.6	15	20	2.35225	2.65332
0.7	15	20	2.71608	3.09274
0.8	15	20	3.07435	3.53139
0.9	15	20	3.42745	3.96926
1	15	20	3.77575	4.40637
1.1	15	20	4.11952	4.84272
1.2	15	20	4.45902	5.27831
1.3	15	20	4.79446	5.71314
1.4	15	20	5.12603	6.14723
1.5	15	20	5.4539	6.58058
1.6	15	20	5.77823	7.01319
1.7	15	20	6.09915	7.44505
1.8	15	20	6.41679	7.87619
1.9	15	20	6.73125	8.3066
2	15	20	7.04266	8.73628
2.1	15	20	7.3511	9.16524
2.2	15	20	7.65667	9.59347
2.3	15	20	7.95944	10.021
2.4	15	20	8.2595	10.4478
2.5	15	20	8.55693	10.8739
2.6	15	20	8.85178	11.2993
2.7	15	20	9.14413	11.724
2.8	15	20	9.43403	12.148
2.9	15	20	9.72155	12.5712
3	15	20	10.0067	12.9938
3.1	15	20	10.2896	13.4157
3.2	15	20	10.5703	13.8369
3.3	15	20	10.8488	14.2574
3.4	15	20	11.1252	14.6773
3.5	15	20	11.3994	15.0964
3.6	15	20	11.6716	15.5149
3.7	15	20	11.9418	15.9326
3.8	15	20	12.21	16.3497
3.9	15	20	12.4763	16.7662
4	15	20	12.7407	17.1819
4.1	15	20	13.0031	17.597
4.2	15	20	13.2638	18.0114
4.3	15	20	13.5226	18.4252
4.4	15	20	13.7648	18.8297
4.5	15	20	13.9441	19.1231
4.6	15	20	14.0817	19.3439
4.7	15	20	14.1876	19.5092
4.8	15	20	14.2698	19.633
4.9	15	20	14.3343	19.7258
5	15	20	14.3856	19.7953
5.1	15	20	14.4268	19.8474
5.2	15	20	14.4606	19.8865
5.3	15	20	14.4887	19.9158
5.4	15	20	14.5126	19.9378
5.5	15	20	14.5331	19.9544
5.6	15	20	14.5511	19.9668
5.7	15	20	14.5672	19.9761
5.8	15	20	14.5818	19.9831
5.9	15	20	14.5951	19.9884
6	15	20	14.6075	19.9925
6.1	15	20	14.6192	19.9955
6.2	15	20	14.6302	19.9978
6.3	15	20	14.6406	19.9995
6.4	15	20	14.6506	20.0009
6.5	15	20	14.6602	20.0019
6.6	15	20	14.6694	20.0027
6.7	15	20	14.6783	20.0033
6.8	15	20	14.6869	20.0037
6.9	15	20	14.6953	20.0041
7	15	20	14.7034	20.0044
7.1	15	20	14.7112	20.0046
7.2	15	20	14.7189	20.0048
7.3	15	20	14.7263	20.0049
7.4	15	20	14.7335	20.0051
7.5	15	20	14.7405	20.0051
7.6	15	20	14.7474	20.0052
7.7	15	20	14.754	20.0053
7.8	15	20	14.7605	20.0053
7.9	15	20	14.7668	20.0054
8	15	20	14.7729	20.0054
8.1	15	20	14.7789	20.0054
8.2	15	20	14.7847	20.0054
8.3	15	20	14.7904	20.0054
8.4	15	20	14.7959	20.0054
8.5	15	20	14.8012	20.0054
8.6	15	20	14.8065	20.0054
8.7	15	20	14.8115	20.0054
8.8	15	20	14.8165	20.0054
8.9	15	20	14.8213	20.0054
9	15	20	14.826	20.0054
9.1	15	20	14.8306	20.0053
9.2	15	20	14.835	20.0053
9.3	15	20	14.8394	20.0053
9.4	15	20	14.8436	20.0052
9.5	15	20	14.8477	20.0052
9.6	15	20	14.8517	20.0052
9.7	15	20	14.8556	20.0051
9.8	15	20	14.8594	20.0051
9.9	15	20	14.8631	20.0051
10	15	20	14.8667	20.005
10.1	15	20	14.8702	20.005
10.2	15	20	14.8736	20.0049
10.3	15	20	14.8769	20.0049
10.4	15	20	14.8801	20.0049
10.5	15	20	14.8833	20.0048
10.6	15	20	14.8864	20.0048
10.7	15	20	14.8893	20.0047
10.8	15	20	14.8923	20.0047
10.9	15	20	14.8951	20.0046
11	15	20	14.8978	20.0046
11.1	15	20	14.9005	20.0045
11.2	15	20	14.9031	20.0045
11.3	15	20	14.9057	20.0044
11.4	15	20	14.9082	20.0044
11.5	15	20	14.9106	20.0043
11.6	15	20	14.9129	20.0042
11.7	15	20	14.9152	20.0042
11.8	15	20	14.9174	20.0041
11.9	15	20	14.9196	20.0041
12	15	20	14.9217	20.004
12.1	15	20	14.9238	20.004
12.2	15	20	14.9258	20.0039
12.3	15	20	14.9277	20.0039
12.4	15	20	14.9296	20.0038
12.5	15	20	14.9315	20.0038
12.6	15	20	14.9333	20.0037
12.7	15	20	14.935	20.0037
12.8	15	20	14.9367	20.0036
12.9	15	20	14.9384	20.0036
13	15	20	14.94	20.0035
13.1	15	20	14.9416	20.0034
13.2	15	20	14.9431	20.0034
13.3	15	20	14.9446	20.0033
13.4	15	20	14.9461	20.0033
13.5	15	20	14.9475	20.0032
13.6	15	20	14.9489	20.0032
13.7	15	20	14.9502	20.0031
13.8	15	20	14.9515	20.0031
13.9	15	20	14.9528	20.003
14	15	20	14.954	20.003
14.1	15	20	14.9552	20.003
14.2	15	20	14.9564	20.0029
14.3	15	20	14.9576	20.0029
14.4	15	20	14.9587	20.0028
14.5	15	20	14.9598	20.0028
14.6	15	20	14.9608	20.0027
14.7	15	20	14.9619	20.0027
14.8	15	20	14.9629	20.0026
14.9	15	20	14.9638	20.0026
15	15	20	14.9648	20.0025
15.1	15	20	14.9509	20.0024
15.2	15	20	14.9427	20.0023
15.3	15	20	14.937	20.0021
15.4	15	20	14.9333	20.002
15.5	15	20	14.931	20.0018
15.6	15	20	14.9299	20.0017
15.7	15	20	14.9295	20.0016
15.8	15	20	14.9297	20.0015
15.9	15	20	14.9303	20.0014
16	15	20	14.9312	20.0014
16.1	15	20	14.9323	20.0013
16.2	15	20	14.9336	20.0013
16.3	15	20	14.935	20.0013
16.4	15	20	14.9364	20.0012
16.5	15	20	14.9379	20.0012
16.6	15	20	14.9393	20.0012
16.7	15	20	14.9408	20.0012
16.8	15	20	14.9423	20.0012
16.9	15	20	14.9437	20.0012
17	15	20	14.9452	20.0012
17.1	15	20	14.9466	20.0012
17.2	15	20	14.948	20.0012
17.3	15	20	14.9493	20.0012
17.4	15	20	14.9506	20.0012
17.5	15	20	14.9519	20.0012
17.6	15	20	14.9532	20.0012
17.7	15	20	14.9544	20.0012
17.8	15	20	14.9556	20.0012
17.9	15	20	14.9567	20.0012
18	15	20	14.9579	20.0012
18.1	15	20	14.959	20.0012
18.2	15	20	14.9601	20.0012
18.3	15	20	14.9611	20.0012
18.4	15	20	14.9621	20.0012
18.5	15	20	14.9631	20.0012
18.6	15	20	14.9641	20.0012
18.7	15	20	14.965	20.0012
18.8	15	20	14.966	20.0012
18.9	15	20	14.9668	20.0011
19	15	20	14.9677	20.0011
19.1	15	20	14.9686	20.0011
19.2	15	20	14.9694	20.0011
19.3	15	20	14.9702	20.0011
19.4	15	20	14.971	20.0011
19.5	15	20	14.9717	20.0011
19.6	15	20	14.9725	20.0011
19.7	15	20	14.9732	20.0011
19.8	15	20	14.9739	20.0011
19.9	15	20	14.9746	20.0011
20	15	20	14.9753	20.001
20.1	15	20	14.9759	20.001
20.2	15	20	14.9765	20.001
20.3	15	20	14.9772	20.001
20.4	15	20	14.9778	20.001
20.5	15	20	14.9783	20.001
20.6	15	20	14.9789	20.001
20.7	15	20	14.9795	20.001
20.8	15	20	14.98	20.001
20.9	15	20	14.9805	20.0009
21	15	20	14.981	20.0009
21.1	15	20	14.9815	20.0009
21.2	15	20	14.982	20.0009
21.3	15	20	14.9825	20.0009
21.4	15	20	14.983	20.0009
21.5	15	20	14.9834	20.0009
21.6	15	20	14.9838	20.0009
21.7	15	20	14.9843	20.0008
21.8	15	20	14.9847	20.0008
21.9	15	20	14.9851	20.0008
22	15	20	14.9855	20.0008
22.1	15	20	14.9859	20.0008
22.2	15	20	14.9862	20.0008
22.3	15	20	14.9866	20.0008
22.4	15	20	14.9869	20.0008
22.5	15	20	14.9873	20.0008
22.6	15	20	14.9876	20.0007
22.7	15	20	14.9879	20.0007
22.8	15	20	14.9883	20.0007
22.9	15	20	14.9886	20.0007
23	15	20	14.9889	20.0007
23.1	15	20	14.9892	20.0007
23.2	15	20	14.9894	20.0007
23.3	15	20	14.9897	20.0007
23.4	15	20	14.99	20.0007
23.5	15	20	14.9903	20.0006
23.6	15	20	14.9905	20.0006
23.7	15	20	14.9908	20.0006
23.8	15	20	14.991	20.0006
23.9	15	20	14.9912	20.0006
24	15	20	14.9915	20.0006
24.1	15	20	14.9917	20.0006
24.2	15	20	14.9919	20.0006
24.3	15	20	14.9921	20.0006
24.4	15	20	14.9923	20.0006
24.5	15	20	14.9925	20.0005
24.6	15	20	14.9927	20.0005
24.7	15	20	14.9929	20.0005
24.8	15	20	14.9931	20.0005
24.9	15	20	14.9933	20.0005
25	15	20	14.9935	20.0005
25.1	15	20	14.9936	20.0005
25.2	15	20	14.9938	20.0005
25.3	15	20	14.994	20.0005
25.4	15	20	14.9941	20.0005
25.5	15	20	14.9943	20.0005
25.6	15	20	14.9944	20.0004
25.7	15	20	14.9946	20.0004
25.8	15	20	14.9947	20.0004
25.9	15	20	14.9949	20.0004
26	15	20	14.995	20.0004
26.1	15	20	14.9951	20.0004
26.2	15	20	14.9953	20.0004
26.3	15	20	14.9954	20.0004
26.4	15	20	14.9955	20.0004
26.5	15	20	14.9956	20.0004
26.6	15	20	14.9957	20.0004
26.7	15	20	14.9958	20.0004
26.8	15	20	14.996	20.0004
26.9	15	20	14.9961	20.0004
27	15	20	14.9962	20.0003
27.1	15	20	14.9963	20.0003
27.2	15	20	14.9964	20.0003
27.3	15	20	14.9965	20.0003
27.4	15	20	14.9966	20.0003
27.5	15	20	14.9966	20.0003
27.6	15	20	14.9967	20.0003
27.7	15	20	14.9968	20.0003
27.8	15	20	14.9969	20.0003
27.9	15	20	14.997	20.0003
28	15	20	14.9971	20.0003
28.1	15	20	14.9971	20.0003
28.2	15	20	14.9972	20.0003
28.3	15	20	14.9973	20.0003
28.4	15	20	14.9974	20.0003
28.5	15	20	14.9974	20.0003
28.6	15	20	14.9975	20.0003
28.7	15	20	14.9976	20.0002
28.8	15	20	14.9976	20.0002
28.9	15	20	14.9977	20.0002
29	15	20	14.9977	20.0002
29.1	15	20	14.9978	20.0002
29.2	15	20	14.9979	20.0002
29.3	15	20	14.9979	20.0002
29.4	15	20	14.998	20.0002
29.5	15	20	14.998	20.0002
29.6	15	20	14.9981	20.0002
29.7	15	20	14.9981	20.0002
29.8	15	20	14.9982	20.0002
29.9	15	20	14.9982	20.0002
30	15	20	14.9983	20.0002
30.1	15	20	15.0131	20.0002
30.2	15	20	15.0222	20.0003
30.3	15	20	15.0289	20.0005
30.4	15	20	15.0335	20.0006
30.5	15	20	15.0366	20.0007
30.6	15	20	15.0386	20.0008
30.7	15	20	15.0398	20.0008
30.8	15	20	15.0405	20.0009
30.9	15	20	15.0406	20.0009
31	15	20	15.0405	20.0009
31.1	15	20	15.0401	20.0009
31.2	15	20	15.0395	20.0009
31.3	15	20	15.0389	20.0009
31.4	15	20	15.0381	20.0009
31.5	15	20	15.0374	20.0008
31.6	15	20	15.0365	20.0008
31.7	15	20	15.0357	20.0008
31.8	15	20	15.0348	20.0008
31.9	15	20	15.034	20.0007
32	15	20	15.0331	20.0007
32.1	15	20	15.0323	20.0007
32.2	15	20	15.0315	20.0006
32.3	15	20	15.0307	20.0006
32.4	15	20	15.0299	20.0005
32.5	15	20	15.0291	20.0005
32.6	15	20	15.0284	20.0005
32.7	15	20	15.0276	20.0005
32.8	15	20	15.0269	20.0004
32.9	15	20	15.0262	20.0004
33	15	20	15.0255	20.0004
33.1	15	20	15.0248	20.0003
33.2	15	20	15.0242	20.0003
33.3	15	20	15.0236	20.0003
33.4	15	20	15.0229	20.0003
33.5	15	20	15.0223	20.0002
33.6	15	20	15.0217	20.0002
33.7	15	20	15.0212	20.0002
33.8	15	20	15.0206	20.0002
33.9	15	20	15.0201	20.0002
34	15	20	15.0195	20.0001
34.1	15	20	15.019	20.0001
34.2	15	20	15.0185	20.0001
34.3	15	20	15.018	20.0001
34.4	15	20	15.0176	20.0001
34.5	15	20	15.0171	20.0001
34.6	15	20	15.0167	20.0001
34.7	15	20	15.0162	20
34.8	15	20	15.0158	20
34.9	15	20	15.0154	20
35	15	20	15.015	20
35.1	15	20	15.0146	20
35.2	15	20	15.0142	20
35.3	15	20	15.0138	20
35.4	15	20	15.0135	20
35.5	15	20	15.0131	20
35.6	15	20	15.0128	20
35.7	15	20	15.0124	19.9999
35.8	15	20	15.0121	19.9999
35.9	15	20	15.0118	19.9999
36	15	20	15.0115	19.9999
36.1	15	20	15.0112	19.9999
36.2	15	20	15.0109	19.9999
36.3	15	20	15.0106	19.9999
36.4	15	20	15.0103	19.9999
36.5	15	20	15.01	19.9999
36.6	15	20	15.0098	19.9999
36.7	15	20	15.0095	19.9999
36.8	15	20	15.0093	19.9999
36.9	15	20	15.009	19.9999
37	15	20	15.0088	19.9999
37.1	15	20	15.0086	19.9999
37.2	15	20	15.0083	19.9999
37.3	15	20	15.0081	19.9999
37.4	15	20	15.0079	19.9999
37.5	15	20	15.0077	19.9999
37.6	15	20	15.0075	19.9999
37.7	15	20	15.0073	19.9999
37.8	15	20	15.0071	19.9999
37.9	15	20	15.0069	19.9999
38	15	20	15.0067	19.9999
38.1	15	20	15.0066	19.9999
38.2	15	20	15.0064	19.9999
38.3	15	20	15.0062	19.9999
38.4	15	20	15.0061	19.9999
38.5	15	20	15.0059	19.9999
38.6	15	20	15.0057	19.9999
38.7	15	20	15.0056	19.9999
38.8	15	20	15.0054	19.9999
38.9	15	20	15.0053	19.9999
39	15	20	15.0052	19.9999
39.1	15	20	15.005	19.9999
39.2	15	20	15.0049	19.9999
39.3	15	20	15.0048	19.9999
39.4	15	20	15.0046	19.9999
39.5	15	20	15.0045	19.9999
39.6	15	20	15.0044	19.9999
39.7	15	20	15.0043	19.9999
39.8	15	20	15.0042	19.9999
39.9	15	20	15.0041	19.9999
40	15	20	15.004	19.9999
40.1	15	20	15.0039	19.9999
40.2	15	20	15.0038	19.9999
40.3	15	20	15.0037	19.9999
40.4	15	20	15.0036	19.9999
40.5	15	20	15.0035	19.9999
40.6	15	20	15.0034	19.9999
40.7	15	20	15.0033	19.9999
40.8	15	20	15.0032	19.9999
40.9	15	20	15.0031	19.9999
41	15	20	15.003	19.9999
41.1	15	20	15.003	19.9999
41.2	15	20	15.0029	19.9999
41.3	15	20	15.0028	19.9999
41.4	15	20	15.0027	19.9999
41.5	15	20	15.0027	19.9999
41.6	15	20	15.0026	19.9999
41.7	15	20	15.0025	19.9999
41.8	15	20	15.0024	19.9999
41.9	15	20	15.0024	19.9999
42	15	20	15.0023	19.9999
42.1	15	20	15.0023	19.9999
42.2	15	20	15.0022	19.9999
42.3	15	20	15.0021	19.9999
42.4	15	20	15.0021	19.9999
42.5	15	20	15.002	19.9999
42.6	15	20	15.002	19.9999
42.7	15	20	15.0019	19.9999
42.8	15	20	15.0019	19.9999
42.9	15	20	15.0018	19.9999
43	15	20	15.0018	19.9999
43.1	15	20	15.0017	19.9999
43.2	15	20	15.0017	19.9999
43.3	15	20	15.0016	19.9999
43.4	15	20	15.0016	19.9999
43.5	15	20	15.0016	19.9999
43.6	15	20	15.0015	19.9999
43.7	15	20	15.0015	19.9999
43.8	15	20	15.0014	19.9999
43.9	15	20	15.0014	19.9999
44	15	20	15.0014	19.9999
44.1	15	20	15.0013	19.9999
44.2	15	20	15.0013	19.9999
44.3	15	20	15.0013	19.9999
44.4	15	20	15.0012	19.9999
44.5	15	20	15.0012	19.9999
44.6	15	20	15.0012	19.9999
44.7	15	20	15.0011	19.9999
44.8	15	20	15.0011	19.9999
44.9	15	20	15.0011	19.9999
45	15	20	15.001	19.9999
45.1	15	20	15.001	19.9852
45.2	15	20	15.001	19.976
45.3	15	20	15.001	19.9694
45.4	15	20	15.0009	19.9648
45.5	15	20	15.0009	19.9617
45.6	15	20	15.0009	19.9597
45.7	15	20	15.0009	19.9586
45.8	15	20	15.0008	19.958
45.9	15	20	15.0008	19.9579
46	15	20	15.0008	19.958
46.1	15	20	15.0008	19.9585
46.2	15	20	15.0008	19.959
46.3	15	20	15.0007	19.9597
46.4	15	20	15.0007	19.9605
46.5	15	20	15.0007	19.9613
46.6	15	20	15.0007	19.9622
46.7	15	20	15.0007	19.9631
46.8	15	20	15.0006	19.964
46.9	15	20	15.0006	19.9648
47	15	20	15.0006	19.9657
47.1	15	20	15.0006	19.9666
47.2	15	20	15.0006	19.9674
47.3	15	20	15.0006	19.9683
47.4	15	20	15.0006	19.9691
47.5	15	20	15.0005	19.9699
47.6	15	20	15.0005	19.9707
47.7	15	20	15.0005	19.9715
47.8	15	20	15.0005	19.9722
47.9	15	20	15.0005	19.9729
48	15	20	15.0005	19.9736
48.1	15	20	15.0005	19.9743
48.2	15	20	15.0004	19.975
48.3	15	20	15.0004	19.9757
48.4	15	20	15.0004	19.9763
48.5	15	20	15.0004	19.9769
48.6	15	20	15.0004	19.9775
48.7	15	20	15.0004	19.9781
48.8	15	20	15.0004	19.9787
48.9	15	20	15.0004	19.9793
49	15	20	15.0004	19.9798
49.1	15	20	15.0004	19.9803
49.2	15	20	15.0003	19.9809
49.3	15	20	15.0003	19.9814
49.4	15	20	15.0003	19.9819
49.5	15	20	15.0003	19.9823
49.6	15	20	15.0003	19.9828
49.7	15	20	15.0003	19.9833
49.8	15	20	15.0003	19.9837
49.9	15	20	15.0003	19.9841
50	15	20	15.0003	19.9845
50.1	15	20	15.0003	19.985
50.2	15	20	15.0003	19.9853
50.3	15	20	15.0003	19.9857
50.4	15	20	15.0002	19.9861
50.5	15	20	15.0002	19.9865
50.6	15	20	15.0002	19.9868
50.7	15	20	15.0002	19.9872
50.8	15	20	15.0002	19.9875
50.9	15	20	15.0002	19.9878
51	15	20	15.0002	19.9882
51.1	15	20	15.0002	19.9885
51.2	15	20	15.0002	19.9888
51.3	15	20	15.0002	19.9891
51.4	15	20	15.0002	19.9894
51.5	15	20	15.0002	19.9896
51.6	15	20	15.0002	19.9899
51.7	15	20	15.0002	19.9902
51.8	15	20	15.0002	19.9904
51.9	15	20	15.0002	19.9907
52	15	20	15.0002	19.9909
52.1	15	20	15.0002	19.9912
52.2	15	20	15.0002	19.9914
52.3	15	20	15.0001	19.9916
52.4	15	20	15.0001	19.9919
52.5	15	20	15.0001	19.9921
52.6	15	20	15.0001	19.9923
52.7	15	20	15.0001	19.9925
52.8	15	20	15.0001	19.9927
52.9	15	20	15.0001	19.9929
53	15	20	15.0001	19.9931
53.1	15	20	15.0001	19.9932
53.2	15	20	15.0001	19.9934
53.3	15	20	15.0001	19.9936
53.4	15	20	15.0001	19.9938
53.5	15	20	15.0001	19.9939
53.6	15	20	15.0001	19.9941
53.7	15	20	15.0001	19.9942
53.8	15	20	15.0001	19.9944
53.9	15	20	15.0001	19.9945
54	15	20	15.0001	19.9947
54.1	15	20	15.0001	19.9948
54.2	15	20	15.0001	19.995
54.3	15	20	15.0001	19.9951
54.4	15	20	15.0001	19.9952
54.5	15	20	15.0001	19.9954
54.6	15	20	15.0001	19.9955
54.7	15	20	15.0001	19.9956
54.8	15	20	15.0001	19.9957
54.9	15	20	15.0001	19.9958
55	15	20	15.0001	19.9959
55.1	15	20	15.0001	19.996
55.2	15	20	15.0001	19.9961
55.3	15	20	15.0001	19.9962
55.4	15	20	15.0001	19.9963
55.5	15	20	15.0001	19.9964
55.6	15	20	15.0001	19.9965
55.7	15	20	15.0001	19.9966
55.8	15	20	15.0001	19.9967
55.9	15	20	15.0001	19.9968
56	15	20	15.0001	19.9969
56.1	15	20	15.0001	19.997
56.2	15	20	15.0001	19.997
56.3	15	20	15.0001	19.9971
56.4	15	20	15.0001	19.9972
56.5	15	20	15	19.9973
56.6	15	20	15	19.9973
56.7	15	20	15	19.9974
56.8	15	20	15	19.9975
56.9	15	20	15	19.9976
57	15	20	15	19.9976
57.1	15	20	15	19.9977
57.2	15	20	15	19.9977
57.3	15	20	15	19.9978
57.4	15	20	15	19.9979
57.5	15	20	15	19.9979
57.6	15	20	15	19.998
57.7	15	20	15	19.998
57.8	15	20	15	19.9981
57.9	15	20	15	19.9981
58	15	20	15	19.9982
58.1	15	20	15	19.9982
58.2	15	20	15	19.9983
58.3	15	20	15	19.9983
58.4	15	20	15	19.9984
58.5	15	20	15	19.9984
58.6	15	20	15	19.9984
58.7	15	20	15	19.9985
58.8	15	20	15	19.9985
58.9	15	20	15	19.9986
59	15	20	15	19.9986
59.1	15	20	15	19.9986
59.2	15	20	15	19.9987
59.3	15	20	15	19.9987
59.4	15	20	15	19.9987
59.5	15	20	15	19.9988
59.6	15	20	15	19.9988
59.7	15	20	15	19.9988
59.8	15	20	15	19.9989
59.9	15	20	15	19.9989
60	15	20	15	19.9989
60.1	15	20	15	20.0137
60.2	15	20	15	20.0229
60.3	15	20	15	20.0295
60.4	15	20	15	20.0341
60.5	15	20	15	20.0373
60.6	15	20	15	20.0393
60.7	15	20	15	20.0405
60.8	15	20	15	20.0411
60.9	15	20	15	20.0412
61	15	20	15	20.0411
61.1	15	20	15	20.0407
61.2	15	20	15	20.0401
61.3	15	20	15	20.0395
61.4	15	20	15	20.0387
61.5	15	20	15	20.0379
61.6	15	20	15	20.0371
61.7	15	20	15	20.0362
61.8	15	20	15	20.0353
61.9	15	20	15	20.0345
62	15	20	15	20.0336
62.1	15	20	15	20.0328
62.2	15	20	15	20.0319
62.3	15	20	15	20.0311
62.4	15	20	15	20.0303
62.5	15	20	15	20.0295
62.6	15	20	15	20.0287
62.7	15	20	15	20.028
62.8	15	20	15	20.0272
62.9	15	20	15	20.0265
63	15	20	15	20.0258
63.1	15	20	15	20.0252
63.2	15	20	15	20.0245
63.3	15	20	15	20.0239
63.4	15	20	15	20.0232
63.5	15	20	15	20.0226
63.6	15	20	15	20.022
63.7	15	20	15	20.0214
63.8	15	20	15	20.0209
63.9	15	20	15	20.0203
64	15	20	15	20.0198
64.1	15	20	15	20.0193
64.2	15	20	15	20.0188
64.3	15	20	15	20.0183
64.4	15	20	15	20.0178
64.5	15	20	15	20.0173
64.6	15	20	15	20.0169
64.7	15	20	15	20.0164
64.8	15	20	15	20.016
64.9	15	20	15	20.0156
65	15	20	15	20.0151
65.1	15	20	15	20.0147
65.2	15	20	15	20.0144
65.3	15	20	15	20.014
65.4	15	20	15	20.0136
65.5	15	20	15	20.0133
65.6	15	20	15	20.0129
65.7	15	20	15	20.0126
65.8	15	20	15	20.0122
65.9	15	20	15	20.0119
66	15	20	15	20.0116
66.1	15	20	15	20.0113
66.2	15	20	15	20.011
66.3	15	20	15	20.0107
66.4	15	20	15	20.0104
66.5	15	20	15	20.0101
66.6	15	20	15	20.0099
66.7	15	20	15	20.0096
66.8	15	20	15	20.0094
66.9	15	20	15	20.0091
67	15	20	15	20.0089
67.1	15	20	15	20.0086
67.2	15	20	15	20.0084
67.3	15	20	15	20.0082
67.4	15	20	15	20.008
67.5	15	20	15	20.0078
67.6	15	20	15	20.0076
67.7	15	20	15	20.0074
67.8	15	20	15	20.0072
67.9	15	20	15	20.007
68	15	20	15	20.0068
68.1	15	20	15	20.0066
68.2	15	20	15	20.0064
68.3	15	20	15	20.0063
68.4	15	20	15	20.0061
68.5	15	20	15	20.0059
68.6	15	20	15	20.0058
68.7	15	20	15	20.0056
68.8	15	20	15	20.0055
68.9	15	20	15	20.0053
69	15	20	15	20.0052
69.1	15	20	15	20.0051
69.2	15	20	15	20.0049
69.3	15	20	15	20.0048
69.4	15	20	15	20.0047
69.5	15	20	15	20.0046
69.6	15	20	15	20.0044
69.7	15	20	15	20.0043
69.8	15	20	15	20.0042
69.9	15	20	15	20.0041
70	15	20	15	20.004
70.1	15	20	15	20.0039
70.2	15	20	15	20.0038
70.3	15	20	15	20.0037
70.4	15	20	15	20.0036
70.5	15	20	15	20.0035
70.6	15	20	15	20.0034
70.7	15	20	15	20.0033
70.8	15	20	15	20.0032
70.9	15	20	15	20.0031
71	15	20	15	20.003
71.1	15	20	15	20.003
71.2	15	20	15	20.0029
71.3	15	20	15	20.0028
71.4	15	20	15	20.0027
71.5	15	20	15	20.0027
71.6	15	20	15	20.0026
71.7	15	20	15	20.0025
71.8	15	20	15	20.0025
71.9	15	20	15	20.0024
72	15	20	15	20.0023
72.1	15	20	15	20.0023
72.2	15	20	15	20.0022
72.3	15	20	15	20.0022
72.4	15	20	15	20.0021
72.5	15	20	15	20.002
72.6	15	20	15	20.002
72.7	15	20	15	20.0019
72.8	15	20	15	20.0019
72.9	15	20	15	20.0018
73	15	20	15	20.0018
73.1	15	20	15	20.0017
73.2	15	20	15	20.0017
73.3	15	20	15	20.0016
73.4	15	20	15	20.0016
73.5	15	20	15	20.0016
73.6	15	20	15	20.0015
73.7	15	20	15	20.0015
73.8	15	20	15	20.0014
73.9	15	20	15	20.0014
74	15	20	15	20.0014
74.1	15	20	15	20.0013
74.2	15	20	15	20.0013
74.3	15	20	15	20.0013
74.4	15	20	15	20.0012
74.5	15	20	15	20.0012
74.6	15	20	15	20.0012
74.7	15	20	15	20.0011
74.8	15	20	15	20.0011
74.9	15	20	15	20.0011
75	15	20	15	20.001
75.1	15	20	14.9852	19.9862
75.2	15	20	14.9761	19.9769
75.3	15	20	14.9695	19.9702
75.4	15	20	14.9649	19.9654
75.5	15	20	14.9619	19.9622
75.6	15	20	14.9599	19.9601
75.7	15	20	14.9587	19.9588
75.8	15	20	14.9582	19.9582
75.9	15	20	14.958	19.958
76	15	20	14.9582	19.9581
76.1	15	20	14.9586	19.9585
76.2	15	20	14.9592	19.9591
76.3	15	20	14.9599	19.9598
76.4	15	20	14.9607	19.9606
76.5	15	20	14.9615	19.9614
76.6	15	20	14.9623	19.9623
76.7	15	20	14.9632	19.9631
76.8	15	20	14.9641	19.964
76.9	15	20	14.965	19.9649
77	15	20	14.9658	19.9658
77.1	15	20	14.9667	19.9667
77.2	15	20	14.9676	19.9676
77.3	15	20	14.9684	19.9684
77.4	15	20	14.9692	19.9693
77.5	15	20	14.97	19.9701
77.6	15	20	14.9708	19.9709
77.7	15	20	14.9715	19.9717
77.8	15	20	14.9723	19.9724
77.9	15	20	14.973	19.9732
78	15	20	14.9737	19.9739
78.1	15	20	14.9744	19.9746
78.2	15	20	14.9751	19.9753
78.3	15	20	14.9757	19.9759
78.4	15	20	14.9764	19.9766
78.5	15	20	14.977	19.9772
78.6	15	20	14.9776	19.9778
78.7	15	20	14.9782	19.9784
78.8	15	20	14.9788	19.979
78.9	15	20	14.9793	19.9796
79	15	20	14.9799	19.9801
79.1	15	20	14.9804	19.9807
79.2	15	20	14.9809	19.9812
79.3	15	20	14.9814	19.9817
79.4	15	20	14.9819	19.9822
79.5	15	20	14.9824	19.9827
79.6	15	20	14.9828	19.9832
79.7	15	20	14.9833	19.9836
79.8	15	20	14.9837	19.9841
79.9	15	20	14.9841	19.9845
80	15	20	14.9846	19.9849
80.1	15	20	14.985	19.9853
80.2	15	20	14.9854	19.9857
80.3	15	20	14.9858	19.9861
80.4	15	20	14.9861	19.9865
80.5	15	20	14.9865	19.9868
80.6	15	20	14.9868	19.9872
80.7	15	20	14.9872	19.9875
80.8	15	20	14.9875	19.9879
80.9	15	20	14.9879	19.9882
81	15	20	14.9882	19.9885
81.1	15	20	14.9885	19.9888
81.2	15	20	14.9888	19.9891
81.3	15	20	14.9891	19.9894
81.4	15	20	14.9894	19.9897
81.5	15	20	14.9896	19.99
81.6	15	20	14.9899	19.9903
81.7	15	20	14.9902	19.9905
81.8	15	20	14.9904	19.9908
81.9	15	20	14.9907	19.991
82	15	20	14.9909	19.9913
82.1	15	20	14.9912	19.9915
82.2	15	20	14.9914	19.9917
82.3	15	20	14.9916	19.992
82.4	15	20	14.9919	19.9922
82.5	15	20	14.9921	19.9924
82.6	15	20	14.9923	19.9926
82.7	15	20	14.9925	19.9928
82.8	15	20	14.9927	19.993
82.9	15	20	14.9929	19.9932
83	15	20	14.9931	19.9934
83.1	15	20	14.9932	19.9936
83.2	15	20	14.9934	19.9937
83.3	15	20	14.9936	19.9939
83.4	15	20	14.9938	19.9941
83.5	15	20	14.9939	19.9942
83.6	15	20	14.9941	19.9944
83.7	15	20	14.9942	19.9945
83.8	15	20	14.9944	19.9947
83.9	15	20	14.9945	19.9948
84	15	20	14.9947	19.995
84.1	15	20	14.9948	19.9951
84.2	15	20	14.995	19.9952
84.3	15	20	14.9951	19.9954
84.4	15	20	14.9952	19.9955
84.5	15	20	14.9953	19.9956
84.6	15	20	14.9955	19.9957
84.7	15	20	14.9956	19.9958
84.8	15	20	14.9957	19.996
84.9	15	20	14.9958	19.9961
85	15	20	14.9959	19.9962
85.1	15	20	14.996	19.9963
85.2	15	20	14.9961	19.9964
85.3	15	20	14.9962	19.9965
85.4	15	20	14.9963	19.9966
85.5	15	20	14.9964	19.9967
85.6	15	20	14.9965	19.9968
85.7	15	20	14.9966	19.9968
85.8	15	20	14.9967	19.9969
85.9	15	20	14.9968	19.997
86	15	20	14.9969	19.9971
86.1	15	20	14.997	19.9972
86.2	15	20	14.997	19.9972
86.3	15	20	14.9971	19.9973
86.4	15	20	14.9972	19.9974
86.5	15	20	14.9973	19.9975
86.6	15	20	14.9973	19.9975
86.7	15	20	14.9974	19.9976
86.8	15	20	14.9975	19.9977
86.9	15	20	14.9975	19.9977
87	15	20	14.9976	19.9978
87.1	15	20	14.9977	19.9978
87.2	15	20	14.9977	19.9979
87.3	15	20	14.9978	19.998
87.4	15	20	14.9978	19.998
87.5	15	20	14.9979	19.9981
87.6	15	20	14.998	19.9981
87.7	15	20	14.998	19.9982
87.8	15	20	14.9981	19.9982
87.9	15	20	14.9981	19.9983
88	15	20	14.9982	19.9983
88.1	15	20	14.9982	19.9984
88.2	15	20	14.9983	19.9984
88.3	15	20	14.9983	19.9985
88.4	15	20	14.9984	19.9985
88.5	15	20	14.9984	19.9985
88.6	15	20	14.9984	19.9986
88.7	15	20	14.9985	19.9986
88.8	15	20	14.9985	19.9987
88.9	15	20	14.9986	19.9987
89	15	20	14.9986	19.9987
89.1	15	20	14.9986	19.9988
89.2	15	20	14.9987	19.9988
89.3	15	20	14.9987	19.9988
89.4	15	20	14.9987	19.9989
89.5	15	20	14.9988	19.9989
89.6	15	20	14.9988	19.9989
89.7	15	20	14.9988	19.9989
89.8	15	20	14.9989	19.999
89.9	15	20	14.9989	19.999
90	15	20	14.9989	19.999
90.1	15	20	15.0137	20.0139
90.2	15	20	15.0229	20.0231
90.3	15	20	15.0295	20.0299
90.4	15	20	15.0341	20.0346
90.5	15	20	15.0372	20.0379
90.6	15	20	15.0392	20.04
90.7	15	20	15.0404	20.0412
90.8	15	20	15.041	20.0419
90.9	15	20	15.0411	20.0421
91	15	20	15.041	20.0419
91.1	15	20	15.0406	20.0415
91.2	15	20	15.04	20.041
91.3	15	20	15.0393	20.0403
91.4	15	20	15.0386	20.0395
91.5	15	20	15.0378	20.0387
91.6	15	20	15.037	20.0378
91.7	15	20	15.0361	20.0369
91.8	15	20	15.0352	20.036
91.9	15	20	15.0344	20.0351
92	15	20	15.0335	20.0342
92.1	15	20	15.0327	20.0333
92.2	15	20	15.0318	20.0325
92.3	15	20	15.031	20.0316
92.4	15	20	15.0302	20.0308
92.5	15	20	15.0294	20.03
92.6	15	20	15.0287	20.0292
92.7	15	20	15.0279	20.0284
92.8	15	20	15.0272	20.0276
92.9	15	20	15.0265	20.0269
93	15	20	15.0258	20.0262
93.1	15	20	15.0251	20.0255
93.2	15	20	15.0245	20.0248
93.3	15	20	15.0238	20.0241
93.4	15	20	15.0232	20.0235
93.5	15	20	15.0226	20.0228
93.6	15	20	15.022	20.0222
93.7	15	20	15.0214	20.0216
93.8	15	20	15.0209	20.021
93.9	15	20	15.0203	20.0204
94	15	20	15.0198	20.0199
94.1	15	20	15.0193	20.0194
94.2	15	20	15.0187	20.0188
94.3	15	20	15.0183	20.0183
94.4	15	20	15.0178	20.0178
94.5	15	20	15.0173	20.0173
94.6	15	20	15.0169	20.0169
94.7	15	20	15.0164	20.0164
94.8	15	20	15.016	20.016
94.9	15	20	15.0156	20.0155
95	15	20	15.0152	20.0151
95.1	15	20	15.0148	20.0147
95.2	15	20	15.0144	20.0143
95.3	15	20	15.014	20.0139
95.4	15	20	15.0136	20.0136
95.5	15	20	15.0133	20.0132
95.6	15	20	15.0129	20.0128
95.7	15	20	15.0126	20.0125
95.8	15	20	15.0122	20.0121
95.9	15	20	15.0119	20.0118
96	15	20	15.0116	20.0115
96.1	15	20	15.0113	20.0112
96.2	15	20	15.011	20.0109
96.3	15	20	15.0107	20.0106
96.4	15	20	15.0104	20.0103
96.5	15	20	15.0102	20.01
96.6	15	20	15.0099	20.0098
96.7	15	20	15.0096	20.0095
96.8	15	20	15.0094	20.0092
96.9	15	20	15.0091	20.009
97	15	20	15.0089	20.0087
97.1	15	20	15.0087	20.0085
97.2	15	20	15.0084	20.0083
97.3	15	20	15.0082	20.0081
97.4	15	20	15.008	20.0078
97.5	15	20	15.0078	20.0076
97.6	15	20	15.0076	20.0074
97.7	15	20	15.0074	20.0072
97.8	15	20	15.0072	20.007
97.9	15	20	15.007	20.0068
98	15	20	15.0068	20.0066
98.1	15	20	15.0066	20.0065
98.2	15	20	15.0065	20.0063
98.3	15	20	15.0063	20.0061
98.4	15	20	15.0061	20.006
98.5	15	20	15.006	20.0058
98.6	15	20	15.0058	20.0056
98.7	15	20	15.0057	20.0055
98.8	15	20	15.0055	20.0053
98.9	15	20	15.0054	20.0052
99	15	20	15.0052	20.0051
99.1	15	20	15.0051	20.0049
99.2	15	20	15.005	20.0048
99.3	15	20	15.0048	20.0047
99.4	15	20	15.0047	20.0045
99.5	15	20	15.0046	20.0044
99.6	15	20	15.0045	20.0043
99.7	15	20	15.0043	20.0042
99.8	15	20	15.0042	20.0041
99.9	15	20	15.0041	20.0039
100	15	20	15.004	20.0038
100.1	15	20	15.0039	20.0037
100.2	15	20	15.0038	20.0036
100.3	15	20	15.0037	20.0035
100.4	15	20	15.0036	20.0034
100.5	15	20	15.0035	20.0033
100.6	15	20	15.0034	20.0033
100.7	15	20	15.0033	20.0032
100.8	15	20	15.0032	20.0031
100.9	15	20	15.0031	20.003
101	15	20	15.0031	20.0029
101.1	15	20	15.003	20.0028
101.2	15	20	15.0029	20.0028
101.3	15	20	15.0028	20.0027
101.4	15	20	15.0028	20.0026
101.5	15	20	15.0027	20.0025
101.6	15	20	15.0026	20.0025
101.7	15	20	15.0025	20.0024
101.8	15	20	15.0025	20.0023
101.9	15	20	15.0024	20.0023
102	15	20	15.0023	20.0022
102.1	15	20	15.0023	20.0022
102.2	15	20	15.0022	20.0021
102.3	15	20	15.0022	20.002
102.4	15	20	15.0021	20.002
102.5	15	20	15.0021	20.0019
102.6	15	20	15.002	20.0019
102.7	15	20	15.0019	20.0018
102.8	15	20	15.0019	20.0018
102.9	15	20	15.0018	20.0017
103	15	20	15.0018	20.0017
103.1	15	20	15.0018	20.0016
103.2	15	20	15.0017	20.0016
103.3	15	20	15.0017	20.0016
103.4	15	20	15.0016	20.0015
103.5	15	20	15.0016	20.0015
103.6	15	20	15.0015	20.0014
103.7	15	20	15.0015	20.0014
103.8	15	20	15.0015	20.0014
103.9	15	20	15.0014	20.0013
104	15	20	15.0014	20.0013
104.1	15	20	15.0013	20.0012
104.2	15	20	15.0013	20.0012
104.3	15	20	15.0013	20.0012
104.4	15	20	15.0012	20.0011
104.5	15	20	15.0012	20.0011
104.6	15	20	15.0012	20.0011
104.7	15	20	15.0011	20.0011
104.8	15	20	15.0011	20.001
104.9	15	20	15.0011	20.001
