0	0	0	0	3	0	3	0	0.01533	0.0041023
0	0	0	0	3	3	3	3	0.010715	0.0071701
0.42341	0	0.44428	0	3	3	3	3	0.0021884	0.0065097
0.82804	0.42341	0.88771	0.44428	3	3	3	3	-0.00043842	0.0049678
1.2213	0.82804	1.3303	0.88771	3	3	3	3	-0.0014611	0.0037845
1.6057	1.2213	1.7721	1.3303	3	3	3	3	-0.0017885	0.00279
1.9823	1.6057	2.2131	1.7721	3	3	3	3	-0.0017477	0.0019479
2.3523	1.9823	2.6533	2.2131	3	3	3	3	-0.0015454	0.0012213
2.7161	2.3523	3.0927	2.6533	3	3	3	3	-0.0012492	0.00061159
3.0743	2.7161	3.5314	3.0927	3	3	3	3	-0.00095427	7.5587e-05
3.4274	3.0743	3.9693	3.5314	3	3	3	3	-0.00064182	-0.00036723
3.7757	3.4274	4.4064	3.9693	3	3	3	3	-0.00037708	-0.00074503
4.1195	3.7757	4.8427	4.4064	3	3	3	3	-0.00013985	-0.0010651
4.459	4.1195	5.2783	4.8427	3	3	3	3	4.7403e-05	-0.001333
4.7945	4.459	5.7131	5.2783	3	3	3	3	0.00018911	-0.0015343
5.126	4.7945	6.1472	5.7131	3	3	3	3	0.00028739	-0.0016934
5.4539	5.126	6.5806	6.1472	3	3	3	3	0.0003523	-0.0018145
5.7782	5.4539	7.0132	6.5806	3	3	3	3	0.00037209	-0.0019111
6.0991	5.7782	7.4451	7.0132	3	3	3	3	0.00036312	-0.0019471
6.4168	6.0991	7.8762	7.4451	3	3	3	3	0.00031034	-0.0019656
6.7313	6.4168	8.3066	7.8762	3	3	3	3	0.00025723	-0.0019595
7.0427	6.7313	8.7363	8.3066	3	3	3	3	0.00016643	-0.0019215
7.3511	7.0427	9.1652	8.7363	3	3	3	3	6.8864e-05	-0.0018747
7.6567	7.3511	9.5935	9.1652	3	3	3	3	-5.5115e-05	-0.0017813
7.9594	7.6567	10.021	9.5935	3	3	3	3	-0.00017654	-0.0017041
8.2595	7.9594	10.448	10.021	3	3	3	3	-0.00029678	-0.0015847
8.5569	8.2595	10.874	10.448	3	3	3	3	-0.00043836	-0.001456
8.8518	8.5569	11.299	10.874	3	3	3	3	-0.00056461	-0.0013196
9.1441	8.8518	11.724	11.299	3	3	3	3	-0.00069921	-0.0011775
9.434	9.1441	12.148	11.724	3	3	3	3	-0.00081678	-0.0011315
9.7216	9.434	12.571	12.148	3	3	3	3	-0.00097207	-0.00088334
10.007	9.7216	12.994	12.571	3	3	3	3	-0.0010516	-0.00073545
10.29	10.007	13.416	12.994	3	3	3	3	-0.0011203	-0.00058746
10.57	10.29	13.837	13.416	3	3	3	3	-0.0012249	-0.00044203
10.849	10.57	14.257	13.837	3	3	3	3	-0.0012627	-0.0002004
11.125	10.849	14.677	14.257	3	3	3	3	-0.0014308	-0.0001633
11.399	11.125	15.096	14.677	3	3	3	3	-0.0014276	6.8503e-05
11.672	11.399	15.515	15.096	3	3	3	3	-0.0014502	9.3835e-05
11.942	11.672	15.933	15.515	3	3	3	3	-0.0014967	0.00031194
12.21	11.942	16.35	15.933	3	3	3	3	-0.0014666	0.00052175
12.476	12.21	16.766	16.35	3	3	3	3	-0.0014577	0.00052391
12.741	12.476	17.182	16.766	3	3	3	3	-0.0015693	0.0007174
13.003	12.741	17.597	17.182	3	3	3	3	-0.0014021	0.00080221
13.264	13.003	18.011	17.597	2.8992	3	2.9428	3	-0.0013611	0.00088151
13.523	13.264	18.425	18.011	2.485	2.8992	2.1967	2.9428	-0.00063815	0.00019686
13.765	13.523	18.83	18.425	2.2105	2.485	1.7094	2.1967	-0.00069319	0.0013416
13.944	13.765	19.123	18.83	2.0022	2.2105	1.337	1.7094	-0.00063883	0.0015851
14.082	13.944	19.344	19.123	1.8469	2.0022	1.0588	1.337	-0.00068152	0.0014392
14.188	14.082	19.509	19.344	1.7308	1.8469	0.85016	1.0588	-0.00078254	0.0011692
14.27	14.188	19.633	19.509	1.6439	1.7308	0.69382	0.85016	-0.00082209	0.0010064
14.334	14.27	19.726	19.633	1.5788	1.6439	0.57661	0.69382	-0.000787	0.00077799
14.386	14.334	19.795	19.726	1.5298	1.5788	0.48869	0.57661	-0.00094666	0.00064748
14.427	14.386	19.847	19.795	1.493	1.5298	0.42271	0.48869	-0.00086238	0.00057846
14.461	14.427	19.887	19.847	1.4651	1.493	0.37316	0.42271	-0.0009067	0.00046227
14.489	14.461	19.916	19.887	1.444	1.4651	0.33592	0.37316	-0.00081783	0.00041584
14.513	14.489	19.938	19.916	1.4279	1.444	0.3079	0.33592	-0.0009467	0.00044947
14.533	14.513	19.954	19.938	1.4156	1.4279	0.28679	0.3079	-0.00093662	0.00032164
14.551	14.533	19.967	19.954	1.406	1.4156	0.27085	0.28679	-0.00089521	0.00027372
14.567	14.551	19.976	19.967	1.3986	1.406	0.25878	0.27085	-0.00087898	0.00026131
14.582	14.567	19.983	19.976	1.3927	1.3986	0.24963	0.25878	-0.00098071	0.0002768
14.595	14.582	19.988	19.983	1.388	1.3927	0.24265	0.24963	-0.00092261	0.00036451
14.607	14.595	19.992	19.988	1.3841	1.388	0.23731	0.24265	-0.00084422	0.00023161
14.619	14.607	19.995	19.992	1.381	1.3841	0.23319	0.23731	-0.00089987	0.00025777
14.63	14.619	19.998	19.995	1.3783	1.381	0.23	0.23319	-0.0009593	0.00020387
14.641	14.63	20	19.998	1.3761	1.3783	0.2275	0.23	-0.00089782	0.00031542
14.651	14.641	20.001	20	1.3741	1.3761	0.22553	0.2275	-0.00089505	0.00022575
14.66	14.651	20.002	20.001	1.3723	1.3741	0.22394	0.22553	-0.00093755	0.00026028
14.669	14.66	20.003	20.002	1.3707	1.3723	0.22266	0.22394	-0.00091686	0.00023827
14.678	14.669	20.003	20.003	1.3693	1.3707	0.2216	0.22266	-0.0009231	0.00017339
14.687	14.678	20.004	20.003	1.368	1.3693	0.22071	0.2216	-0.00085348	0.0002764
14.695	14.687	20.004	20.004	1.3667	1.368	0.21996	0.22071	-0.00090004	0.00025513
14.703	14.695	20.004	20.004	1.3656	1.3667	0.2193	0.21996	-0.00096193	0.0002162
14.711	14.703	20.005	20.004	1.3645	1.3656	0.21873	0.2193	-0.00083765	0.00026385
14.719	14.711	20.005	20.005	1.3634	1.3645	0.21821	0.21873	-0.00092128	0.00020064
14.726	14.719	20.005	20.005	1.3624	1.3634	0.21774	0.21821	-0.00091594	0.00032995
14.733	14.726	20.005	20.005	1.3614	1.3624	0.21731	0.21774	-0.00091651	0.00015366
14.741	14.733	20.005	20.005	1.3605	1.3614	0.21691	0.21731	-0.00082547	0.00027268
14.747	14.741	20.005	20.005	1.3596	1.3605	0.21654	0.21691	-0.00094123	0.00028774
14.754	14.747	20.005	20.005	1.3587	1.3596	0.21619	0.21654	-0.00086215	0.00020111
14.761	14.754	20.005	20.005	1.3579	1.3587	0.21585	0.21619	-0.00088779	0.00031189
14.767	14.761	20.005	20.005	1.3571	1.3579	0.21553	0.21585	-0.00091961	0.00022117
14.773	14.767	20.005	20.005	1.3562	1.3571	0.21523	0.21553	-0.00085697	0.00022958
14.779	14.773	20.005	20.005	1.3555	1.3562	0.21493	0.21523	-0.0008965	0.00023642
14.785	14.779	20.005	20.005	1.3547	1.3555	0.21465	0.21493	-0.00084343	0.0002427
14.79	14.785	20.005	20.005	1.354	1.3547	0.21438	0.21465	-0.00089239	0.00024808
14.796	14.79	20.005	20.005	1.3533	1.354	0.21411	0.21438	-0.0009458	0.00025334
14.801	14.796	20.005	20.005	1.3526	1.3533	0.21385	0.21411	-0.00080354	0.0002584
14.806	14.801	20.005	20.005	1.3519	1.3526	0.21361	0.21385	-0.00096544	0.00026243
14.812	14.806	20.005	20.005	1.3512	1.3519	0.21337	0.21361	-0.00083127	0.00026683
14.816	14.812	20.005	20.005	1.3506	1.3512	0.21313	0.21337	-0.00089965	0.00027058
14.821	14.816	20.005	20.005	1.3499	1.3506	0.21291	0.21313	-0.00087115	0.00027413
14.826	14.821	20.005	20.005	1.3493	1.3499	0.21269	0.21291	-0.00084763	0.0001775
14.831	14.826	20.005	20.005	1.3487	1.3493	0.21248	0.21269	-0.00092615	0.00028017
14.835	14.831	20.005	20.005	1.3482	1.3487	0.21227	0.21248	-0.00080789	0.00028324
14.839	14.835	20.005	20.005	1.3476	1.3482	0.21207	0.21227	-0.00089366	0.0001858
14.844	14.839	20.005	20.005	1.3471	1.3476	0.21188	0.21207	-0.00088096	0.00028815
14.848	14.844	20.005	20.005	1.3465	1.3471	0.21169	0.21188	-0.000872	0.00029055
14.852	14.848	20.005	20.005	1.346	1.3465	0.2115	0.21169	-0.00086656	0.00019309
14.856	14.852	20.005	20.005	1.3455	1.346	0.21132	0.2115	-0.00086316	0.00029492
14.859	14.856	20.005	20.005	1.345	1.3455	0.21115	0.21132	-0.00086216	0.00029688
14.863	14.859	20.005	20.005	1.3445	1.345	0.21098	0.21115	-0.00086468	0.00019882
14.867	14.863	20.005	20.005	1.344	1.3445	0.21082	0.21098	-0.00086924	0.0003005
14.87	14.867	20.005	20.005	1.3436	1.344	0.21066	0.21082	-0.0008762	0.00020216
14.874	14.87	20.005	20.005	1.3432	1.3436	0.2105	0.21066	-0.00088656	0.00030363
14.877	14.874	20.005	20.005	1.3427	1.3432	0.21035	0.2105	-0.0008993	0.0003051
14.88	14.877	20.005	20.005	1.3423	1.3427	0.21021	0.21035	-0.00081262	0.00020684
14.883	14.88	20.005	20.005	1.3419	1.3423	0.21007	0.21021	-0.00082865	0.00030774
14.886	14.883	20.005	20.005	1.3415	1.3419	0.20993	0.21007	-0.00094868	0.00020871
14.889	14.886	20.005	20.005	1.3411	1.3415	0.2098	0.20993	-0.00076997	0.00031019
14.892	14.889	20.005	20.005	1.3407	1.3411	0.20966	0.2098	-0.00089189	0.00021062
14.895	14.892	20.005	20.005	1.3404	1.3407	0.20954	0.20966	-0.00091682	0.00031157
14.898	14.895	20.005	20.005	1.34	1.3404	0.20942	0.20954	-0.00084401	0.00021287
14.9	14.898	20.005	20.005	1.3397	1.34	0.2093	0.20942	-0.00087379	0.00031341
14.903	14.9	20.005	20.005	1.3393	1.3397	0.20918	0.2093	-0.00080461	0.00021417
14.906	14.903	20.004	20.005	1.339	1.3393	0.20907	0.20918	-0.00083655	0.00031447
14.908	14.906	20.004	20.004	1.3387	1.339	0.20896	0.20907	-0.00087101	0.00021498
14.911	14.908	20.004	20.004	1.3383	1.3387	0.20885	0.20896	-0.00090593	0.00021545
14.913	14.911	20.004	20.004	1.338	1.3383	0.20875	0.20885	-0.00084459	0.00031588
14.915	14.913	20.004	20.004	1.3377	1.338	0.20865	0.20875	-0.00088325	0.00021626
14.917	14.915	20.004	20.004	1.3375	1.3377	0.20855	0.20865	-0.00082543	0.00031682
14.92	14.917	20.004	20.004	1.3372	1.3375	0.20846	0.20855	-0.00086772	0.00021695
14.922	14.92	20.004	20.004	1.3369	1.3372	0.20837	0.20846	-0.00081206	0.00031726
14.924	14.922	20.004	20.004	1.3366	1.3369	0.20828	0.20837	-0.0008565	0.00021714
14.926	14.924	20.004	20.004	1.3364	1.3366	0.20819	0.20828	-0.00090301	0.00031735
14.928	14.926	20.004	20.004	1.3361	1.3364	0.20811	0.20819	-0.00085191	0.0002177
14.93	14.928	20.004	20.004	1.3359	1.3361	0.20802	0.20811	-0.00080191	0.00031787
14.931	14.93	20.004	20.004	1.3356	1.3359	0.20794	0.20802	-0.00085216	0.0002177
14.933	14.931	20.004	20.004	1.3354	1.3356	0.20787	0.20794	-0.00090446	0.00031755
14.935	14.933	20.004	20.004	1.3352	1.3354	0.20779	0.20787	-0.00085915	0.00021784
14.937	14.935	20.004	20.004	1.335	1.3352	0.20772	0.20779	-0.00081348	0.00031796
14.938	14.937	20.004	20.004	1.3347	1.335	0.20765	0.20772	-0.00086951	0.00021758
14.94	14.938	20.003	20.004	1.3345	1.3347	0.20758	0.20765	-0.00082613	0.00021753
14.942	14.94	20.003	20.003	1.3343	1.3345	0.20751	0.20758	-0.00088421	0.00031702
14.943	14.942	20.003	20.003	1.3341	1.3343	0.20745	0.20751	-0.0008447	0.0002171
14.945	14.943	20.003	20.003	1.3339	1.3341	0.20738	0.20745	-0.00080482	0.00031687
14.946	14.945	20.003	20.003	1.3337	1.3339	0.20732	0.20738	-0.00086517	0.00021643
14.947	14.946	20.003	20.003	1.3336	1.3337	0.20726	0.20732	-0.00082759	0.00031632
14.949	14.947	20.003	20.003	1.3334	1.3336	0.20721	0.20726	-0.00089158	0.00021593
14.95	14.949	20.003	20.003	1.3332	1.3334	0.20715	0.20721	-0.00085615	0.00031586
14.951	14.95	20.003	20.003	1.333	1.3332	0.20709	0.20715	-0.0008223	0.00021566
14.953	14.951	20.003	20.003	1.3329	1.333	0.20704	0.20709	-0.00088821	0.00031522
14.954	14.953	20.003	20.003	1.3327	1.3329	0.20699	0.20704	-0.00085518	0.00031514
14.955	14.954	20.003	20.003	1.3325	1.3327	0.20694	0.20699	-0.00082336	0.00021507
14.956	14.955	20.003	20.003	1.3324	1.3325	0.20689	0.20694	-0.00079145	0.00031467
14.958	14.956	20.003	20.003	1.3322	1.3324	0.20684	0.20689	-0.00086123	0.00021393
14.959	14.958	20.003	20.003	1.3321	1.3322	0.2068	0.20684	-0.0008316	0.00031351
14.96	14.959	20.003	20.003	1.3319	1.3321	0.20675	0.2068	-0.00090354	0.0002131
14.961	14.96	20.003	20.003	1.3318	1.3319	0.20671	0.20675	-0.00077459	0.00031302
14.962	14.961	20.003	20.003	1.3317	1.3318	0.20667	0.20671	-0.00084787	0.00021224
14.963	14.962	20.003	20.003	1.3316	1.3317	0.20663	0.20667	-0.0009204	0.00031172
14.964	14.963	20.003	20.003	1.3314	1.3316	0.20659	0.20663	-0.00079532	0.00021177
14.965	14.964	20.003	20.003	1.2564	1.3314	0.28125	0.20659	0.028525	-0.028989
14.995	14.965	19.973	20.003	1.2232	1.2564	0.31382	0.28125	0.028629	-0.028862
15.014	14.995	19.955	19.973	1.1962	1.2232	0.3402	0.31382	0.028747	-0.028865
15.028	15.014	19.942	19.955	1.1764	1.1962	0.35942	0.3402	0.02863	-0.028789
15.038	15.028	19.933	19.942	1.1617	1.1764	0.37362	0.35942	0.028725	-0.028918
15.045	15.038	19.927	19.933	1.1508	1.1617	0.38407	0.37362	0.028749	-0.028776
15.05	15.045	19.923	19.927	1.1427	1.1508	0.39174	0.38407	0.028697	-0.028859
15.053	15.05	19.921	19.923	1.1367	1.1427	0.39736	0.39174	0.028713	-0.028816
15.055	15.053	19.92	19.921	1.1323	1.1367	0.40147	0.39736	0.028808	-0.028758
15.056	15.055	19.92	19.92	1.1291	1.1323	0.40444	0.40147	0.028665	-0.028867
15.056	15.056	19.92	19.92	1.1267	1.1291	0.40659	0.40444	0.028743	-0.028804
15.056	15.056	19.921	19.92	1.125	1.1267	0.40812	0.40659	0.02879	-0.028813
15.056	15.056	19.922	19.921	1.1238	1.125	0.4092	0.40812	0.028738	-0.02883
15.055	15.056	19.923	19.922	1.123	1.1238	0.40995	0.4092	0.028712	-0.028776
15.054	15.055	19.925	19.923	1.1224	1.123	0.41045	0.40995	0.028733	-0.028772
15.053	15.054	19.926	19.925	1.122	1.1224	0.41076	0.41045	0.028714	-0.02883
15.052	15.053	19.928	19.926	1.1217	1.122	0.41095	0.41076	0.028664	-0.028761
15.051	15.052	19.93	19.928	1.1216	1.1217	0.41104	0.41095	0.028792	-0.028871
15.05	15.051	19.931	19.93	1.1215	1.1216	0.41106	0.41104	0.028706	-0.028769
15.049	15.05	19.933	19.931	1.1215	1.1215	0.41103	0.41106	0.028705	-0.028755
15.047	15.049	19.935	19.933	1.1216	1.1215	0.41096	0.41103	0.028699	-0.028833
15.046	15.047	19.936	19.935	1.1216	1.1216	0.41086	0.41096	0.028785	-0.028807
15.045	15.046	19.938	19.936	1.1217	1.1216	0.41075	0.41086	0.028667	-0.028777
15.044	15.045	19.939	19.938	1.1218	1.1217	0.41063	0.41075	0.028744	-0.028844
15.043	15.044	19.941	19.939	1.122	1.1218	0.41049	0.41063	0.028722	-0.028811
15.042	15.043	19.942	19.941	1.1221	1.122	0.41036	0.41049	0.028697	-0.028776
15.041	15.042	19.944	19.942	1.1222	1.1221	0.41021	0.41036	0.028671	-0.028841
15.04	15.041	19.945	19.944	1.1223	1.1222	0.41007	0.41021	0.028745	-0.028706
15.039	15.04	19.947	19.945	1.1225	1.1223	0.40993	0.41007	0.028719	-0.028871
15.037	15.039	19.948	19.947	1.1226	1.1225	0.40979	0.40993	0.028693	-0.028736
15.037	15.037	19.95	19.948	1.1227	1.1226	0.40965	0.40979	0.028767	-0.028802
15.036	15.037	19.951	19.95	1.1229	1.1227	0.40952	0.40965	0.028642	-0.028869
15.035	15.036	19.952	19.951	1.123	1.1229	0.40938	0.40952	0.028716	-0.028736
15.034	15.035	19.953	19.952	1.1231	1.123	0.40925	0.40938	0.028692	-0.028804
15.033	15.034	19.955	19.953	1.1232	1.1231	0.40913	0.40925	0.028768	-0.028773
15.032	15.033	19.956	19.955	1.1233	1.1232	0.409	0.40913	0.028645	-0.028842
15.031	15.032	19.957	19.956	1.1235	1.1233	0.40888	0.409	0.028721	-0.028812
15.03	15.031	19.958	19.957	1.1236	1.1235	0.40876	0.40888	0.0287	-0.028783
15.03	15.03	19.959	19.958	1.1237	1.1236	0.40864	0.40876	0.028677	-0.028755
15.029	15.03	19.96	19.959	1.1238	1.1237	0.40853	0.40864	0.028756	-0.028827
15.028	15.029	19.961	19.96	1.1239	1.1238	0.40842	0.40853	0.028636	-0.0288
15.027	15.028	19.962	19.961	1.124	1.1239	0.40831	0.40842	0.028715	-0.028774
15.027	15.027	19.963	19.962	1.1241	1.124	0.40821	0.40831	0.028694	-0.028748
15.026	15.027	19.964	19.963	1.1242	1.1241	0.4081	0.40821	0.028676	-0.028823
15.025	15.026	19.965	19.964	1.1243	1.1242	0.40801	0.4081	0.028757	-0.028798
15.024	15.025	19.966	19.965	1.1244	1.1243	0.40791	0.40801	0.02864	-0.028775
15.024	15.024	19.967	19.966	1.1244	1.1244	0.40781	0.40791	0.028721	-0.028852
15.023	15.024	19.968	19.967	1.1245	1.1244	0.40772	0.40781	0.028704	-0.028729
15.023	15.023	19.969	19.968	1.1246	1.1245	0.40763	0.40772	0.028687	-0.028807
15.022	15.023	19.969	19.969	1.1247	1.1246	0.40754	0.40763	0.028671	-0.028786
15.021	15.022	19.97	19.969	1.1248	1.1247	0.40746	0.40754	0.028655	-0.028765
15.021	15.021	19.971	19.97	1.1249	1.1248	0.40738	0.40746	0.028739	-0.028844
15.02	15.021	19.972	19.971	1.1249	1.1249	0.4073	0.40738	0.028724	-0.028825
15.02	15.02	19.972	19.972	1.125	1.1249	0.40722	0.4073	0.028609	-0.028706
15.019	15.02	19.973	19.972	1.1251	1.125	0.40714	0.40722	0.028694	-0.028787
15.019	15.019	19.974	19.973	1.1252	1.1251	0.40707	0.40714	0.028681	-0.028869
15.018	15.019	19.974	19.974	1.1252	1.1252	0.40699	0.40707	0.028767	-0.028751
15.018	15.018	19.975	19.974	1.1253	1.1252	0.40692	0.40699	0.028654	-0.028834
15.017	15.018	19.976	19.975	1.1254	1.1253	0.40685	0.40692	0.028642	-0.028717
15.017	15.017	19.977	19.976	1.1254	1.1254	0.40679	0.40685	0.028728	-0.0288
15.016	15.017	19.977	19.977	1.1255	1.1254	0.40672	0.40679	0.028717	-0.028784
15.016	15.016	19.978	19.977	1.1255	1.1255	0.40665	0.40672	0.028605	-0.028769
15.015	15.016	19.978	19.978	1.1256	1.1255	0.40659	0.40665	0.028693	-0.028853
15.015	15.015	19.979	19.978	1.1257	1.1256	0.40653	0.40659	0.028681	-0.028739
15.015	15.015	19.979	19.979	1.1257	1.1257	0.40647	0.40653	0.028669	-0.028824
15.014	15.015	19.98	19.979	1.1258	1.1257	0.40642	0.40647	0.028759	-0.02881
15.014	15.014	19.98	19.98	1.1258	1.1258	0.40636	0.40642	0.02865	-0.028797
15.014	15.014	19.981	19.98	1.1259	1.1258	0.40631	0.40636	0.028638	-0.028784
15.013	15.014	19.981	19.981	1.1259	1.1259	0.40625	0.40631	0.028728	-0.028771
15.013	15.013	19.982	19.981	1.126	1.1259	0.4062	0.40625	0.028621	-0.028758
15.012	15.013	19.982	19.982	1.126	1.126	0.40615	0.4062	0.02871	-0.028845
15.012	15.012	19.983	19.982	1.126	1.126	0.4061	0.40615	0.028701	-0.028734
15.012	15.012	19.983	19.983	1.1261	1.126	0.40605	0.4061	0.028693	-0.028822
15.012	15.012	19.984	19.983	1.1261	1.1261	0.40601	0.40605	0.028684	-0.028811
15.011	15.012	19.984	19.984	1.1262	1.1261	0.40596	0.40601	0.028676	-0.0287
15.011	15.011	19.985	19.984	1.1262	1.1262	0.40592	0.40596	0.028668	-0.028789
15.011	15.011	19.985	19.985	1.1262	1.1262	0.40587	0.40592	0.02866	-0.028878
15.01	15.011	19.985	19.985	1.1263	1.1262	0.40583	0.40587	0.028652	-0.028768
15.01	15.01	19.986	19.985	1.1263	1.1263	0.40579	0.40583	0.028744	-0.028758
15.01	15.01	19.986	19.986	1.1264	1.1263	0.40575	0.40579	0.028637	-0.028748
15.01	15.01	19.986	19.986	1.1264	1.1264	0.40571	0.40575	0.028629	-0.028839
15.009	15.01	19.987	19.986	1.1264	1.1264	0.40567	0.40571	0.028722	-0.028829
15.009	15.009	19.987	19.987	1.1265	1.1264	0.40564	0.40567	0.028715	-0.028721
15.009	15.009	19.988	19.987	1.1265	1.1265	0.4056	0.40564	0.028609	-0.028812
15.009	15.009	19.988	19.988	1.1265	1.1265	0.40557	0.4056	0.028703	-0.028803
15.008	15.009	19.988	19.988	1.1266	1.1265	0.40553	0.40557	0.028696	-0.028795
15.008	15.008	19.988	19.988	1.1266	1.1266	0.4055	0.40553	0.02869	-0.028787
15.008	15.008	19.989	19.988	1.1266	1.1266	0.40547	0.4055	0.028684	-0.028779
15.008	15.008	19.989	19.989	1.1267	1.1266	0.40543	0.40547	0.028578	-0.028772
15.008	15.008	19.989	19.989	1.1267	1.1267	0.4054	0.40543	0.028672	-0.028764
15.007	15.008	19.99	19.989	1.1267	1.1267	0.40537	0.4054	0.028767	-0.028756
15.007	15.007	19.99	19.99	1.1267	1.1267	0.40534	0.40537	0.028662	-0.02885
15.007	15.007	19.99	19.99	1.1268	1.1267	0.40531	0.40534	0.028657	-0.028743
15.007	15.007	19.99	19.99	1.1268	1.1268	0.40529	0.40531	0.028652	-0.028836
15.007	15.007	19.991	19.99	1.1268	1.1268	0.40526	0.40529	0.028647	-0.028729
15.006	15.007	19.991	19.991	1.1268	1.1268	0.40523	0.40526	0.028742	-0.028823
15.006	15.006	19.991	19.991	1.1269	1.1268	0.40521	0.40523	0.028637	-0.028817
15.006	15.006	19.991	19.991	1.1269	1.1269	0.40518	0.40521	0.028633	-0.028711
15.006	15.006	19.992	19.991	1.1269	1.1269	0.40516	0.40518	0.028728	-0.028805
15.006	15.006	19.992	19.992	1.1269	1.1269	0.40514	0.40516	0.028623	-0.028799
15.006	15.006	19.992	19.992	1.1269	1.1269	0.40511	0.40514	0.028719	-0.028793
15.005	15.006	19.992	19.992	1.127	1.1269	0.40509	0.40511	0.028616	-0.028788
15.005	15.005	19.992	19.992	1.127	1.127	0.40507	0.40509	0.028711	-0.028783
15.005	15.005	19.993	19.992	1.127	1.127	0.40505	0.40507	0.028708	-0.028778
15.005	15.005	19.993	19.993	1.127	1.127	0.40503	0.40505	0.028604	-0.028773
15.005	15.005	19.993	19.993	1.127	1.127	0.40501	0.40503	0.0287	-0.028767
15.005	15.005	19.993	19.993	1.1271	1.127	0.40499	0.40501	0.028697	-0.028863
15.005	15.005	19.993	19.993	1.1271	1.1271	0.40497	0.40499	0.028594	-0.028759
15.005	15.005	19.994	19.993	1.1271	1.1271	0.40495	0.40497	0.028689	-0.028754
15.004	15.005	19.994	19.994	1.1271	1.1271	0.40493	0.40495	0.028686	-0.028849
15.004	15.004	19.994	19.994	1.1271	1.1271	0.40491	0.40493	0.028684	-0.028745
15.004	15.004	19.994	19.994	1.1271	1.1271	0.4049	0.40491	0.02868	-0.028741
15.004	15.004	19.994	19.994	1.1272	1.1271	0.40488	0.4049	0.028678	-0.028837
15.004	15.004	19.994	19.994	1.1272	1.1272	0.40486	0.40488	0.028674	-0.028733
15.004	15.004	19.994	19.994	1.1272	1.1272	0.40485	0.40486	0.028672	-0.028829
15.004	15.004	19.995	19.994	1.1272	1.1272	0.40483	0.40485	0.028669	-0.028825
15.004	15.004	19.995	19.995	1.1272	1.1272	0.40482	0.40483	0.028666	-0.028722
15.004	15.004	19.995	19.995	1.1272	1.1272	0.4048	0.40482	0.028663	-0.028818
15.004	15.004	19.995	19.995	1.1272	1.1272	0.40479	0.4048	0.028661	-0.028815
15.003	15.004	19.995	19.995	1.1273	1.1272	0.40477	0.40479	0.028658	-0.028711
15.003	15.003	19.995	19.995	1.1273	1.1273	0.40476	0.40477	0.028655	-0.028808
15.003	15.003	19.995	19.995	1.1273	1.1273	0.40475	0.40476	0.028653	-0.028804
15.003	15.003	19.995	19.995	1.1273	1.1273	0.40473	0.40475	0.028651	-0.028801
15.003	15.003	19.996	19.995	1.1273	1.1273	0.40472	0.40473	0.028748	-0.028798
15.003	15.003	19.996	19.996	1.1273	1.1273	0.40471	0.40472	0.028647	-0.028696
15.003	15.003	19.996	19.996	1.1273	1.1273	0.4047	0.40471	0.028645	-0.028793
15.003	15.003	19.996	19.996	1.1273	1.1273	0.40468	0.4047	0.028643	-0.028789
15.003	15.003	19.996	19.996	1.1273	1.1273	0.40467	0.40468	0.02874	-0.028787
15.003	15.003	19.996	19.996	1.1274	1.1273	0.40466	0.40467	0.028639	-0.028784
15.003	15.003	19.996	19.996	1.1274	1.1274	0.40465	0.40466	0.028637	-0.028782
15.002	15.003	19.996	19.996	1.1274	1.1274	0.40464	0.40465	0.028735	-0.028779
15.002	15.002	19.997	19.996	1.1274	1.1274	0.40463	0.40464	0.028633	-0.028777
15.002	15.002	19.997	19.997	1.1274	1.1274	0.40462	0.40463	0.028631	-0.028874
15.002	15.002	19.997	19.997	1.1274	1.1274	0.40461	0.40462	0.028729	-0.028772
15.002	15.002	19.997	19.997	1.1274	1.1274	0.4046	0.40461	0.028627	-0.02877
15.002	15.002	19.997	19.997	1.1274	1.1274	0.40459	0.4046	0.028625	-0.028767
15.002	15.002	19.997	19.997	1.1274	1.1274	0.40458	0.40459	0.028723	-0.028765
15.002	15.002	19.997	19.997	1.1274	1.1274	0.40457	0.40458	0.028623	-0.028763
15.002	15.002	19.997	19.997	1.1274	1.1274	0.40457	0.40457	0.028721	-0.028861
15.002	15.002	19.997	19.997	1.1275	1.1274	0.40456	0.40457	0.02862	-0.028759
15.002	15.002	19.997	19.997	1.1275	1.1275	0.40455	0.40456	0.028717	-0.028757
15.002	15.002	19.997	19.997	1.1275	1.1275	0.40454	0.40455	0.028617	-0.028855
15.002	15.002	19.997	19.997	1.1275	1.1275	0.40453	0.40454	0.028715	-0.028753
15.002	15.002	19.997	19.997	1.1275	1.1275	0.40453	0.40453	0.028614	-0.028752
15.002	15.002	19.997	19.997	1.1275	1.1275	0.40452	0.40453	0.028711	-0.02875
15.002	15.002	19.998	19.997	1.1275	1.1275	0.40451	0.40452	0.028612	-0.028848
15.002	15.002	19.998	19.998	1.1275	1.1275	0.40451	0.40451	0.028709	-0.028746
15.002	15.002	19.998	19.998	1.1275	1.1275	0.4045	0.40451	0.028709	-0.028845
15.002	15.002	19.998	19.998	1.1275	1.1275	0.40449	0.4045	0.028608	-0.028743
15.002	15.002	19.998	19.998	1.1275	1.1275	0.40448	0.40449	0.028706	-0.028742
15.002	15.002	19.998	19.998	1.2025	1.1275	0.32972	0.40448	-0.00078961	0.00045913
14.972	15.002	20.027	19.998	1.2355	1.2025	0.29714	0.32972	-0.00078027	0.00034083
14.954	14.972	20.045	20.027	1.2623	1.2355	0.27078	0.29714	-0.00086842	0.00034233
14.941	14.954	20.058	20.045	1.282	1.2623	0.25157	0.27078	-0.0008218	0.00025964
14.932	14.941	20.067	20.058	1.2965	1.282	0.23738	0.25157	-0.00088647	0.00028213
14.925	14.932	20.073	20.067	1.3073	1.2965	0.22695	0.23738	-0.00088132	0.00033286
14.921	14.925	20.077	20.073	1.3153	1.3073	0.21928	0.22695	-0.00079975	0.00020914
14.919	14.921	20.079	20.077	1.3211	1.3153	0.21365	0.21928	-0.0008897	0.00025997
14.918	14.919	20.08	20.079	1.3254	1.3211	0.20955	0.21365	-0.00086087	0.00029733
14.918	14.918	20.081	20.08	1.3285	1.3254	0.20655	0.20955	-0.0007938	0.000203
14.918	14.918	20.08	20.081	1.3307	1.3285	0.20439	0.20655	-0.00084893	0.00023672
14.919	14.918	20.079	20.08	1.3323	1.3307	0.20284	0.20439	-0.00087608	0.00024446
14.92	14.919	20.078	20.079	1.3334	1.3323	0.20173	0.20284	-0.00090508	0.0002592
14.921	14.92	20.077	20.078	1.3342	1.3334	0.20096	0.20173	-0.00086183	0.00020576
14.923	14.921	20.076	20.077	1.3347	1.3342	0.20043	0.20096	-0.00086533	0.00030151
14.924	14.923	20.074	20.076	1.335	1.3347	0.20008	0.20043	-0.0008285	0.00026036
14.926	14.924	20.072	20.074	1.3352	1.335	0.19986	0.20008	-0.00086419	0.00019227
14.928	14.926	20.071	20.072	1.3353	1.3352	0.19974	0.19986	-0.00077778	0.00020416
14.93	14.928	20.069	20.071	1.3353	1.3353	0.19969	0.19974	-0.00087585	0.00030139
14.931	14.93	20.067	20.069	1.3352	1.3353	0.19969	0.19969	-0.00086313	0.0001891
14.933	14.931	20.066	20.067	1.3351	1.3352	0.19973	0.19969	-0.00084263	0.00026931
14.935	14.933	20.064	20.066	1.335	1.3351	0.19979	0.19973	-0.00081643	0.00024423
14.936	14.935	20.062	20.064	1.3348	1.335	0.19987	0.19979	-0.00088567	0.00021558
14.938	14.936	20.061	20.062	1.3346	1.3348	0.19997	0.19987	-0.00085275	0.00028473
14.94	14.938	20.059	20.061	1.3345	1.3346	0.20007	0.19997	-0.00081685	0.00025251
14.941	14.94	20.058	20.059	1.3343	1.3345	0.20018	0.20007	-0.00088084	0.00021919
14.943	14.941	20.056	20.058	1.3341	1.3343	0.20029	0.20018	-0.00084563	0.00028572
14.944	14.943	20.055	20.056	1.3339	1.3341	0.2004	0.20029	-0.00090893	0.00025219
14.945	14.944	20.054	20.055	1.3338	1.3339	0.20051	0.2004	-0.00077292	0.00021902
14.947	14.945	20.052	20.054	1.3336	1.3338	0.20063	0.20051	-0.00083597	0.00028549
14.948	14.947	20.051	20.052	1.3334	1.3336	0.20074	0.20063	-0.00090008	0.00025279
14.95	14.948	20.05	20.051	1.3333	1.3334	0.20085	0.20074	-0.00086623	0.00022108
14.951	14.95	20.048	20.05	1.3331	1.3333	0.20096	0.20085	-0.00083224	0.00028958
14.952	14.951	20.047	20.048	1.3329	1.3331	0.20107	0.20096	-0.00079838	0.00015885
14.954	14.952	20.046	20.047	1.3328	1.3329	0.20117	0.20107	-0.00086575	0.00032816
14.955	14.954	20.045	20.046	1.3326	1.3328	0.20127	0.20117	-0.00083282	0.00019891
14.956	14.955	20.044	20.045	1.3324	1.3326	0.20137	0.20127	-0.00090235	0.00026997
14.957	14.956	20.042	20.044	1.3323	1.3324	0.20147	0.20137	-0.00077146	0.00024216
14.958	14.957	20.041	20.042	1.3321	1.3323	0.20157	0.20147	-0.00084099	0.00031449
14.959	14.958	20.04	20.041	1.332	1.3321	0.20166	0.20157	-0.00091304	0.0001878
14.96	14.959	20.039	20.04	1.3319	1.332	0.20175	0.20166	-0.00078555	0.00026207
14.961	14.96	20.038	20.039	1.3317	1.3319	0.20184	0.20175	-0.00085735	0.00023638
14.963	14.961	20.037	20.038	1.3316	1.3317	0.20192	0.20184	-0.00082998	0.00031156
14.963	14.963	20.036	20.037	1.3315	1.3316	0.20201	0.20192	-0.00090407	0.00018757
14.964	14.963	20.035	20.036	1.3314	1.3315	0.20209	0.20201	-0.00077874	0.00026434
14.965	14.964	20.034	20.035	1.3312	1.3314	0.20217	0.20209	-0.00085417	0.00034099
14.966	14.965	20.034	20.034	1.3311	1.3312	0.20225	0.20217	-0.00083055	0.00021899
14.967	14.966	20.033	20.034	1.331	1.3311	0.20232	0.20225	-0.00090657	0.00019724
14.968	14.967	20.032	20.033	1.3309	1.331	0.2024	0.20232	-0.00078352	0.00027613
14.969	14.968	20.031	20.032	1.3308	1.3309	0.20247	0.2024	-0.00086111	0.00025512
14.97	14.969	20.03	20.031	1.3307	1.3308	0.20254	0.20247	-0.00083954	0.00033499
14.97	14.97	20.029	20.03	1.3306	1.3307	0.20261	0.20254	-0.00091942	0.00021569
14.971	14.97	20.029	20.029	1.3305	1.3306	0.20268	0.20261	-0.00079841	0.000297
14.972	14.971	20.028	20.029	1.3304	1.3305	0.20274	0.20268	-0.00087816	0.00017834
14.973	14.972	20.027	20.028	1.3303	1.3304	0.20281	0.20274	-0.00075863	0.00026009
14.973	14.973	20.026	20.027	1.3302	1.3303	0.20287	0.20281	-0.00083986	0.00034186
14.974	14.973	20.026	20.026	1.3301	1.3302	0.20293	0.20287	-0.00092056	0.00022484
14.975	14.974	20.025	20.026	1.33	1.3301	0.20299	0.20293	-0.00080319	0.00030864
14.976	14.975	20.025	20.025	1.3299	1.33	0.20304	0.20299	-0.00088658	0.00019218
14.976	14.976	20.024	20.025	1.3298	1.3299	0.2031	0.20304	-0.00076921	0.00027627
14.977	14.976	20.023	20.024	1.3297	1.3298	0.20315	0.2031	-0.0008526	0.00026039
14.977	14.977	20.023	20.023	1.3297	1.3297	0.20321	0.20315	-0.00083534	0.00024525
14.978	14.977	20.022	20.023	1.3296	1.3297	0.20326	0.20321	-0.00091944	0.00033045
14.979	14.978	20.022	20.022	1.3295	1.3296	0.20331	0.20326	-0.00080592	0.00021669
14.979	14.979	20.021	20.022	1.3294	1.3295	0.20336	0.20331	-0.00078977	0.00030262
14.98	14.979	20.02	20.021	1.3294	1.3294	0.20341	0.20336	-0.00087545	0.00018874
14.98	14.98	20.02	20.02	1.3293	1.3294	0.20345	0.20341	-0.00086172	0.00027546
14.981	14.98	20.019	20.02	1.3292	1.3293	0.2035	0.20345	-0.00084808	0.0002625
14.981	14.981	20.019	20.019	1.3292	1.3292	0.20354	0.2035	-0.00083433	0.00025005
14.982	14.981	20.018	20.019	1.3291	1.3292	0.20359	0.20354	-0.00082058	0.0003376
14.982	14.982	20.018	20.018	1.329	1.3291	0.20363	0.20359	-0.00080842	0.00022576
14.983	14.982	20.017	20.018	1.329	1.329	0.20367	0.20363	-0.00089603	0.00031397
14.983	14.983	20.017	20.017	1.3289	1.329	0.20371	0.20367	-0.00078468	0.000203
14.984	14.983	20.017	20.017	1.3289	1.3289	0.20375	0.20371	-0.00087216	0.00029156
14.984	14.984	20.016	20.017	1.3288	1.3289	0.20379	0.20375	-0.00086082	0.00028088
14.984	14.984	20.016	20.016	1.3288	1.3288	0.20382	0.20379	-0.00084923	0.00027063
14.985	14.984	20.015	20.016	1.3287	1.3288	0.20386	0.20382	-0.00083911	0.00026052
14.985	14.985	20.015	20.015	1.3286	1.3287	0.20389	0.20386	-0.00082752	0.00025057
14.986	14.985	20.015	20.015	1.3286	1.3286	0.20393	0.20389	-0.0008174	0.00024075
14.986	14.986	20.014	20.015	1.3285	1.3286	0.20396	0.20393	-0.00080729	0.00023094
14.986	14.986	20.014	20.014	1.3285	1.3285	0.204	0.20396	-0.00089718	0.00032141
14.987	14.986	20.014	20.014	1.3284	1.3285	0.20403	0.204	-0.00078947	0.00021278
14.987	14.987	20.013	20.014	1.3284	1.3284	0.20406	0.20403	-0.0008791	0.00030384
14.987	14.987	20.013	20.013	1.3284	1.3284	0.20409	0.20406	-0.00086992	0.0002955
14.988	14.987	20.012	20.013	1.3283	1.3284	0.20412	0.20409	-0.00076197	0.00028744
14.988	14.988	20.012	20.012	1.3283	1.3283	0.20415	0.20412	-0.00085319	0.00017911
14.988	14.988	20.012	20.012	1.3282	1.3283	0.20417	0.20415	-0.00084378	0.00027097
14.989	14.988	20.012	20.012	1.3282	1.3282	0.2042	0.20417	-0.00083594	0.00026313
14.989	14.989	20.011	20.012	1.3281	1.3282	0.20423	0.2042	-0.00082798	0.00035566
14.989	14.989	20.011	20.011	1.3281	1.3281	0.20425	0.20423	-0.00092015	0.00024866
14.989	14.989	20.011	20.011	1.3281	1.3281	0.20428	0.20425	-0.00081436	0.00024212
14.99	14.989	20.01	20.011	1.328	1.3281	0.2043	0.20428	-0.00080628	0.00023501
14.99	14.99	20.01	20.01	1.328	1.328	0.20433	0.2043	-0.00089833	0.00032783
14.99	14.99	20.01	20.01	1.328	1.328	0.20435	0.20433	-0.00079277	0.00022169
14.991	14.99	20.01	20.01	1.3279	1.328	0.20437	0.20435	-0.00088605	0.00031509
14.991	14.991	20.009	20.01	1.3279	1.3279	0.20439	0.20437	-0.00077902	0.00020909
14.991	14.991	20.009	20.009	1.3279	1.3279	0.20442	0.20439	-0.0008723	0.00030264
14.991	14.991	20.009	20.009	1.3278	1.3279	0.20444	0.20442	-0.00076675	0.00029679
14.992	14.991	20.009	20.009	1.3278	1.3278	0.20446	0.20444	-0.00086014	0.0001908
14.992	14.992	20.008	20.009	1.3278	1.3278	0.20448	0.20446	-0.00085436	0.00028515
14.992	14.992	20.008	20.008	1.3278	1.3278	0.2045	0.20448	-0.00084868	0.00027965
14.992	14.992	20.008	20.008	1.3277	1.3278	0.20452	0.2045	-0.00084289	0.00027438
14.992	14.992	20.008	20.008	1.3277	1.3277	0.20453	0.20452	-0.00083856	0.00026925
14.993	14.992	20.008	20.008	1.3277	1.3277	0.20455	0.20453	-0.00083277	0.00026427
14.993	14.993	20.007	20.008	1.3277	1.3277	0.20457	0.20455	-0.00082698	0.00025929
14.993	14.993	20.007	20.007	1.3276	1.3277	0.20459	0.20457	-0.00082265	0.00025431
14.993	14.993	20.007	20.007	1.3276	1.3276	0.20461	0.20459	-0.00081686	0.00034948
14.993	14.993	20.007	20.007	1.3276	1.3276	0.20462	0.20461	-0.00091266	0.00024497
14.993	14.993	20.007	20.007	1.3276	1.3276	0.20464	0.20462	-0.00080903	0.00024107
14.994	14.993	20.006	20.007	1.3275	1.3276	0.20465	0.20464	-0.00080311	0.00023645
14.994	14.994	20.006	20.006	1.3275	1.3275	0.20467	0.20465	-0.00089879	0.0003319
14.994	14.994	20.006	20.006	1.3275	1.3275	0.20468	0.20467	-0.0007954	0.00022825
14.994	14.994	20.006	20.006	1.3275	1.3275	0.2047	0.20468	-0.00089084	0.00032399
14.994	14.994	20.006	20.006	1.3275	1.3275	0.20471	0.2047	-0.00078745	0.00022049
14.995	14.994	20.006	20.006	1.3274	1.3275	0.20472	0.20471	-0.00088288	0.00031638
14.995	14.995	20.006	20.006	1.3274	1.3274	0.20474	0.20472	-0.00077949	0.00021287
14.995	14.995	20.005	20.006	1.3274	1.3274	0.20475	0.20474	-0.00087493	0.00030891
14.995	14.995	20.005	20.005	1.3274	1.3274	0.20476	0.20475	-0.00087153	0.00020555
14.995	14.995	20.005	20.005	1.3274	1.3274	0.20478	0.20476	-0.00076779	0.0003023
14.995	14.995	20.005	20.005	1.3274	1.3274	0.20479	0.20478	-0.00086493	0.00029843
14.995	14.995	20.005	20.005	1.3273	1.3274	0.2048	0.20479	-0.00086142	0.00029544
14.995	14.995	20.005	20.005	1.3273	1.3273	0.20481	0.2048	-0.00085779	0.00019266
14.995	14.995	20.005	20.005	1.3273	1.3273	0.20482	0.20481	-0.00075551	0.00028941
14.996	14.995	20.005	20.005	1.3273	1.3273	0.20483	0.20482	-0.00085118	0.00028584
14.996	14.996	20.004	20.005	1.3273	1.3273	0.20484	0.20483	-0.00084915	0.00028314
14.996	14.996	20.004	20.004	1.3273	1.3273	0.20485	0.20484	-0.00084551	0.00028036
14.996	14.996	20.004	20.004	1.3272	1.3273	0.20486	0.20485	-0.00084335	0.00027772
14.996	14.996	20.004	20.004	1.3272	1.3272	0.20487	0.20486	-0.00083972	0.00027508
14.996	14.996	20.004	20.004	1.3272	1.3272	0.20488	0.20487	-0.00083755	0.00027245
14.996	14.996	20.004	20.004	1.3272	1.3272	0.20489	0.20488	-0.00083392	0.00026996
14.996	14.996	20.004	20.004	1.3272	1.3272	0.2049	0.20489	-0.00083176	0.00026732
14.996	14.996	20.004	20.004	1.3272	1.3272	0.20491	0.2049	-0.0008296	0.00026483
14.997	14.996	20.004	20.004	1.3272	1.3272	0.20492	0.20491	-0.00082744	0.00026249
14.997	14.997	20.003	20.004	1.3272	1.3272	0.20492	0.20492	-0.00082381	0.00026
14.997	14.997	20.003	20.003	1.3271	1.3272	0.20493	0.20492	-0.00092165	0.00025765
14.997	14.997	20.003	20.003	1.3271	1.3271	0.20494	0.20493	-0.0008203	0.00025588
14.997	14.997	20.003	20.003	1.3271	1.3271	0.20495	0.20494	-0.00081801	0.0002536
14.997	14.997	20.003	20.003	1.3271	1.3271	0.20496	0.20495	-0.00081585	0.00035125
14.997	14.997	20.003	20.003	1.3271	1.3271	0.20496	0.20496	-0.00081381	0.00024923
14.997	14.997	20.003	20.003	1.3271	1.3271	0.20497	0.20496	-0.00091153	0.00024726
14.997	14.997	20.003	20.003	1.3271	1.3271	0.20498	0.20497	-0.00081019	0.00024562
14.997	14.997	20.003	20.003	1.3271	1.3271	0.20499	0.20498	-0.0008079	0.00034349
14.997	14.997	20.003	20.003	1.3271	1.3271	0.20499	0.20499	-0.00080585	0.00024161
14.998	14.997	20.003	20.003	1.3271	1.3271	0.205	0.20499	-0.00090358	0.00023979
14.998	14.998	20.003	20.003	1.327	1.3271	0.205	0.205	-0.00080223	0.00023816
14.998	14.998	20.003	20.003	1.327	1.327	0.20501	0.205	-0.00089994	0.00033617
14.998	14.998	20.003	20.003	1.327	1.327	0.20502	0.20501	-0.00079871	0.000235
14.998	14.998	20.002	20.003	1.327	1.327	0.20502	0.20502	-0.00079778	0.00033324
14.998	14.998	20.002	20.002	1.327	1.327	0.20503	0.20502	-0.00089574	0.00023151
14.998	14.998	20.002	20.002	1.327	1.327	0.20503	0.20503	-0.00079427	0.00023025
14.998	14.998	20.002	20.002	1.327	1.327	0.1184	0.20503	-0.00083398	0.034334
14.998	14.998	20.036	20.002	1.327	1.327	0.080132	0.1184	-0.00082785	0.03401
14.998	14.998	20.057	20.036	1.327	1.327	0.049017	0.080132	-0.00092467	0.034051
14.998	14.998	20.072	20.057	1.327	1.327	0.026181	0.049017	-0.00082999	0.033998
14.998	14.998	20.083	20.072	1.327	1.327	0.0092209	0.026181	-0.00093186	0.034005
14.998	14.998	20.09	20.083	1.327	1.327	-0.0033265	0.0092209	-0.0008352	0.033932
14.998	14.998	20.094	20.09	1.327	1.327	-0.012586	-0.0033265	-0.00093522	0.033998
14.998	14.998	20.097	20.094	1.327	1.327	-0.019395	-0.012586	-0.00083575	0.033971
14.998	14.998	20.098	20.097	1.3269	1.327	-0.024376	-0.019395	-0.00093625	0.033976
14.998	14.998	20.099	20.098	1.3269	1.3269	-0.027997	-0.024376	-0.00083594	0.033909
14.998	14.998	20.098	20.099	1.3269	1.3269	-0.030605	-0.027997	-0.00093581	0.033937
14.998	14.998	20.097	20.098	1.3269	1.3269	-0.032459	-0.030605	-0.00083509	0.034014
14.998	14.998	20.096	20.097	1.3269	1.3269	-0.033753	-0.032459	-0.00093481	0.033878
14.998	14.998	20.094	20.096	1.3269	1.3269	-0.034632	-0.033753	-0.00093365	0.033959
14.998	14.998	20.092	20.094	1.3269	1.3269	-0.035203	-0.034632	-0.00083254	0.033878
14.999	14.998	20.09	20.092	1.3269	1.3269	-0.035546	-0.035203	-0.00093184	0.03395
14.999	14.999	20.088	20.09	1.3269	1.3269	-0.035721	-0.035546	-0.00083076	0.033989
14.999	14.999	20.086	20.088	1.3269	1.3269	-0.035774	-0.035721	-0.00093012	0.033903
14.999	14.999	20.084	20.086	1.3269	1.3269	-0.035736	-0.035774	-0.00093026	0.0339
14.999	14.999	20.082	20.084	1.3269	1.3269	-0.035634	-0.035736	-0.00082888	0.033983
14.999	14.999	20.08	20.082	1.3269	1.3269	-0.035486	-0.035634	-0.00092823	0.033856
14.999	14.999	20.078	20.08	1.3269	1.3269	-0.035304	-0.035486	-0.00092682	0.033923
14.999	14.999	20.076	20.078	1.3269	1.3269	-0.0351	-0.035304	-0.00082695	0.033985
14.999	14.999	20.074	20.076	1.3269	1.3269	-0.034881	-0.0351	-0.00092478	0.033844
14.999	14.999	20.072	20.074	1.3269	1.3269	-0.034653	-0.034881	-0.00092481	0.033901
14.999	14.999	20.07	20.072	1.3269	1.3269	-0.034419	-0.034653	-0.00092491	0.033957
14.999	14.999	20.069	20.07	1.3269	1.3269	-0.034182	-0.034419	-0.00082354	0.033913
14.999	14.999	20.067	20.069	1.3269	1.3269	-0.033946	-0.034182	-0.00092271	0.033968
14.999	14.999	20.065	20.067	1.3269	1.3269	-0.033711	-0.033946	-0.00092147	0.033824
14.999	14.999	20.063	20.065	1.3269	1.3269	-0.033479	-0.033711	-0.00092134	0.03398
14.999	14.999	20.062	20.063	1.3268	1.3269	-0.03325	-0.033479	-0.00082154	0.033937
14.999	14.999	20.06	20.062	1.3268	1.3268	-0.033026	-0.03325	-0.00091924	0.033894
14.999	14.999	20.058	20.06	1.3268	1.3268	-0.032806	-0.033026	-0.00091935	0.033852
14.999	14.999	20.057	20.058	1.3268	1.3268	-0.03259	-0.032806	-0.00091933	0.033911
14.999	14.999	20.055	20.057	1.3268	1.3268	-0.03238	-0.03259	-0.00081795	0.033971
14.999	14.999	20.054	20.055	1.3268	1.3268	-0.032174	-0.03238	-0.00091724	0.033832
14.999	14.999	20.052	20.054	1.3268	1.3268	-0.031974	-0.032174	-0.00091724	0.033994
14.999	14.999	20.051	20.052	1.3268	1.3268	-0.031778	-0.031974	-0.00091744	0.033857
14.999	14.999	20.05	20.051	1.3268	1.3268	-0.031588	-0.031778	-0.00081584	0.033921
14.999	14.999	20.048	20.05	1.3268	1.3268	-0.031402	-0.031588	-0.00091512	0.033885
14.999	14.999	20.047	20.048	1.3268	1.3268	-0.031221	-0.031402	-0.00091524	0.033951
14.999	14.999	20.046	20.047	1.3268	1.3268	-0.031044	-0.031221	-0.00091533	0.033918
14.999	14.999	20.045	20.046	1.3268	1.3268	-0.030873	-0.031044	-0.00091384	0.033885
14.999	14.999	20.044	20.045	1.3268	1.3268	-0.030705	-0.030873	-0.00091383	0.033853
14.999	14.999	20.042	20.044	1.3268	1.3268	-0.030543	-0.030705	-0.00081381	0.033922
14.999	14.999	20.041	20.042	1.3268	1.3268	-0.030384	-0.030543	-0.00091309	0.033892
14.999	14.999	20.04	20.041	1.3268	1.3268	-0.030229	-0.030384	-0.00091174	0.033962
14.999	14.999	20.039	20.04	1.3268	1.3268	-0.030079	-0.030229	-0.00091184	0.033834
14.999	14.999	20.038	20.039	1.3268	1.3268	-0.029933	-0.030079	-0.00091171	0.033906
14.999	14.999	20.037	20.038	1.3268	1.3268	-0.02979	-0.029933	-0.00091181	0.033879
14.999	14.999	20.036	20.037	1.3268	1.3268	-0.029651	-0.02979	-0.00081032	0.033953
14.999	14.999	20.035	20.036	1.3268	1.3268	-0.029516	-0.029651	-0.00090961	0.033927
14.999	14.999	20.034	20.035	1.3268	1.3268	-0.029385	-0.029516	-0.00090973	0.033902
14.999	14.999	20.033	20.034	1.3268	1.3268	-0.029257	-0.029385	-0.00090972	0.033878
14.999	14.999	20.032	20.033	1.3268	1.3268	-0.029132	-0.029257	-0.00090971	0.033854
14.999	14.999	20.032	20.032	1.3268	1.3268	-0.029011	-0.029132	-0.00090969	0.033931
14.999	14.999	20.031	20.032	1.3268	1.3268	-0.028892	-0.029011	-0.00090832	0.033909
14.999	14.999	20.03	20.031	1.3268	1.3268	-0.028777	-0.028892	-0.00090831	0.033887
14.999	14.999	20.029	20.03	1.3268	1.3268	-0.028665	-0.028777	-0.0008083	0.033866
15	14.999	20.028	20.029	1.3268	1.3268	-0.028556	-0.028665	-0.00090748	0.033944
15	15	20.028	20.028	1.3268	1.3268	-0.02845	-0.028556	-0.00090772	0.033824
15	15	20.027	20.028	1.3268	1.3268	-0.028347	-0.02845	-0.00090759	0.033905
15	15	20.026	20.027	1.3268	1.3268	-0.028246	-0.028347	-0.00090622	0.033886
15	15	20.025	20.026	1.3268	1.3268	-0.028148	-0.028246	-0.00090621	0.033967
15	15	20.025	20.025	1.3268	1.3268	-0.028053	-0.028148	-0.00090631	0.033849
15	15	20.024	20.025	1.3268	1.3268	-0.02796	-0.028053	-0.00090619	0.033932
15	15	20.023	20.024	1.3268	1.3268	-0.027869	-0.02796	-0.0009063	0.033914
15	15	20.023	20.023	1.3268	1.3268	-0.027781	-0.027869	-0.00080629	0.033798
15	15	20.022	20.023	1.3268	1.3268	-0.027696	-0.027781	-0.00090536	0.033981
15	15	20.022	20.022	1.3268	1.3268	-0.027612	-0.027696	-0.0009057	0.033865
15	15	20.021	20.022	1.3268	1.3268	-0.027531	-0.027612	-0.00090411	0.03385
15	15	20.02	20.021	1.3268	1.3268	-0.027452	-0.027531	-0.0009041	0.033935
15	15	20.02	20.02	1.3268	1.3268	-0.027375	-0.027452	-0.00090421	0.03392
15	15	20.02	20.02	1.3268	1.3268	-0.0273	-0.027375	-0.0009042	0.033806
15	15	20.019	20.02	1.3268	1.3268	-0.027227	-0.0273	-0.00090408	0.033892
15	15	20.018	20.019	1.3268	1.3268	-0.027156	-0.027227	-0.00090419	0.033978
15	15	20.018	20.018	1.3268	1.3268	-0.027087	-0.027156	-0.0009043	0.033866
15	15	20.017	20.018	1.3268	1.3268	-0.02702	-0.027087	-0.00090418	0.033853
15	15	20.017	20.017	1.3268	1.3268	-0.026954	-0.02702	-0.00090416	0.03394
15	15	20.017	20.017	1.3268	1.3268	-0.02689	-0.026954	-0.0009028	0.033828
15	15	20.016	20.017	1.3268	1.3268	-0.026828	-0.02689	-0.00080268	0.033917
15	15	20.016	20.016	1.3268	1.3268	-0.026768	-0.026828	-0.00090198	0.033904
15	15	20.015	20.016	1.3268	1.3268	-0.026709	-0.026768	-0.0009021	0.033893
15	15	20.015	20.015	1.3268	1.3268	-0.026652	-0.026709	-0.0009021	0.033883
15	15	20.015	20.015	1.3268	1.3268	-0.026596	-0.026652	-0.00090209	0.033872
15	15	20.014	20.015	1.3268	1.3268	-0.026541	-0.026596	-0.00090209	0.033862
15	15	20.014	20.014	1.3268	1.3268	-0.026489	-0.026541	-0.00090208	0.033951
15	15	20.013	20.014	1.3268	1.3268	-0.026437	-0.026489	-0.00090219	0.033842
15	15	20.013	20.013	1.3268	1.3268	-0.026387	-0.026437	-0.00090207	0.033932
15	15	20.013	20.013	1.3268	1.3268	-0.026338	-0.026387	-0.00090218	0.033823
15	15	20.012	20.013	1.3268	1.3268	-0.026291	-0.026338	-0.00090207	0.033914
15	15	20.012	20.012	1.3267	1.3268	-0.026245	-0.026291	-0.00090217	0.033905
15	15	20.012	20.012	1.3267	1.3267	-0.026199	-0.026245	-0.00090069	0.033897
15	15	20.011	20.012	1.3267	1.3267	-0.026156	-0.026199	-0.00090069	0.033889
15	15	20.011	20.011	1.3267	1.3267	-0.026113	-0.026156	-0.00090068	0.033881
15	15	20.011	20.011	1.3267	1.3267	-0.026071	-0.026113	-0.00090068	0.033873
15	15	20.011	20.011	1.3267	1.3267	-0.026031	-0.026071	-0.00090068	0.033865
15	15	20.01	20.011	1.3267	1.3267	-0.025992	-0.026031	-0.00090067	0.033957
15	15	20.01	20.01	1.3267	1.3267	-0.025953	-0.025992	-0.00090078	0.03385
15	15	20.01	20.01	1.3267	1.3267	-0.025916	-0.025953	-0.00080067	0.033843
15	15	20.009	20.01	1.3267	1.3267	-0.025879	-0.025916	-0.00089985	0.033936
15	15	20.009	20.009	1.3267	1.3267	-0.025844	-0.025879	-0.0009001	0.033829
15	15	20.009	20.009	1.3267	1.3267	-0.02581	-0.025844	-0.00089998	0.033922
15	15	20.009	20.009	1.3267	1.3267	-0.025776	-0.02581	-0.00090009	0.033916
15	15	20.009	20.009	1.3267	1.3267	-0.025743	-0.025776	-0.00090009	0.03391
15	15	20.008	20.009	1.3267	1.3267	-0.025712	-0.025743	-0.00090008	0.033804
15	15	20.008	20.008	1.3267	1.3267	-0.025681	-0.025712	-0.00089997	0.033898
15	15	20.008	20.008	1.3267	1.3267	-0.025651	-0.025681	-0.00090008	0.033892
15	15	20.008	20.008	1.3267	1.3267	-0.025621	-0.025651	-0.00090008	0.033887
15	15	20.007	20.008	1.3267	1.3267	-0.025593	-0.025621	-0.00090007	0.033881
15	15	20.007	20.007	1.3267	1.3267	-0.025565	-0.025593	-0.00090006	0.033876
15	15	20.007	20.007	1.3267	1.3267	-0.025538	-0.025565	-0.00089859	0.033871
15	15	20.007	20.007	1.3267	1.3267	-0.025512	-0.025538	-0.00089859	0.033966
15	15	20.007	20.007	1.3267	1.3267	-0.025486	-0.025512	-0.0008987	0.033861
15	15	20.006	20.007	1.3267	1.3267	-0.025461	-0.025486	-0.00089858	0.033857
15	15	20.006	20.006	1.3267	1.3267	-0.025437	-0.025461	-0.00089858	0.033852
15	15	20.006	20.006	1.3267	1.3267	-0.025413	-0.025437	-0.00089858	0.033947
15	15	20.006	20.006	1.3267	1.3267	-0.02539	-0.025413	-0.00089869	0.033843
15	15	20.006	20.006	1.3267	1.3267	-0.025368	-0.02539	-0.00089857	0.033939
15	15	20.006	20.006	1.3267	1.3267	-0.025346	-0.025368	-0.00089868	0.033835
15	15	20.006	20.006	1.3267	1.3267	-0.025324	-0.025346	-0.00089857	0.03393
15	15	20.005	20.006	1.3267	1.3267	-0.025304	-0.025324	-0.00089868	0.033827
15	15	20.005	20.005	1.3267	1.3267	-0.025284	-0.025304	-0.00089856	0.033923
15	15	20.005	20.005	1.3267	1.3267	-0.025264	-0.025284	-0.00089868	0.033919
15	15	20.005	20.005	1.3267	1.3267	-0.025245	-0.025264	-0.00089867	0.033816
15	15	20.005	20.005	1.3267	1.3267	-0.025226	-0.025245	-0.00089856	0.033912
15	15	20.005	20.005	1.3267	1.3267	-0.025208	-0.025226	-0.00089867	0.033908
15	15	20.005	20.005	1.3267	1.3267	-0.025191	-0.025208	-0.00089867	0.033905
15	15	20.005	20.005	1.3267	1.3267	-0.025173	-0.025191	-0.00089867	0.033802
15	15	20.004	20.005	1.3267	1.3267	-0.025157	-0.025173	-0.00089855	0.033899
15	15	20.004	20.004	1.3267	1.3267	-0.02514	-0.025157	-0.00089867	0.033895
15	15	20.004	20.004	1.3267	1.3267	-0.025125	-0.02514	-0.00089866	0.033893
15	15	20.004	20.004	1.3267	1.3267	-0.025109	-0.025125	-0.00089866	0.03389
15	15	20.004	20.004	1.3267	1.3267	-0.025094	-0.025109	-0.00089866	0.033887
15	15	20.004	20.004	1.3267	1.3267	-0.02508	-0.025094	-0.00089866	0.033884
15	15	20.004	20.004	1.3267	1.3267	-0.025065	-0.02508	-0.00089866	0.033881
15	15	20.004	20.004	1.3267	1.3267	-0.025052	-0.025065	-0.00089866	0.033879
15	15	20.003	20.004	1.3267	1.3267	-0.025038	-0.025052	-0.00089866	0.033876
15	15	20.003	20.003	1.3267	1.3267	-0.025025	-0.025038	-0.00089866	0.033874
15	15	20.003	20.003	1.3267	1.3267	-0.025012	-0.025025	-0.00089865	0.033871
15	15	20.003	20.003	1.3267	1.3267	-0.025	-0.025012	-0.00079865	0.033869
15	15	20.003	20.003	1.3267	1.3267	-0.024988	-0.025	-0.00089784	0.033966
15	15	20.003	20.003	1.3267	1.3267	-0.024976	-0.024988	-0.00089809	0.033864
15	15	20.003	20.003	1.3267	1.3267	-0.024964	-0.024976	-0.00089797	0.033862
15	15	20.003	20.003	1.3267	1.3267	-0.024953	-0.024964	-0.00089797	0.03386
15	15	20.003	20.003	1.3267	1.3267	-0.024942	-0.024953	-0.00089797	0.033957
15	15	20.003	20.003	1.3267	1.3267	-0.024932	-0.024942	-0.00089808	0.033856
15	15	20.003	20.003	1.3267	1.3267	-0.024921	-0.024932	-0.00089797	0.033854
15	15	20.003	20.003	1.3267	1.3267	-0.024911	-0.024921	-0.00089797	0.033852
15	15	20.003	20.003	1.3267	1.3267	-0.024902	-0.024911	-0.00089797	0.03395
15	15	20.003	20.003	1.3267	1.3267	0.061715	-0.024902	-0.00095616	-0.00015875
15	15	19.968	20.003	1.3267	1.3267	0.099917	0.061715	-0.00086293	0.00016695
15	15	19.947	19.968	1.3267	1.3267	0.13097	0.099917	-0.00086376	0.00013568
15	15	19.932	19.947	1.3267	1.3267	0.15374	0.13097	-0.00085554	0.00019831
15	15	19.922	19.932	1.3267	1.3267	0.17064	0.15374	-0.0008513	0.00029938
15	15	19.914	19.922	1.3267	1.3267	0.18314	0.17064	-0.00084809	0.00018031
15	15	19.91	19.914	1.3267	1.3267	0.19237	0.18314	-0.00084548	0.00032093
15	15	19.907	19.91	1.3267	1.3267	0.19915	0.19237	-0.00084378	0.00025278
15	15	19.906	19.907	1.3267	1.3267	0.20411	0.19915	-0.00084229	0.00025018
15	15	19.905	19.906	1.3267	1.3267	0.20773	0.20411	-0.00084124	0.00031976
15	15	19.906	19.905	1.3267	1.3267	0.21033	0.20773	-0.00084051	0.00029188
15	15	19.907	19.906	1.3267	1.3267	0.21219	0.21033	-0.00083988	0.00031471
15	15	19.908	19.907	1.3267	1.3267	0.21349	0.21219	-0.00083944	0.00034934
15	15	19.909	19.908	1.3267	1.3267	0.21438	0.21349	-0.00083912	0.000267
15	15	19.911	19.909	1.3267	1.3267	0.21496	0.21438	-0.00083875	0.00024593
15	15	19.913	19.911	1.3267	1.3267	0.21532	0.21496	-0.00083851	0.00037015
15	15	19.915	19.913	1.3267	1.3267	0.21552	0.21532	-0.00083849	0.00022813
15	15	19.917	19.915	1.3267	1.3267	0.21559	0.21552	-0.00083819	0.0003104
15	15	19.919	19.917	1.3267	1.3267	0.21557	0.21559	-0.00083817	0.00031073
15	15	19.921	19.919	1.3267	1.3267	0.21549	0.21557	-0.00083808	0.00032416
15	15	19.923	19.921	1.3267	1.3267	0.21536	0.21549	-0.00083802	0.0002471
15	15	19.925	19.923	1.3267	1.3267	0.2152	0.21536	-0.00083787	0.0003766
15	15	19.927	19.925	1.3267	1.3267	0.21502	0.2152	-0.00083796	0.00031086
15	15	19.929	19.927	1.3267	1.3267	0.21482	0.21502	-0.00083784	0.00024825
15	15	19.93	19.929	1.3267	1.3267	0.21461	0.21482	-0.00083772	0.00028743
15	15	19.932	19.93	1.3267	1.3267	0.2144	0.21461	-0.00083773	0.0003277
15	15	19.934	19.932	1.3267	1.3267	0.21418	0.2144	-0.00083773	0.00026885
15	15	19.936	19.934	1.3267	1.3267	0.21396	0.21418	-0.00083763	0.00031011
15	15	19.937	19.936	1.3267	1.3267	0.21374	0.21396	-0.00083765	0.00025129
15	15	19.939	19.937	1.3267	1.3267	0.21353	0.21374	-0.00083755	0.00029187
15	15	19.941	19.939	1.3267	1.3267	0.21332	0.21353	-0.00083757	0.00033192
15	15	19.942	19.941	1.3267	1.3267	0.21311	0.21332	-0.00083758	0.00027153
15	15	19.944	19.942	1.3267	1.3267	0.21291	0.21311	-0.00083749	0.00031023
15	15	19.945	19.944	1.3267	1.3267	0.21271	0.21291	-0.00083751	0.00024813
15	15	19.947	19.945	1.3267	1.3267	0.21252	0.21271	-0.00083741	0.00028512
15	15	19.948	19.947	1.3267	1.3267	0.21233	0.21252	-0.00083743	0.00032114
15	15	19.949	19.948	1.3267	1.3267	0.21214	0.21233	-0.00083745	0.00025659
15	15	19.951	19.949	1.3267	1.3267	0.21196	0.21214	-0.00083735	0.00029113
15	15	19.952	19.951	1.3267	1.3267	0.21178	0.21196	-0.00083737	0.00032471
15	15	19.953	19.952	1.3267	1.3267	0.21161	0.21178	-0.00083738	0.00025756
15	15	19.954	19.953	1.3267	1.3267	0.21144	0.21161	-0.00083729	0.0002895
15	15	19.956	19.954	1.3267	1.3267	0.21128	0.21144	-0.0008373	0.00032049
15	15	19.957	19.956	1.3267	1.3267	0.21112	0.21128	-0.00083732	0.00025089
15	15	19.958	19.957	1.3267	1.3267	0.21097	0.21112	-0.00083722	0.00028039
15	15	19.959	19.958	1.3267	1.3267	0.21082	0.21097	-0.00083724	0.00030907
15	15	19.96	19.959	1.3267	1.3267	0.21067	0.21082	-0.00083725	0.00033717
15	15	19.961	19.96	1.3267	1.3267	0.21053	0.21067	-0.00083726	0.00026453
15	15	19.962	19.961	1.3267	1.3267	0.21039	0.21053	-0.00083716	0.00029114
15	15	19.963	19.962	1.3267	1.3267	0.21025	0.21039	-0.00083718	0.00031708
15	15	19.964	19.963	1.3267	1.3267	0.21012	0.21025	-0.00083719	0.00024229
15	15	19.965	19.964	1.3267	1.3267	0.20999	0.21012	-0.00083709	0.00026675
15	15	19.966	19.965	1.3267	1.3267	0.20987	0.20999	-0.0008371	0.00029053
15	15	19.967	19.966	1.3267	1.3267	0.20974	0.20987	-0.00083712	0.00031373
15	15	19.968	19.967	1.3267	1.3267	0.20963	0.20974	-0.00083713	0.0002365
15	15	19.969	19.968	1.3267	1.3267	0.20951	0.20963	-0.00083702	0.00025835
15	15	19.97	19.969	1.3267	1.3267	0.2094	0.20951	-0.00083704	0.00037969
15	15	19.97	19.97	1.3267	1.3267	0.20929	0.2094	-0.00083716	0.00020077
15	15	19.971	19.97	1.3267	1.3267	0.20918	0.20929	-0.00083694	0.00032113
15	15	19.972	19.971	1.3267	1.3267	0.20908	0.20918	-0.00083707	0.00024078
15	15	19.973	19.972	1.3267	1.3267	0.20898	0.20908	-0.00083696	0.00036004
15	15	19.973	19.973	1.3267	1.3267	0.20888	0.20898	-0.00083709	0.00027896
15	15	19.974	19.973	1.3267	1.3267	0.20878	0.20888	-0.00083698	0.00019749
15	15	19.975	19.974	1.3267	1.3267	0.20869	0.20878	-0.00083688	0.00031489
15	15	19.975	19.975	1.3267	1.3267	0.2086	0.20869	-0.000837	0.00033224
15	15	19.976	19.975	1.3267	1.3267	0.20851	0.2086	-0.00083701	0.00024923
15	15	19.977	19.976	1.3267	1.3267	0.20842	0.20851	-0.00083691	0.00026575
15	15	19.977	19.977	1.3267	1.3267	0.20834	0.20842	-0.00083691	0.00028161
15	15	19.978	19.977	1.3267	1.3267	0.20826	0.20834	-0.00083692	0.00029717
15	15	19.979	19.978	1.3267	1.3267	0.20818	0.20826	-0.00083693	0.0003123
15	15	19.979	19.979	1.3267	1.3267	0.2081	0.20818	-0.00083694	0.00022728
15	15	19.98	19.979	1.3267	1.3267	0.20803	0.2081	-0.00083683	0.0002415
15	15	19.98	19.98	1.3267	1.3267	0.20795	0.20803	-0.00083684	0.00035534
15	15	19.981	19.98	1.3267	1.3267	0.20788	0.20795	-0.00083696	0.00026907
15	15	19.981	19.981	1.3267	1.3267	0.20781	0.20788	-0.00083685	0.00028241
15	15	19.982	19.981	1.3267	1.3267	0.20774	0.20781	-0.00083686	0.00029538
15	15	19.982	19.982	1.3267	1.3267	0.20768	0.20774	-0.00083687	0.00020806
15	15	19.983	19.982	1.3267	1.3267	0.20761	0.20768	-0.00083676	0.00032013
15	15	19.983	19.983	1.3267	1.3267	0.20755	0.20761	-0.00083688	0.00023199
15	15	19.983	19.983	1.3267	1.3267	0.20749	0.20755	-0.00083677	0.00034347
15	15	19.984	19.983	1.3267	1.3267	0.20743	0.20749	-0.00083689	0.0002549
15	15	19.984	19.984	1.3267	1.3267	0.20737	0.20743	-0.00083678	0.00026594
15	15	19.985	19.984	1.3267	1.3267	0.20732	0.20737	-0.00083679	0.00027661
15	15	19.985	19.985	1.3267	1.3267	0.20726	0.20732	-0.0008368	0.00028698
15	15	19.986	19.985	1.3267	1.3267	0.20721	0.20726	-0.0008368	0.00029721
15	15	19.986	19.986	1.3267	1.3267	0.20716	0.20721	-0.00083681	0.00020715
15	15	19.986	19.986	1.3267	1.3267	0.20711	0.20716	-0.0008367	0.00031662
15	15	19.987	19.986	1.3267	1.3267	0.20706	0.20711	-0.00083682	0.00032589
15	15	19.987	19.987	1.3267	1.3267	0.20701	0.20706	-0.00083682	0.00023524
15	15	19.987	19.987	1.3267	1.3267	0.20696	0.20701	-0.00083671	0.00024413
15	15	19.988	19.987	1.3267	1.3267	0.20692	0.20696	-0.00083672	0.00025264
15	15	19.988	19.988	1.3267	1.3267	0.20688	0.20692	-0.00083672	0.00036086
15	15	19.988	19.988	1.3267	1.3267	0.20683	0.20688	-0.00083684	0.00026926
15	15	19.989	19.988	1.3267	1.3267	0.20679	0.20683	-0.00083673	0.00027741
15	15	19.989	19.989	1.3267	1.3267	0.20675	0.20679	-0.00083673	0.00028519
15	15	19.989	19.989	1.3267	1.3267	0.20671	0.20675	-0.00083674	0.00019283
15	15	19.989	19.989	1.3267	1.3267	0.20667	0.20671	-0.00083663	0.0003
15	15	19.99	19.989	1.3267	1.3267	0.20663	0.20667	-0.00083675	0.00030697
15	15	19.99	19.99	1.3267	1.3267	0.2066	0.20663	-0.00083675	0.00021416
15	15	19.99	19.99	1.3267	1.3267	0.20656	0.2066	-0.00083664	0.00032075
15	15	19.991	19.99	1.3267	1.3267	0.20653	0.20656	-0.00083676	0.00032743
15	15	19.991	19.991	1.3267	1.3267	0.20649	0.20653	-0.00083676	0.00023418
15	15	19.991	19.991	1.3267	1.3267	0.20646	0.20649	-0.00083665	0.00024047
15	15	19.991	19.991	1.3267	1.3267	0.20643	0.20646	-0.00083665	0.00034625
15	15	19.992	19.991	1.3267	1.3267	0.2064	0.20643	-0.00083677	0.00025249
15	15	19.992	19.992	1.3267	1.3267	0.20637	0.2064	-0.00083666	0.00025834
15	15	19.992	19.992	1.3267	1.3267	0.20634	0.20637	-0.00083666	0.00026382
15	15	19.992	19.992	1.3267	1.3267	0.20631	0.20634	-0.00083667	0.0002693
15	15	19.992	19.992	1.3267	1.3267	0.20628	0.20631	-0.00083667	0.00027449
15	15	19.993	19.992	1.3267	1.3267	0.20625	0.20628	-0.00083667	0.00027968
15	15	19.993	19.993	1.3267	1.3267	0.20623	0.20625	-0.00083667	0.00028486
15	15	19.993	19.993	1.3267	1.3267	0.2062	0.20623	-0.00083668	0.00028976
15	15	19.993	19.993	1.3267	1.3267	0.20617	0.2062	-0.00083668	0.00029465
15	15	19.993	19.993	1.3267	1.3267	0.20615	0.20617	-0.00083668	0.0001994
15	15	19.994	19.993	1.3267	1.3267	0.20613	0.20615	-0.00083657	0.00030383
15	15	19.994	19.994	1.3267	1.3267	0.2061	0.20613	-0.00083669	0.00030821
15	15	19.994	19.994	1.3267	1.3267	0.20608	0.2061	-0.00083669	0.00021266
15	15	19.994	19.994	1.3267	1.3267	0.20606	0.20608	-0.00083658	0.0003168
15	15	19.994	19.994	1.3267	1.3267	0.20604	0.20606	-0.00083669	0.00022088
15	15	19.994	19.994	1.3267	1.3267	0.20602	0.20604	-0.00083658	0.00032473
15	15	19.994	19.994	1.3267	1.3267	0.206	0.20602	-0.0008367	0.00022867
15	15	19.995	19.994	1.3267	1.3267	0.20598	0.206	-0.00083659	0.00033236
15	15	19.995	19.995	1.3267	1.3267	0.20596	0.20598	-0.0008367	0.00023615
15	15	19.995	19.995	1.3267	1.3267	0.20594	0.20596	-0.00083659	0.00033985
15	15	19.995	19.995	1.3267	1.3267	0.20592	0.20594	-0.0008367	0.00024335
15	15	19.995	19.995	1.3267	1.3267	0.2059	0.20592	-0.00083659	0.0002469
15	15	19.995	19.995	1.3267	1.3267	0.20588	0.2059	-0.00083659	0.00024993
15	15	19.995	19.995	1.3267	1.3267	0.20587	0.20588	-0.0008366	0.00035311
15	15	19.996	19.995	1.3267	1.3267	0.20585	0.20587	-0.00083671	0.00025647
15	15	19.996	19.996	1.3267	1.3267	0.20583	0.20585	-0.0008366	0.00025958
15	15	19.996	19.996	1.3267	1.3267	0.20582	0.20583	-0.0008366	0.00026246
15	15	19.996	19.996	1.3267	1.3267	0.2058	0.20582	-0.0008366	0.00026535
15	15	19.996	19.996	1.3267	1.3267	0.20579	0.2058	-0.0008366	0.00026809
15	15	19.996	19.996	1.3267	1.3267	0.20578	0.20579	-0.00083661	0.00027083
15	15	19.996	19.996	1.3267	1.3267	0.20576	0.20578	-0.00083661	0.00027342
15	15	19.996	19.996	1.3267	1.3267	0.20575	0.20576	-0.00083661	0.00027602
15	15	19.996	19.996	1.3267	1.3267	0.20573	0.20575	-0.00083661	0.00027861
15	15	19.997	19.996	1.3267	1.3267	0.20572	0.20573	-0.00083661	0.00028106
15	15	19.997	19.997	1.3267	1.3267	0.20571	0.20572	-0.00083661	0.00028351
15	15	19.997	19.997	1.3267	1.3267	0.2057	0.20571	-0.00083661	0.00028581
15	15	19.997	19.997	1.3267	1.3267	0.20569	0.2057	-0.00083662	0.00028826
15	15	19.997	19.997	1.3267	1.3267	0.20567	0.20569	-0.00083662	0.00019041
15	15	19.997	19.997	1.3267	1.3267	0.20566	0.20567	-0.0008365	0.00029239
15	15	19.997	19.997	1.3267	1.3267	0.20565	0.20566	-0.00083662	0.00029432
15	15	19.997	19.997	1.3267	1.3267	0.20564	0.20565	-0.00083662	0.00029648
15	15	19.997	19.997	1.3267	1.3267	0.20563	0.20564	-0.00083662	0.00029863
15	15	19.997	19.997	1.3267	1.3267	0.20562	0.20563	-0.00083662	0.00020064
15	15	19.997	19.997	1.3267	1.3267	0.20561	0.20562	-0.00083651	0.00030247
15	15	19.997	19.997	1.3267	1.3267	0.2056	0.20561	-0.00083663	0.00030426
15	15	19.997	19.997	1.3267	1.3267	0.20559	0.2056	-0.00083662	0.00020612
15	15	19.997	19.997	1.3267	1.3267	0.20558	0.20559	-0.00083651	0.00030781
15	15	19.998	19.997	1.2517	1.3267	0.19376	0.20558	0.028617	0.0049158
15.029	15	20.002	19.998	1.2186	1.2517	0.1882	0.19376	0.028716	0.0048106
15.048	15.029	20.005	20.002	1.1918	1.2186	0.18358	0.1882	0.028618	0.0049316
15.061	15.048	20.008	20.005	1.172	1.1918	0.18008	0.18358	0.028772	0.0047433
15.07	15.061	20.009	20.008	1.1574	1.172	0.17741	0.18008	0.028645	0.0048103
15.076	15.07	20.011	20.009	1.1466	1.1574	0.17539	0.17741	0.028746	0.0047714
15.08	15.076	20.011	20.011	1.1386	1.1466	0.17387	0.17539	0.02867	0.0048486
15.082	15.08	20.012	20.011	1.1327	1.1386	0.17274	0.17387	0.028764	0.0047611
15.084	15.082	20.012	20.012	1.1284	1.1327	0.1719	0.17274	0.028738	0.0047226
15.084	15.084	20.012	20.012	1.1253	1.1284	0.17129	0.1719	0.028674	0.0048448
15.083	15.084	20.012	20.012	1.123	1.1253	0.17086	0.17129	0.028732	0.0047374
15.083	15.083	20.012	20.012	1.1214	1.123	0.17056	0.17086	0.028658	0.0048064
15.081	15.083	20.012	20.012	1.1203	1.1214	0.17036	0.17056	0.028688	0.0047576
15.08	15.081	20.012	20.012	1.1195	1.1203	0.17024	0.17036	0.028743	0.0047949
15.079	15.08	20.012	20.012	1.119	1.1195	0.17017	0.17024	0.028745	0.0047211
15.077	15.079	20.012	20.012	1.1187	1.119	0.17016	0.17017	0.028608	0.0047393
15.075	15.077	20.011	20.012	1.1186	1.1187	0.17017	0.17016	0.028742	0.0048517
15.073	15.075	20.011	20.011	1.1185	1.1186	0.17021	0.17017	0.028654	0.0047592
15.072	15.073	20.011	20.011	1.1185	1.1185	0.17026	0.17021	0.02875	0.0047634
15.07	15.072	20.01	20.011	1.1186	1.1185	0.17033	0.17026	0.028634	0.0047644
15.068	15.07	20.01	20.01	1.1187	1.1186	0.17041	0.17033	0.028712	0.004764
15.066	15.068	20.01	20.01	1.1189	1.1187	0.1705	0.17041	0.028683	0.0047615
15.065	15.066	20.009	20.01	1.119	1.1189	0.17059	0.1705	0.028649	0.0048582
15.063	15.065	20.009	20.009	1.1192	1.119	0.17068	0.17059	0.028714	0.0047545
15.061	15.063	20.009	20.009	1.1194	1.1192	0.17077	0.17068	0.028676	0.0047499
15.06	15.061	20.009	20.009	1.1196	1.1194	0.17086	0.17077	0.028739	0.0048448
15.058	15.06	20.009	20.009	1.1198	1.1196	0.17096	0.17086	0.028599	0.0047393
15.057	15.058	20.008	20.009	1.12	1.1198	0.17105	0.17096	0.02866	0.0048343
15.055	15.057	20.008	20.008	1.1202	1.12	0.17114	0.17105	0.028722	0.004729
15.054	15.055	20.008	20.008	1.1204	1.1202	0.17123	0.17114	0.028685	0.0048233
15.052	15.054	20.008	20.008	1.1205	1.1204	0.17131	0.17123	0.028645	0.0048178
15.051	15.052	20.007	20.008	1.1207	1.1205	0.1714	0.17131	0.028709	0.0047126
15.05	15.051	20.007	20.007	1.1209	1.1207	0.17148	0.1714	0.028673	0.004807
15.048	15.05	20.007	20.007	1.1211	1.1209	0.17156	0.17148	0.028637	0.0048016
15.047	15.048	20.007	20.007	1.1213	1.1211	0.17164	0.17156	0.028603	0.0047968
15.046	15.047	20.006	20.007	1.1214	1.1213	0.17172	0.17164	0.028668	0.0047922
15.045	15.046	20.006	20.006	1.1216	1.1214	0.1718	0.17172	0.028735	0.0047874
15.043	15.045	20.006	20.006	1.1218	1.1216	0.17187	0.1718	0.028604	0.0047822
15.042	15.043	20.006	20.006	1.1219	1.1218	0.17194	0.17187	0.028672	0.0048779
15.041	15.042	20.006	20.006	1.1221	1.1219	0.17201	0.17194	0.028641	0.0047736
15.04	15.041	20.006	20.006	1.1222	1.1221	0.17208	0.17201	0.028611	0.0047694
15.039	15.04	20.005	20.006	1.1224	1.1222	0.17215	0.17208	0.028681	0.0048654
15.038	15.039	20.005	20.005	1.1225	1.1224	0.17221	0.17215	0.028654	0.0047613
15.037	15.038	20.005	20.005	1.1226	1.1225	0.17227	0.17221	0.028627	0.0047572
15.036	15.037	20.005	20.005	1.1228	1.1226	0.17233	0.17227	0.028699	0.0048533
15.035	15.036	20.005	20.005	1.1229	1.1228	0.17239	0.17233	0.028672	0.0048494
15.034	15.035	20.005	20.005	1.123	1.1229	0.17245	0.17239	0.028647	0.0047459
15.033	15.034	20.004	20.005	1.1232	1.123	0.17251	0.17245	0.028623	0.0048423
15.032	15.033	20.004	20.004	1.1233	1.1232	0.17256	0.17251	0.028598	0.004739
15.031	15.032	20.004	20.004	1.1234	1.1233	0.17261	0.17256	0.028674	0.0048359
15.031	15.031	20.004	20.004	1.1235	1.1234	0.17266	0.17261	0.028652	0.0048325
15.03	15.031	20.004	20.004	1.1236	1.1235	0.17271	0.17266	0.028629	0.0048295
15.029	15.03	20.004	20.004	1.1237	1.1236	0.17276	0.17271	0.028608	0.0048267
15.028	15.029	20.004	20.004	1.1238	1.1237	0.17281	0.17276	0.028686	0.0047241
15.028	15.028	20.003	20.004	1.1239	1.1238	0.17286	0.17281	0.028667	0.0048207
15.027	15.028	20.003	20.003	1.124	1.1239	0.1729	0.17286	0.028545	0.0048177
15.026	15.027	20.003	20.003	1.1241	1.124	0.17294	0.1729	0.028725	0.0048156
15.025	15.026	20.003	20.003	1.1242	1.1241	0.17299	0.17294	0.028608	0.0048126
15.025	15.025	20.003	20.003	1.1243	1.1242	0.17303	0.17299	0.028588	0.0048101
15.024	15.025	20.003	20.003	1.1244	1.1243	0.17307	0.17303	0.02867	0.004808
15.024	15.024	20.003	20.003	1.1245	1.1244	0.17311	0.17307	0.028653	0.0048056
15.023	15.024	20.003	20.003	1.1246	1.1245	0.17314	0.17311	0.028636	0.0049031
15.022	15.023	20.003	20.003	1.1247	1.1246	0.17318	0.17314	0.02862	0.0048011
15.022	15.022	20.003	20.003	1.1247	1.1247	0.17322	0.17318	0.028604	0.0047993
15.021	15.022	20.003	20.003	1.1248	1.1247	0.17325	0.17322	0.028688	0.0047972
15.021	15.021	20.003	20.003	1.1249	1.1248	0.17328	0.17325	0.028573	0.0047948
15.02	15.021	20.002	20.003	1.125	1.1249	0.17332	0.17328	0.028657	0.0048931
15.02	15.02	20.002	20.002	1.1251	1.125	0.17335	0.17332	0.028643	0.0047913
15.019	15.02	20.002	20.002	1.1251	1.1251	0.17338	0.17335	0.028628	0.0047894
15.018	15.019	20.002	20.002	1.1252	1.1251	0.17341	0.17338	0.028614	0.0047875
15.018	15.018	20.002	20.002	1.1253	1.1252	0.17344	0.17341	0.028601	0.0048857
15.018	15.018	20.002	20.002	1.1253	1.1253	0.17347	0.17344	0.028588	0.0047844
15.017	15.018	20.002	20.002	1.1254	1.1253	0.17349	0.17347	0.028675	0.0047831
15.017	15.017	20.002	20.002	1.1254	1.1254	0.17352	0.17349	0.028663	0.004881
15.016	15.017	20.002	20.002	1.1255	1.1254	0.17355	0.17352	0.028551	0.0047794
15.016	15.016	20.002	20.002	1.1256	1.1255	0.17357	0.17355	0.028639	0.0048783
15.015	15.016	20.002	20.002	1.1256	1.1256	0.1736	0.17357	0.028628	0.004777
15.015	15.015	20.002	20.002	1.1257	1.1256	0.17362	0.1736	0.028616	0.0048755
15.014	15.015	20.002	20.002	1.1257	1.1257	0.17364	0.17362	0.028606	0.0047743
15.014	15.014	20.002	20.002	1.1258	1.1257	0.17367	0.17364	0.028694	0.0048732
15.014	15.014	20.002	20.002	1.1258	1.1258	0.17369	0.17367	0.028585	0.0047715
15.013	15.014	20.002	20.002	1.1259	1.1258	0.17371	0.17369	0.028675	0.0048704
15.013	15.013	20.002	20.002	1.1259	1.1259	0.17373	0.17371	0.028565	0.0047689
15.013	15.013	20.001	20.002	1.126	1.1259	0.17375	0.17373	0.028655	0.0048681
15.012	15.013	20.001	20.001	1.126	1.126	0.17377	0.17375	0.028546	0.0047668
15.012	15.012	20.001	20.001	1.1261	1.126	0.17379	0.17377	0.028637	0.0048662
15.012	15.012	20.001	20.001	1.1261	1.1261	0.17381	0.17379	0.028628	0.004765
15.011	15.012	20.001	20.001	1.1261	1.1261	0.17383	0.17381	0.02862	0.0048639
15.011	15.011	20.001	20.001	1.1262	1.1261	0.17384	0.17383	0.028612	0.0048629
15.011	15.011	20.001	20.001	1.1262	1.1262	0.17386	0.17384	0.028604	0.0047622
15.011	15.011	20.001	20.001	1.1263	1.1262	0.17388	0.17386	0.028695	0.0048612
15.01	15.011	20.001	20.001	1.1263	1.1263	0.17389	0.17388	0.028589	0.0048599
15.01	15.01	20.001	20.001	1.1263	1.1263	0.17391	0.17389	0.028581	0.0047593
15.01	15.01	20.001	20.001	1.1264	1.1263	0.17393	0.17391	0.028673	0.0048586
15.009	15.01	20.001	20.001	1.1264	1.1264	0.17394	0.17393	0.028566	0.0048575
15.009	15.009	20.001	20.001	1.1265	1.1264	0.17395	0.17394	0.028659	0.0047571
15.009	15.009	20.001	20.001	1.1265	1.1265	0.17397	0.17395	0.028552	0.004856
15.009	15.009	20.001	20.001	1.1265	1.1265	0.17398	0.17397	0.028645	0.0048556
15.008	15.009	20.001	20.001	1.1265	1.1265	0.174	0.17398	0.02864	0.0047549
15.008	15.008	20.001	20.001	1.1266	1.1265	0.17401	0.174	0.028634	0.0048539
15.008	15.008	20.001	20.001	1.1266	1.1266	0.17402	0.17401	0.028628	0.004853
15.008	15.008	20.001	20.001	1.1266	1.1266	0.17403	0.17402	0.028522	0.0048524
15.008	15.008	20.001	20.001	1.1267	1.1266	0.17405	0.17403	0.028616	0.0047525
15.007	15.008	20.001	20.001	1.1267	1.1267	0.17406	0.17405	0.02861	0.0048517
15.007	15.007	20.001	20.001	1.1267	1.1267	0.17407	0.17406	0.028704	0.0048511
15.007	15.007	20.001	20.001	1.1267	1.1267	0.17408	0.17407	0.028599	0.0048502
15.007	15.007	20.001	20.001	1.1268	1.1267	0.17409	0.17408	0.028595	0.0047498
15.007	15.007	20.001	20.001	1.1268	1.1268	0.1741	0.17409	0.028589	0.0048491
15.007	15.007	20.001	20.001	1.1268	1.1268	0.17411	0.1741	0.028585	0.0048487
15.006	15.007	20.001	20.001	1.1268	1.1268	0.17412	0.17411	0.028679	0.0048485
15.006	15.006	20.001	20.001	1.1269	1.1268	0.17413	0.17412	0.028575	0.0048477
15.006	15.006	20.001	20.001	1.1269	1.1269	0.17414	0.17413	0.028671	0.0047476
15.006	15.006	20	20.001	1.1269	1.1269	0.17415	0.17414	0.028566	0.0048465
15.006	15.006	20	20	1.1269	1.1269	0.17416	0.17415	0.028562	0.0048462
15.005	15.006	20	20	1.127	1.1269	0.17416	0.17416	0.028657	0.0048462
15.005	15.005	20	20	1.127	1.127	0.17417	0.17416	0.028654	0.0048456
15.005	15.005	20	20	1.127	1.127	0.17418	0.17417	0.02855	0.0048451
15.005	15.005	20	20	1.127	1.127	0.17419	0.17418	0.028646	0.0047451
15.005	15.005	20	20	1.127	1.127	0.1742	0.17419	0.028642	0.0048443
15.005	15.005	20	20	1.1271	1.127	0.1742	0.1742	0.028539	0.0048437
15.005	15.005	20	20	1.1271	1.1271	0.17421	0.1742	0.028636	0.0048437
15.005	15.005	20	20	1.1271	1.1271	0.17422	0.17421	0.028632	0.0048434
15.005	15.005	20	20	1.1271	1.1271	0.17422	0.17422	0.028628	0.004843
15.004	15.005	20	20	1.1271	1.1271	0.17423	0.17422	0.028525	0.0048427
15.004	15.004	20	20	1.1271	1.1271	0.17424	0.17423	0.028622	0.0048429
15.004	15.004	20	20	1.1272	1.1271	0.17424	0.17424	0.028618	0.0047427
15.004	15.004	20	20	1.1272	1.1272	0.17425	0.17424	0.028616	0.004842
15.004	15.004	20	20	1.1272	1.1272	0.17425	0.17425	0.028613	0.0048415
15.004	15.004	20	20	1.1272	1.1272	0.17426	0.17425	0.02861	0.0048414
15.004	15.004	20	20	1.1272	1.1272	0.17427	0.17426	0.028607	0.0048412
15.004	15.004	20	20	1.1272	1.1272	0.17427	0.17427	0.028605	0.0048409
15.004	15.004	20	20	1.1272	1.1272	0.17428	0.17427	0.028602	0.0048408
15.003	15.004	20	20	1.1273	1.1272	0.17428	0.17428	0.028599	0.0048407
15.003	15.003	20	20	1.1273	1.1273	0.17429	0.17428	0.028697	0.0048406
15.003	15.003	20	20	1.1273	1.1273	0.17429	0.17429	0.028595	0.0048399
15.003	15.003	20	20	1.1273	1.1273	0.1743	0.17429	0.028593	0.0047398
15.003	15.003	20	20	1.1273	1.1273	0.1743	0.1743	0.02859	0.0048394
15.003	15.003	20	20	1.1273	1.1273	0.17431	0.1743	0.028587	0.0048392
15.003	15.003	20	20	1.1273	1.1273	0.17431	0.17431	0.028585	0.0048391
15.003	15.003	20	20	1.1273	1.1273	0.17431	0.17431	0.028683	0.0048391
15.003	15.003	20	20	1.1273	1.1273	0.17432	0.17431	0.028582	0.0048386
15.003	15.003	20	20	1.1274	1.1273	0.17432	0.17432	0.028579	0.0048386
15.003	15.003	20	20	1.1274	1.1274	0.17433	0.17432	0.028677	0.0048386
15.003	15.003	20	20	1.1274	1.1274	0.17433	0.17433	0.028576	0.0048381
15.002	15.003	20	20	1.1274	1.1274	0.17433	0.17433	0.028573	0.0048381
15.002	15.002	20	20	1.1274	1.1274	0.17434	0.17433	0.028671	0.0048383
15.002	15.002	20	20	1.1274	1.1274	0.17434	0.17434	0.02857	0.0048377
15.002	15.002	20	20	1.1274	1.1274	0.17434	0.17434	0.028568	0.0048379
15.002	15.002	20	20	1.1274	1.1274	0.17435	0.17434	0.028667	0.0048379
15.002	15.002	20	20	1.1274	1.1274	0.17435	0.17435	0.028566	0.0048375
15.002	15.002	20	20	1.2024	1.1274	0.1862	0.17435	-0.00079051	0.00013051
14.973	15.002	19.995	20	1.2354	1.2024	0.19182	0.1862	-0.00088702	0.00023091
14.954	14.973	19.992	19.995	1.2622	1.2354	0.1965	0.19182	-0.00087838	0.00020148
14.941	14.954	19.99	19.992	1.2819	1.2622	0.20006	0.1965	-0.00092488	0.00018176
14.932	14.941	19.988	19.99	1.2965	1.2819	0.20278	0.20006	-0.0007861	0.00030601
14.926	14.932	19.987	19.988	1.3072	1.2965	0.20484	0.20278	-0.00087828	0.00023748
14.922	14.926	19.987	19.987	1.3152	1.3072	0.2064	0.20484	-0.00089421	0.00025431
14.92	14.922	19.986	19.987	1.321	1.3152	0.20756	0.2064	-0.00088326	0.00023756
14.918	14.92	19.986	19.986	1.3253	1.321	0.20841	0.20756	-0.00085281	0.00027262
14.918	14.918	19.986	19.986	1.3284	1.3253	0.20904	0.20841	-0.00078469	0.00024777
14.918	14.918	19.986	19.986	1.3307	1.3284	0.20948	0.20904	-0.00094056	0.00025368
14.919	14.918	19.986	19.986	1.3322	1.3307	0.20978	0.20948	-0.00086641	0.00028467
14.92	14.919	19.986	19.986	1.3334	1.3322	0.20998	0.20978	-0.00079485	0.00023411
14.922	14.92	19.986	19.986	1.3341	1.3334	0.2101	0.20998	-0.00085182	0.00029744
14.923	14.922	19.986	19.986	1.3347	1.3341	0.21015	0.2101	-0.00085532	0.00027211
14.925	14.923	19.987	19.986	1.335	1.3347	0.21016	0.21015	-0.00091962	0.00025553
14.926	14.925	19.987	19.987	1.3352	1.335	0.21014	0.21016	-0.00085451	0.00024551
14.928	14.926	19.987	19.987	1.3352	1.3352	0.21009	0.21014	-0.00076938	0.00033993
14.93	14.928	19.988	19.987	1.3352	1.3352	0.21002	0.21009	-0.00086743	0.00023788
14.932	14.93	19.988	19.988	1.3352	1.3352	0.20994	0.21002	-0.00085439	0.00023903
14.933	14.932	19.988	19.988	1.3351	1.3352	0.20984	0.20994	-0.00083395	0.00024193
14.935	14.933	19.989	19.988	1.3349	1.3351	0.20975	0.20984	-0.0009076	0.00034617
14.937	14.935	19.989	19.989	1.3348	1.3349	0.20964	0.20975	-0.00087774	0.00025232
14.938	14.937	19.989	19.989	1.3346	1.3348	0.20954	0.20964	-0.00084457	0.00025903
14.94	14.938	19.99	19.989	1.3344	1.3346	0.20943	0.20954	-0.00081004	0.00026596
14.941	14.94	19.99	19.99	1.3343	1.3344	0.20933	0.20943	-0.00087403	0.00027304
14.943	14.941	19.99	19.99	1.3341	1.3343	0.20922	0.20933	-0.00083736	0.00028069
14.944	14.943	19.991	19.99	1.3339	1.3341	0.20912	0.20922	-0.00080203	0.00028825
14.946	14.944	19.991	19.991	1.3337	1.3339	0.20902	0.20912	-0.00086523	0.00029568
14.947	14.946	19.991	19.991	1.3336	1.3337	0.20891	0.20902	-0.00092924	0.00020352
14.949	14.947	19.991	19.991	1.3334	1.3336	0.20882	0.20891	-0.00079382	0.00031138
14.95	14.949	19.992	19.991	1.3332	1.3334	0.20872	0.20882	-0.00085915	0.00021854
14.951	14.95	19.992	19.992	1.333	1.3332	0.20862	0.20872	-0.00082521	0.00032581
14.953	14.951	19.992	19.992	1.3329	1.333	0.20853	0.20862	-0.00089136	0.00023281
14.954	14.953	19.992	19.992	1.3327	1.3329	0.20844	0.20853	-0.00085957	0.00024013
14.955	14.954	19.993	19.992	1.3326	1.3327	0.20835	0.20844	-0.00082777	0.00034685
14.956	14.955	19.993	19.993	1.3324	1.3326	0.20827	0.20835	-0.00079608	0.00025359
14.957	14.956	19.993	19.993	1.3323	1.3324	0.20819	0.20827	-0.00086563	0.00025981
14.959	14.957	19.993	19.993	1.3321	1.3323	0.2081	0.20819	-0.00083613	0.00026607
14.96	14.959	19.994	19.993	1.332	1.3321	0.20802	0.2081	-0.00090796	0.0002721
14.961	14.96	19.994	19.994	1.3318	1.332	0.20795	0.20802	-0.0007806	0.0002784
14.962	14.961	19.994	19.994	1.3317	1.3318	0.20787	0.20795	-0.0008523	0.00028391
14.963	14.962	19.994	19.994	1.3316	1.3317	0.2078	0.20787	-0.00082641	0.00028948
14.964	14.963	19.994	19.994	1.3315	1.3316	0.20773	0.2078	-0.00089893	0.00019497
14.965	14.964	19.994	19.994	1.3313	1.3315	0.20766	0.20773	-0.00087509	0.00030041
14.966	14.965	19.995	19.994	1.3312	1.3313	0.2076	0.20766	-0.00074988	0.00030558
14.966	14.966	19.995	19.995	1.3311	1.3312	0.20753	0.2076	-0.00092521	0.00021025
14.967	14.966	19.995	19.995	1.331	1.3311	0.20747	0.20753	-0.0008022	0.00031538
14.968	14.967	19.995	19.995	1.3309	1.331	0.20741	0.20747	-0.0008798	0.00021987
14.969	14.968	19.995	19.995	1.3308	1.3309	0.20735	0.20741	-0.00085813	0.00032463
14.97	14.969	19.995	19.995	1.3306	1.3308	0.20729	0.20735	-0.00083654	0.00022925
14.971	14.97	19.995	19.995	1.3305	1.3306	0.20723	0.20729	-0.00081474	0.00033348
14.971	14.971	19.996	19.995	1.3304	1.3305	0.20718	0.20723	-0.00079463	0.00023751
14.972	14.971	19.996	19.996	1.3303	1.3304	0.20712	0.20718	-0.0008743	0.00024131
14.973	14.972	19.996	19.996	1.3302	1.3303	0.20707	0.20712	-0.0008549	0.00034529
14.974	14.973	19.996	19.996	1.3301	1.3302	0.20702	0.20707	-0.00083695	0.00024937
14.974	14.974	19.996	19.996	1.3301	1.3301	0.20697	0.20702	-0.0008173	0.00025306
14.975	14.974	19.996	19.996	1.33	1.3301	0.20692	0.20697	-0.00089925	0.00025638
14.976	14.975	19.996	19.996	1.3299	1.33	0.20688	0.20692	-0.00078347	0.00026012
14.976	14.976	19.997	19.996	1.3298	1.3299	0.20683	0.20688	-0.00086529	0.00026321
14.977	14.976	19.997	19.997	1.3297	1.3298	0.20679	0.20683	-0.00084952	0.0002665
14.977	14.977	19.997	19.997	1.3296	1.3297	0.20675	0.20679	-0.00083362	0.00026972
14.978	14.977	19.997	19.997	1.3296	1.3296	0.2067	0.20675	-0.00081771	0.00027264
14.979	14.978	19.997	19.997	1.3295	1.3296	0.20666	0.2067	-0.00090182	0.00027556
14.979	14.979	19.997	19.997	1.3294	1.3295	0.20662	0.20666	-0.0007882	0.00027876
14.98	14.979	19.997	19.997	1.3294	1.3294	0.20658	0.20662	-0.00087217	0.00028145
14.98	14.98	19.997	19.997	1.3293	1.3294	0.20655	0.20658	-0.00085856	0.00028436
14.981	14.98	19.997	19.997	1.3292	1.3293	0.20651	0.20655	-0.00084482	0.00028718
14.981	14.981	19.997	19.997	1.3292	1.3292	0.20648	0.20651	-0.00083255	0.00028985
14.982	14.981	19.997	19.997	1.3291	1.3292	0.20644	0.20648	-0.00081881	0.00019238
14.982	14.982	19.997	19.997	1.329	1.3291	0.20641	0.20644	-0.00080642	0.00029443
14.983	14.982	19.998	19.997	1.329	1.329	0.20638	0.20641	-0.0008928	0.00029644
14.983	14.983	19.998	19.998	1.3289	1.329	0.20635	0.20638	-0.00078134	0.00029924
14.984	14.983	19.998	19.998	1.3289	1.3289	0.20631	0.20635	-0.00086895	0.00020125
14.984	14.984	19.998	19.998	1.3288	1.3289	0.20629	0.20631	-0.00085886	0.00030343
14.985	14.984	19.998	19.998	1.3287	1.3288	0.20626	0.20629	-0.00084739	0.00030549
14.985	14.985	19.998	19.998	1.3287	1.3287	0.20623	0.20626	-0.00083727	0.00020776
14.985	14.985	19.998	19.998	1.3286	1.3287	0.2062	0.20623	-0.00082558	0.00030957
14.986	14.985	19.998	19.998	1.3286	1.3286	0.20617	0.2062	-0.00081558	0.00031148
14.986	14.986	19.998	19.998	1.3285	1.3286	0.20615	0.20617	-0.00090547	0.00021332
14.986	14.986	19.998	19.998	1.3285	1.3285	0.20612	0.20615	-0.00079607	0.0003154
14.987	14.986	19.998	19.998	1.3284	1.3285	0.2061	0.20612	-0.00088742	0.00021693
14.987	14.987	19.998	19.998	1.3284	1.3284	0.20608	0.2061	-0.00077801	0.00031872
14.988	14.987	19.998	19.998	1.3283	1.3284	0.20605	0.20608	-0.00086788	0.0002201
14.988	14.988	19.998	19.998	1.3283	1.3283	0.20603	0.20605	-0.00085995	0.00032175
14.988	14.988	19.998	19.998	1.3283	1.3283	0.20601	0.20603	-0.00085212	0.00022355
14.988	14.988	19.998	19.998	1.3282	1.3283	0.20599	0.20601	-0.00084404	0.00032496
14.989	14.988	19.999	19.998	1.3282	1.3282	0.20597	0.20599	-0.00083474	0.00022662
14.989	14.989	19.999	19.999	1.3281	1.3282	0.20595	0.20597	-0.00082815	0.00032789
14.989	14.989	19.999	19.999	1.3281	1.3281	0.20593	0.20595	-0.00082031	0.00022925
14.99	14.989	19.999	19.999	1.3281	1.3281	0.20591	0.20593	-0.00081225	0.00023052
14.99	14.99	19.999	19.999	1.328	1.3281	0.20589	0.20591	-0.0009043	0.00033141
14.99	14.99	19.999	19.999	1.328	1.328	0.20587	0.20589	-0.00079875	0.00023305
14.99	14.99	19.999	19.999	1.328	1.328	0.20586	0.20587	-0.00079056	0.00033409
14.991	14.99	19.999	19.999	1.3279	1.328	0.20584	0.20586	-0.0008842	0.00023501
14.991	14.991	19.999	19.999	1.3279	1.3279	0.20582	0.20584	-0.00087842	0.0002364
14.991	14.991	19.999	19.999	1.3279	1.3279	0.2058	0.20582	-0.00077115	0.00033764
14.991	14.991	19.999	19.999	1.3278	1.3279	0.20579	0.2058	-0.00086466	0.00023848
14.992	14.991	19.999	19.999	1.3278	1.3278	0.20578	0.20579	-0.00085889	0.00023958
14.992	14.992	19.999	19.999	1.3278	1.3278	0.20576	0.20578	-0.00085309	0.00034052
14.992	14.992	19.999	19.999	1.3278	1.3278	0.20575	0.20576	-0.00084742	0.00024178
14.992	14.992	19.999	19.999	1.3277	1.3278	0.20573	0.20575	-0.00084298	0.0002428
14.992	14.992	19.999	19.999	1.3277	1.3277	0.20572	0.20573	-0.00083719	0.00024359
14.993	14.992	19.999	19.999	1.3277	1.3277	0.2057	0.20572	-0.00083141	0.00034438
14.993	14.993	19.999	19.999	1.3276	1.3277	0.20569	0.2057	-0.0008272	0.00024535
14.993	14.993	19.999	19.999	1.3276	1.3276	0.20568	0.20569	-0.0008213	0.00024622
14.993	14.993	19.999	19.999	1.3276	1.3276	0.20567	0.20568	-0.00081698	0.00034672
14.993	14.993	19.999	19.999	1.3276	1.3276	0.20566	0.20567	-0.0008113	0.00024754
14.994	14.993	19.999	19.999	1.3276	1.3276	0.20564	0.20566	-0.00090687	0.00024827
14.994	14.994	19.999	19.999	1.3275	1.3276	0.20563	0.20564	-0.00080337	0.00024933
14.994	14.994	19.999	19.999	1.3275	1.3275	0.20562	0.20563	-0.00079892	0.00024975
14.994	14.994	19.999	19.999	1.3275	1.3275	0.20561	0.20562	-0.00089313	0.00034996
14.994	14.994	19.999	19.999	1.3275	1.3275	0.2056	0.20561	-0.00078974	0.0002512
14.994	14.994	19.999	19.999	1.3275	1.3275	0.20559	0.2056	-0.00088518	0.00025169
14.995	14.994	19.999	19.999	1.3274	1.3275	0.20558	0.20559	-0.00078167	0.00025246
14.995	14.995	19.999	19.999	1.3274	1.3274	0.20557	0.20558	-0.00087723	0.00025273
14.995	14.995	19.999	19.999	1.3274	1.3274	0.20556	0.20557	-0.0008752	0.00035336
14.995	14.995	20	19.999	1.3274	1.3274	0.20555	0.20556	-0.00077168	0.00025437
14.995	14.995	20	20	1.3274	1.3274	0.20555	0.20555	-0.00086712	0.00025472
14.995	14.995	20	20	1.3274	1.3274	0.20554	0.20555	-0.00086362	0.00025534
14.995	14.995	20	20	1.3273	1.3274	0.20553	0.20554	-0.00086146	0.00025589
14.995	14.995	20	20	1.3273	1.3273	0.20552	0.20553	-0.00075782	0.00025643
14.996	14.995	20	20	1.3273	1.3273	0.20551	0.20552	-0.00085338	0.00035641
14.996	14.996	20	20	1.3273	1.3273	0.20551	0.20551	-0.00085146	0.00025721
14.996	14.996	20	20	1.3273	1.3273	0.2055	0.20551	-0.00084772	0.00025798
14.996	14.996	20	20	1.3273	1.3273	0.20549	0.2055	-0.00084556	0.00025837
14.996	14.996	20	20	1.3272	1.3273	0.20549	0.20549	-0.00084193	0.00025877
14.996	14.996	20	20	1.3272	1.3272	0.20548	0.20549	-0.00083977	0.00025917
14.996	14.996	20	20	1.3272	1.3272	0.20547	0.20548	-0.00083761	0.00025942
14.996	14.996	20	20	1.3272	1.3272	0.20547	0.20547	-0.00083398	0.00035981
14.996	14.996	20	20	1.3272	1.3272	0.20546	0.20547	-0.00083193	0.00026038
14.996	14.996	20	20	1.3272	1.3272	0.20545	0.20546	-0.00082966	0.000261
14.997	14.996	20	20	1.3272	1.3272	0.20545	0.20545	-0.00082602	0.00026111
14.997	14.997	20	20	1.3272	1.3272	0.20544	0.20545	-0.00082387	0.00026136
14.997	14.997	20	20	1.3271	1.3272	0.20544	0.20544	-0.00082171	0.00026161
14.997	14.997	20	20	1.3271	1.3271	0.20543	0.20544	-0.00091955	0.00026171
14.997	14.997	20	20	1.3271	1.3271	0.20543	0.20543	-0.00081821	0.00026253
14.997	14.997	20	20	1.3271	1.3271	0.20542	0.20543	-0.00081592	0.00026269
14.997	14.997	20	20	1.3271	1.3271	0.20542	0.20542	-0.00081376	0.0002628
14.997	14.997	20	20	1.3271	1.3271	0.20541	0.20542	-0.0008116	0.0003629
14.997	14.997	20	20	1.3271	1.3271	0.20541	0.20541	-0.00090956	0.00026333
14.997	14.997	20	20	1.3271	1.3271	0.2054	0.20541	-0.0008081	0.00026407
14.997	14.997	20	20	1.3271	1.3271	0.2054	0.2054	-0.00080581	0.00026424
14.998	14.997	20	20	1.3271	1.3271	0.20539	0.2054	-0.00090365	0.0002642
14.998	14.998	20	20	1.327	1.3271	0.20539	0.20539	-0.00080231	0.00026487
14.998	14.998	20	20	1.327	1.327	0.20539	0.20539	-0.00080001	0.00026489
14.998	14.998	20	20	1.327	1.327	0.20538	0.20539	-0.00089786	0.00026484
14.998	14.998	20	20	1.327	1.327	0.20538	0.20538	-0.00079652	0.00026537
14.998	14.998	20	20	1.327	1.327	0.20537	0.20538	-0.0008957	0.00026539
