0	15	20	3	3	30	40	0	0	7.5	10
0.1	14.5766	19.5557	3	3	29.1532	39.1114	0	0	-0.211706	-0.222142
0.2	14.172	19.1123	3	3	28.3439	38.2246	0	0	-0.202315	-0.221713
0.3	13.7786	18.6697	3	3	27.5573	37.3394	0	0	-0.196656	-0.221302
0.4	13.3943	18.2279	3	3	26.7887	36.4558	0	0	-0.192158	-0.220898
0.5	13.0177	17.7869	3	3	26.0353	35.5738	0	0	-0.188331	-0.220499
0.6	12.6478	17.3467	3	3	25.2955	34.6934	0	0	-0.184958	-0.220104
0.7	12.2839	16.9073	3	3	24.5678	33.8145	0	0	-0.181916	-0.219712
0.8	11.9257	16.4686	3	3	23.8513	32.9372	0	0	-0.179132	-0.219323
0.9	11.5725	16.0307	3	3	23.1451	32.0615	0	0	-0.176555	-0.218937
1	11.2242	15.5936	3	3	22.4485	31.1873	0	0	-0.174148	-0.218554
1.1	10.8805	15.1573	3	3	21.761	30.3146	0	0	-0.171886	-0.218174
1.2	10.541	14.7217	3	3	21.082	29.4434	0	0	-0.169749	-0.217795
1.3	10.2055	14.2869	3	3	20.4111	28.5737	0	0	-0.167719	-0.217419
1.4	9.87397	13.8528	3	3	19.7479	27.7055	0	0	-0.165785	-0.217045
1.5	9.5461	13.4194	3	3	19.0922	26.8388	0	0	-0.163936	-0.216673
1.6	9.22177	12.9868	3	3	18.4435	25.9736	0	0	-0.162163	-0.216303
1.7	8.90085	12.5549	3	3	17.8017	25.1099	0	0	-0.160459	-0.215934
1.8	8.58321	12.1238	3	3	17.1664	24.2476	0	0	-0.158818	-0.215568
1.9	8.26875	11.6934	3	3	16.5375	23.3868	0	0	-0.157234	-0.215203
2	7.95734	11.2637	3	3	15.9147	22.5274	0	0	-0.155703	-0.21484
2.1	7.6489	10.8348	3	3	15.2978	21.6695	0	0	-0.15422	-0.214479
2.2	7.34333	10.4065	3	3	14.6867	20.8131	0	0	-0.152783	-0.214119
2.3	7.04056	9.979	3	3	14.0811	19.958	0	0	-0.151387	-0.213761
2.4	6.7405	9.5522	3	3	13.481	19.1044	0	0	-0.150031	-0.213404
2.5	6.44307	9.1261	3	3	12.8861	18.2522	0	0	-0.148712	-0.213049
2.6	6.14822	8.70071	3	3	12.2964	17.4014	0	0	-0.147426	-0.212695
2.7	5.85587	8.27602	3	3	11.7117	16.552	0	0	-0.146174	-0.212343
2.8	5.56597	7.85204	3	3	11.1319	15.7041	0	0	-0.144952	-0.211991
2.9	5.27845	7.42876	3	3	10.5569	14.8575	0	0	-0.143758	-0.211642
3	4.99327	7.00617	3	3	9.98653	14.0123	0	0	-0.142593	-0.211293
3.1	4.71036	6.58428	3	3	9.42072	13.1686	0	0	-0.141453	-0.210946
3.2	4.42969	6.16308	3	3	8.85937	12.3262	0	0	-0.140338	-0.2106
3.3	4.15119	5.74257	3	3	8.30239	11.4851	0	0	-0.139246	-0.210256
3.4	3.87484	5.32274	3	3	7.74968	10.6455	0	0	-0.138177	-0.209912
3.5	3.60058	4.9036	3	3	7.20116	9.8072	0	0	-0.137129	-0.20957
3.6	3.32838	4.48514	3	3	6.65675	8.97028	0	0	-0.136102	-0.209229
3.7	3.05819	4.06736	3	3	6.11638	8.13472	0	0	-0.135094	-0.208889
3.8	2.78998	3.65026	3	3	5.57996	7.30052	0	0	-0.134105	-0.208551
3.9	2.52371	3.23383	3	3	5.04742	6.46767	0	0	-0.133135	-0.208213
4	2.25935	2.81808	3	3	4.51869	5.63616	0	0	-0.132181	-0.207877
4.1	1.99686	2.403	3	3	3.99371	4.806	0	0	-0.131244	-0.207541
4.2	1.73621	1.98858	3	3	3.47242	3.97717	0	0	-0.130324	-0.207207
4.3	1.47737	1.57484	2.8992	2.9428	2.95475	3.14967	0.0738687	0	-0.129418	-0.206874
4.4	1.23521	1.17026	2.48496	2.19674	2.47041	2.34051	0.135629	0.0585128	-0.121083	-0.20229
4.5	1.05588	0.876856	2.21052	1.70937	2.11176	1.75371	0.188423	0.102356	-0.0896635	-0.1467
4.6	0.918307	0.656107	2.00217	1.337	1.83661	1.31221	0.234338	0.135161	-0.0687865	-0.110374
4.7	0.812439	0.49084	1.8469	1.05875	1.62488	0.98168	0.27496	0.159703	-0.052934	-0.0826336
4.8	0.730217	0.367011	1.73079	0.850162	1.46043	0.734023	0.311471	0.178054	-0.0411109	-0.0619144
4.9	0.665698	0.274226	1.64389	0.693824	1.3314	0.548452	0.344756	0.191765	-0.0322597	-0.0463926
5	0.614447	0.204688	1.57875	0.576607	1.22889	0.409377	0.375478	0.201999	-0.0256255	-0.0347688
5.1	0.573161	0.152562	1.52982	0.488687	1.14632	0.305123	0.404136	0.209627	-0.0206428	-0.0260634
5.2	0.539379	0.113475	1.49297	0.422708	1.07876	0.22695	0.431105	0.215301	-0.0168913	-0.0195433
5.3	0.511264	0.0841557	1.46514	0.373161	1.02253	0.168311	0.456669	0.219509	-0.0140575	-0.0146596
5.4	0.487447	0.0621529	1.44403	0.335921	0.974894	0.124306	0.481041	0.222617	-0.0119083	-0.0110014
5.5	0.466907	0.0456314	1.42793	0.3079	0.933815	0.0912628	0.504386	0.224898	-0.0102698	-0.00826078
5.6	0.448882	0.0332168	1.41558	0.286785	0.897764	0.0664336	0.52683	0.226559	-0.00901283	-0.00620729
5.7	0.4328	0.0238801	1.40603	0.270845	0.8656	0.0477601	0.54847	0.227753	-0.00804083	-0.00466837
5.8	0.418236	0.0168505	1.39857	0.258782	0.836472	0.0337011	0.569382	0.228595	-0.00728205	-0.00351476
5.9	0.40487	0.0115511	1.39268	0.249626	0.80974	0.0231022	0.589626	0.229173	-0.00668296	-0.00264972
6	0.392463	0.00754955	1.38797	0.242649	0.784925	0.0150991	0.609249	0.229551	-0.00620371	-0.00200078
6.1	0.380834	0.00452218	1.38414	0.237307	0.761667	0.00904436	0.62829	0.229777	-0.00581456	-0.00151368
6.2	0.369847	0.00222654	1.38098	0.233193	0.739694	0.00445309	0.646783	0.229888	-0.00549338	-0.00114782
6.3	0.3594	0.000481023	1.37833	0.230001	0.718799	0.000962047	0.664753	0.229912	-0.00522364	-0.000872761
6.4	0.349414	-0.000850451	1.37606	0.227503	0.698827	-0.0017009	0.682223	0.229869	-0.004993	-0.000665737
6.5	0.339829	-0.00186984	1.37408	0.225527	0.679658	-0.00373968	0.699215	0.229776	-0.00479228	-0.000509695
6.6	0.3306	-0.00265357	1.37233	0.223944	0.6612	-0.00530715	0.715745	0.229643	-0.00461458	-0.000391866
6.7	0.32169	-0.00325895	1.37075	0.22266	0.64338	-0.0065179	0.731829	0.22948	-0.00445479	-0.000302689
6.8	0.313072	-0.00372896	1.36932	0.221601	0.626144	-0.00745792	0.747483	0.229294	-0.00430905	-0.000235004
6.9	0.304723	-0.00409586	1.36799	0.220714	0.609446	-0.00819172	0.762719	0.229089	-0.00417447	-0.00018345
7	0.296625	-0.00438388	1.36675	0.219958	0.593251	-0.00876776	0.77755	0.22887	-0.00404889	-0.000144012
7.1	0.288764	-0.00461125	1.36559	0.219303	0.577528	-0.0092225	0.791989	0.228639	-0.00393068	-0.000113683
7.2	0.281127	-0.00479167	1.36448	0.218726	0.562254	-0.00958334	0.806045	0.2284	-0.0038186	-9.02108e-05
7.3	0.273703	-0.00493548	1.36343	0.21821	0.547407	-0.00987097	0.81973	0.228153	-0.00371172	-7.19073e-05
7.4	0.266485	-0.0050505	1.36241	0.217742	0.532969	-0.010101	0.833054	0.2279	-0.00360934	-5.75079e-05
7.5	0.259463	-0.00514263	1.36144	0.217312	0.518926	-0.0102853	0.846028	0.227643	-0.00351089	-4.60648e-05
7.6	0.252631	-0.00521636	1.36051	0.216913	0.505262	-0.0104327	0.858659	0.227383	-0.00341596	-3.6867e-05
7.7	0.245983	-0.00527513	1.3596	0.216539	0.491965	-0.0105503	0.870958	0.227119	-0.00332421	-2.93811e-05
7.8	0.239512	-0.00532154	1.35872	0.216186	0.479024	-0.0106431	0.882934	0.226853	-0.0032354	-2.32068e-05
7.9	0.233213	-0.00535763	1.35787	0.215852	0.466426	-0.0107153	0.894594	0.226585	-0.0031493	-1.80431e-05
8	0.227082	-0.00538495	1.35705	0.215532	0.454163	-0.0107699	0.905949	0.226316	-0.00306575	-1.36636e-05
8.1	0.221113	-0.00540475	1.35624	0.215226	0.442225	-0.0108095	0.917004	0.226045	-0.0029846	-9.89801e-06
8.2	0.215301	-0.00541798	1.35547	0.214932	0.430602	-0.010836	0.927769	0.225774	-0.00290574	-6.61748e-06
8.3	0.209643	-0.00542543	1.35471	0.214649	0.419286	-0.0108509	0.938251	0.225503	-0.00282908	-3.72472e-06
8.4	0.204134	-0.00542773	1.35397	0.214375	0.408268	-0.0108555	0.948458	0.225232	-0.00275451	-1.14591e-06
8.5	0.19877	-0.00542538	1.35325	0.214111	0.39754	-0.0108508	0.958397	0.22496	-0.00268197	1.17517e-06
8.6	0.193547	-0.00541881	1.35256	0.213855	0.387094	-0.0108376	0.968074	0.22469	-0.00261138	3.2815e-06
8.7	0.188462	-0.0054084	1.35188	0.213608	0.376924	-0.0108168	0.977497	0.224419	-0.00254268	5.20614e-06
8.8	0.18351	-0.00539445	1.35122	0.213367	0.36702	-0.0107889	0.986672	0.224149	-0.00247582	6.97468e-06
8.9	0.178689	-0.00537724	1.35057	0.213135	0.357377	-0.0107545	0.995607	0.223881	-0.00241073	8.60709e-06
9	0.173994	-0.005357	1.34995	0.212909	0.347988	-0.010714	1.00431	0.223613	-0.00234736	1.01191e-05
9.1	0.169423	-0.00533395	1.34934	0.21269	0.338845	-0.0106679	1.01278	0.223346	-0.00228567	1.15233e-05
9.2	0.164971	-0.00530829	1.34874	0.212477	0.329943	-0.0106166	1.02103	0.223081	-0.0022256	1.28298e-05
9.3	0.160637	-0.0052802	1.34817	0.21227	0.321274	-0.0105604	1.02906	0.222817	-0.00216712	1.40469e-05
9.4	0.156417	-0.00524983	1.3476	0.21207	0.312834	-0.0104997	1.03688	0.222554	-0.00211018	1.51815e-05
9.5	0.152307	-0.00521736	1.34705	0.211875	0.304615	-0.0104347	1.04449	0.222293	-0.00205474	1.62394e-05
9.6	0.148306	-0.0051829	1.34652	0.211685	0.296612	-0.0103658	1.05191	0.222034	-0.00200076	1.72256e-05
9.7	0.144409	-0.00514662	1.346	0.211502	0.288819	-0.0102932	1.05913	0.221777	-0.0019482	1.81444e-05
9.8	0.140615	-0.00510862	1.34549	0.211323	0.281231	-0.0102172	1.06616	0.221521	-0.00189702	1.89997e-05
9.9	0.136921	-0.00506903	1.345	0.21115	0.273842	-0.0101381	1.07301	0.221268	-0.00184718	1.97949e-05
10	0.133324	-0.00502796	1.34452	0.210981	0.266647	-0.0100559	1.07967	0.221016	-0.00179865	2.05332e-05
10.1	0.129821	-0.00498553	1.34405	0.210817	0.259642	-0.00997105	1.08616	0.220767	-0.0017514	2.12174e-05
10.2	0.12641	-0.00494183	1.3436	0.210658	0.25282	-0.00988365	1.09248	0.22052	-0.00170539	2.18501e-05
10.3	0.123089	-0.00489696	1.34316	0.210504	0.246178	-0.00979392	1.09864	0.220275	-0.00166059	2.24339e-05
10.4	0.119855	-0.00485102	1.34272	0.210354	0.23971	-0.00970203	1.10463	0.220033	-0.00161697	2.29711e-05
10.5	0.116706	-0.00480409	1.3423	0.210208	0.233412	-0.00960818	1.11047	0.219792	-0.00157449	2.34638e-05
10.6	0.11364	-0.00475626	1.3419	0.210066	0.22728	-0.00951252	1.11615	0.219555	-0.00153313	2.39141e-05
10.7	0.110654	-0.00470761	1.3415	0.209928	0.221308	-0.00941522	1.12168	0.219319	-0.00149285	2.43241e-05
10.8	0.107747	-0.00465822	1.34111	0.209795	0.215494	-0.00931644	1.12707	0.219086	-0.00145363	2.46955e-05
10.9	0.104916	-0.00460816	1.34073	0.209665	0.209832	-0.00921632	1.13232	0.218856	-0.00141544	2.50302e-05
11	0.102159	-0.0045575	1.34036	0.209538	0.204319	-0.009115	1.13742	0.218628	-0.00137826	2.53299e-05
11.1	0.0994753	-0.00450631	1.34001	0.209416	0.198951	-0.00901262	1.1424	0.218403	-0.00134205	2.55963e-05
11.2	0.0968617	-0.00445465	1.33966	0.209297	0.193723	-0.00890929	1.14724	0.21818	-0.00130679	2.58308e-05
11.3	0.0943168	-0.00440258	1.33932	0.209181	0.188634	-0.00880515	1.15196	0.21796	-0.00127246	2.60351e-05
11.4	0.0918387	-0.00435015	1.33899	0.209068	0.183677	-0.00870031	1.15655	0.217742	-0.00123903	2.62105e-05
11.5	0.0894258	-0.00429744	1.33866	0.208959	0.178852	-0.00859488	1.16102	0.217528	-0.00120648	2.63585e-05
11.6	0.0870762	-0.00424448	1.33835	0.208853	0.174152	-0.00848895	1.16537	0.217315	-0.00117478	2.64804e-05
11.7	0.0847884	-0.00419132	1.33804	0.20875	0.169577	-0.00838264	1.16961	0.217106	-0.00114392	2.65775e-05
11.8	0.0825606	-0.00413802	1.33775	0.208649	0.165121	-0.00827604	1.17374	0.216899	-0.00111387	2.6651e-05
11.9	0.0803914	-0.00408462	1.33746	0.208552	0.160783	-0.00816923	1.17776	0.216695	-0.0010846	2.6702e-05
12	0.0782792	-0.00403115	1.33718	0.208457	0.156558	-0.0080623	1.18167	0.216493	-0.00105611	2.67318e-05
12.1	0.0762225	-0.00397767	1.3369	0.208366	0.152445	-0.00795534	1.18548	0.216294	-0.00102836	2.67415e-05
12.2	0.0742198	-0.00392421	1.33663	0.208276	0.14844	-0.00784841	1.1892	0.216098	-0.00100135	2.6732e-05
12.3	0.0722697	-0.0038708	1.33637	0.20819	0.144539	-0.00774159	1.19281	0.215904	-0.000975037	2.67044e-05
12.4	0.0703709	-0.00381748	1.33612	0.208105	0.140742	-0.00763496	1.19633	0.215714	-0.000949421	2.66596e-05
12.5	0.0685219	-0.00376428	1.33587	0.208023	0.137044	-0.00752856	1.19975	0.215525	-0.000924477	2.65986e-05
12.6	0.0667215	-0.00371124	1.33563	0.207944	0.133443	-0.00742247	1.20309	0.21534	-0.000900188	2.65222e-05
12.7	0.0649685	-0.00365837	1.3354	0.207867	0.129937	-0.00731675	1.20634	0.215157	-0.000876538	2.64314e-05
12.8	0.0632615	-0.00360572	1.33517	0.207791	0.126523	-0.00721144	1.2095	0.214977	-0.000853509	2.63269e-05
12.9	0.0615993	-0.0035533	1.33495	0.207719	0.123199	-0.0071066	1.21258	0.214799	-0.000831084	2.62095e-05
13	0.0599808	-0.00350114	1.33473	0.207648	0.119962	-0.00700228	1.21558	0.214624	-0.000809249	2.608e-05
13.1	0.0584048	-0.00344926	1.33452	0.207579	0.11681	-0.00689852	1.2185	0.214451	-0.000787988	2.59391e-05
13.2	0.0568702	-0.00339769	1.33432	0.207512	0.11374	-0.00679538	1.22134	0.214282	-0.000767285	2.57874e-05
13.3	0.055376	-0.00334644	1.33412	0.207447	0.110752	-0.00669287	1.22411	0.214114	-0.000747126	2.56258e-05
13.4	0.053921	-0.00329553	1.33392	0.207384	0.107842	-0.00659105	1.22681	0.213949	-0.000727496	2.54547e-05
13.5	0.0525042	-0.00324498	1.33373	0.207322	0.105008	-0.00648995	1.22943	0.213787	-0.000708382	2.52748e-05
13.6	0.0511247	-0.0031948	1.33355	0.207263	0.102249	-0.00638961	1.23199	0.213627	-0.000689771	2.50867e-05
13.7	0.0497814	-0.00314502	1.33337	0.207205	0.0995628	-0.00629004	1.23448	0.21347	-0.000671648	2.4891e-05
13.8	0.0484734	-0.00309565	1.3332	0.207149	0.0969468	-0.00619129	1.2369	0.213315	-0.000654001	2.46881e-05
13.9	0.0471998	-0.00304669	1.33303	0.207094	0.0943995	-0.00609338	1.23926	0.213163	-0.000636818	2.44787e-05
14	0.0459596	-0.00299816	1.33286	0.207041	0.0919192	-0.00599632	1.24156	0.213013	-0.000620086	2.42631e-05
14.1	0.044752	-0.00295008	1.3327	0.20699	0.089504	-0.00590016	1.2438	0.212866	-0.000603794	2.40419e-05
14.2	0.0435761	-0.00290245	1.33254	0.206939	0.0871523	-0.00580489	1.24598	0.212721	-0.00058793	2.38154e-05
14.3	0.0424312	-0.00285528	1.33239	0.206891	0.0848623	-0.00571056	1.2481	0.212578	-0.000572483	2.35843e-05
14.4	0.0413163	-0.00280858	1.33224	0.206844	0.0826326	-0.00561716	1.25017	0.212437	-0.000557442	2.33487e-05
14.5	0.0402307	-0.00276236	1.3321	0.206798	0.0804614	-0.00552473	1.25218	0.212299	-0.000542795	2.31092e-05
14.6	0.0391736	-0.00271663	1.33195	0.206753	0.0783473	-0.00543326	1.25414	0.212163	-0.000528534	2.28661e-05
14.7	0.0381443	-0.00267139	1.33182	0.20671	0.0762887	-0.00534278	1.25604	0.21203	-0.000514647	2.26197e-05
14.8	0.0371421	-0.00262665	1.33168	0.206668	0.0742842	-0.0052533	1.2579	0.211898	-0.000501125	2.23704e-05
14.9	0.0361662	-0.00258241	1.33155	0.206627	0.0723323	-0.00516483	1.25971	0.211769	-0.000487958	2.21186e-05
15	0.0352159	-0.00253868	1.33143	0.206587	0.0704318	-0.00507737	1.26147	0.211642	-0.000475138	2.18645e-05
15.1	0.230982	-0.00184919	1.83286	0.208196	0.461963	-0.00369838	1.27302	0.21155	0.0978828	0.000344747
15.2	0.425458	-0.00011619	2.24245	0.212178	0.850916	-0.000232379	1.29429	0.211544	0.0972384	0.0008665
15.3	0.618646	0.00230376	2.65911	0.217477	1.23729	0.00460751	1.32522	0.211659	0.0965939	0.00120997
15.4	0.810545	0.00521217	3	0.223799	1.62109	0.0104243	1.32522	0.21192	0.0959494	0.00145421
15.5	1.00115	0.00845508	3	0.230874	2.00231	0.0169102	1.32522	0.212343	0.095305	0.00162145
15.6	1.19048	0.0119191	3	0.238509	2.38095	0.0238382	1.32522	0.212939	0.0946605	0.00173202
15.7	1.37851	0.0155204	3	0.246556	2.75702	0.0310409	1.32522	0.213715	0.094016	0.00180067
15.8	1.56525	0.0191973	3	0.254908	3.1305	0.0383946	1.32522	0.214675	0.0933716	0.00183842
15.9	1.75071	0.0229043	3	0.263482	3.50141	0.0458086	1.32522	0.21582	0.0927271	0.0018535
16	1.93487	0.0266083	3	0.272219	3.86974	0.0532167	1.32522	0.21715	0.0920827	0.00185202
16.1	2.11775	0.0302854	3	0.281074	4.23549	0.0605707	1.32522	0.218664	0.0914382	0.00183852
16.2	2.29933	0.0339181	3	0.290013	4.59867	0.0678363	1.32522	0.22036	0.0907937	0.00181638
16.3	2.47963	0.0374944	3	0.299012	4.95927	0.0749888	1.32522	0.222235	0.0901493	0.00178813
16.4	2.65864	0.0410057	3	0.308052	5.31729	0.0820113	1.32522	0.224285	0.0895048	0.00175563
16.5	2.83636	0.0444462	3	0.31712	5.67273	0.0888923	1.32522	0.226508	0.0888604	0.00172026
16.6	3.0128	0.0478123	3	0.326206	6.02559	0.0956245	1.32522	0.228898	0.0882159	0.00168304
16.7	3.18794	0.0511017	3	0.335302	6.37588	0.102203	1.32522	0.231453	0.0875714	0.00164473
16.8	3.36179	0.0543135	3	0.344402	6.72358	0.108627	1.32522	0.234169	0.086927	0.00160589
16.9	3.53436	0.0574474	3	0.353503	7.06871	0.114895	1.32522	0.237041	0.0862825	0.00156692
17	3.70563	0.0605036	3	0.362602	7.41127	0.121007	1.32522	0.240067	0.085638	0.00152813
17.1	3.87562	0.063483	3	0.371696	7.75124	0.126966	1.32522	0.243241	0.0849936	0.00148971
17.2	4.04432	0.0663867	3	0.380785	8.08864	0.132773	1.32522	0.24656	0.0843491	0.00145183
17.3	4.21173	0.0692159	3	0.389867	8.42346	0.138432	1.32522	0.250021	0.0837047	0.00141459
17.4	4.37785	0.071972	3	0.398942	8.7557	0.143944	1.32522	0.253619	0.0830602	0.00137807
17.5	4.54268	0.0746566	3	0.408008	9.08536	0.149313	1.32522	0.257352	0.0824157	0.00134231
17.6	4.70622	0.0772713	3	0.417066	9.41244	0.154543	1.32522	0.261216	0.0817713	0.00130735
17.7	4.86848	0.0798178	3	0.426115	9.73695	0.159636	1.32522	0.265207	0.0811268	0.00127321
17.8	5.02944	0.0822975	3	0.435157	10.0589	0.164595	1.32522	0.269322	0.0804824	0.00123988
17.9	5.18912	0.0847122	3	0.444189	10.3782	0.169424	1.32522	0.273557	0.0798379	0.00120736
18	5.3475	0.0870636	3	0.453213	10.695	0.174127	1.32522	0.27791	0.0791934	0.00117566
18.1	5.5046	0.0893531	3	0.462229	11.0092	0.178706	1.32522	0.282378	0.078549	0.00114477
18.2	5.66041	0.0915824	3	0.471237	11.3208	0.183165	1.32522	0.286957	0.0779045	0.00111466
18.3	5.81493	0.0937531	3	0.480236	11.6299	0.187506	1.32522	0.291645	0.07726	0.00108532
18.4	5.96816	0.0958665	3	0.489228	11.9363	0.191733	1.32522	0.296438	0.0766156	0.00105675
18.5	6.1201	0.0979244	3	0.498212	12.2402	0.195849	1.32522	0.301334	0.0759711	0.00102892
18.6	6.27076	0.099928	3	0.507189	12.5415	0.199856	1.32522	0.306331	0.0753267	0.00100181
18.7	6.42012	0.101879	3	0.516158	12.8402	0.203758	1.32522	0.311425	0.0746822	0.000975413
18.8	6.5682	0.103778	3	0.52512	13.1364	0.207556	1.32522	0.316614	0.0740377	0.000949708
18.9	6.71498	0.105628	3	0.534075	13.43	0.211255	1.32522	0.321895	0.0733933	0.000924678
19	6.86048	0.107428	3	0.543023	13.721	0.214856	1.32522	0.327266	0.0727488	0.000900305
19.1	7.00469	0.109181	3	0.551965	14.0094	0.218363	1.32522	0.332726	0.0721043	0.000876573
19.2	7.14761	0.110888	3	0.5609	14.2952	0.221777	1.32522	0.33827	0.0714599	0.000853465
19.3	7.28924	0.11255	3	0.569829	14.5785	0.2251	1.32522	0.343897	0.0708154	0.000830966
19.4	7.42958	0.114168	3	0.578752	14.8592	0.228337	1.32522	0.349606	0.070171	0.000809059
19.5	7.56864	0.115744	3	0.587668	15.1373	0.231488	1.32522	0.355393	0.0695265	0.000787729
19.6	7.7064	0.117278	3	0.596579	15.4128	0.234555	1.32522	0.361257	0.068882	0.000766961
19.7	7.84287	0.118771	3	0.605485	15.6857	0.237542	1.32522	0.367195	0.0682376	0.000746741
19.8	7.97806	0.120225	3	0.614384	15.9561	0.240451	1.32522	0.373207	0.0675931	0.000727054
19.9	8.11196	0.121641	3	0.623279	16.2239	0.243282	1.32522	0.379289	0.0669487	0.000707885
20	8.24457	0.12302	3	0.632168	16.4891	0.246039	1.32522	0.38544	0.0663042	0.000689222
20.1	8.37589	0.124362	3	0.641052	16.7518	0.248723	1.32522	0.391658	0.0656597	0.00067105
20.2	8.50592	0.125668	3	0.649931	17.0118	0.251337	1.32522	0.397941	0.0650153	0.000653358
20.3	8.63466	0.126941	3	0.658806	17.2693	0.253881	1.32522	0.404288	0.0643708	0.000636132
20.4	8.76211	0.128179	3	0.667675	17.5242	0.256359	1.32522	0.410697	0.0637263	0.000619361
20.5	8.88827	0.129385	3	0.67654	17.7765	0.258771	1.32522	0.417167	0.0630819	0.000603031
20.6	9.01315	0.13056	3	0.685401	18.0263	0.261119	1.32522	0.423695	0.0624374	0.000587132
20.7	9.13674	0.131703	3	0.694257	18.2735	0.263406	1.32522	0.43028	0.061793	0.000571652
20.8	9.25903	0.132816	3	0.703109	18.5181	0.265632	1.32522	0.43692	0.0611485	0.000556581
20.9	9.38004	0.1339	3	0.711957	18.7601	0.2678	1.32522	0.443615	0.060504	0.000541906
21	9.49976	0.134955	3	0.720801	18.9995	0.26991	1.32522	0.450363	0.0598596	0.000527619
21.1	9.61819	0.135983	3	0.729641	19.2364	0.271965	1.32522	0.457162	0.0592151	0.000513708
21.2	9.73533	0.136983	3	0.738477	19.4707	0.273966	1.32522	0.464011	0.0585706	0.000500165
21.3	9.85118	0.137957	3	0.74731	19.7024	0.275914	1.32522	0.470909	0.0579262	0.000486978
21.4	9.96575	0.138905	3	0.756139	19.9315	0.27781	1.32522	0.477855	0.0572817	0.000474139
21.5	10.079	0.139828	3	0.764964	20.158	0.279657	1.32522	0.484846	0.0566373	0.000461638
21.6	10.191	0.140727	3	0.773787	20.382	0.281455	1.32522	0.491882	0.0559928	0.000449467
21.7	10.3017	0.141603	3	0.782605	20.6034	0.283205	1.32522	0.498963	0.0553483	0.000437617
21.8	10.4111	0.142455	3	0.791421	20.8222	0.284909	1.32522	0.506085	0.0547039	0.000426079
21.9	10.5192	0.143284	3	0.800233	21.0385	0.286569	1.32522	0.513249	0.0540594	0.000414846
22	10.6261	0.144092	3	0.809042	21.2521	0.288184	1.32522	0.520454	0.053415	0.000403909
22.1	10.7316	0.144879	3	0.817849	21.4632	0.289758	1.32522	0.527698	0.0527705	0.00039326
22.2	10.8359	0.145645	3	0.826652	21.6717	0.291289	1.32522	0.53498	0.052126	0.000382891
22.3	10.9388	0.14639	3	0.835453	21.8776	0.29278	1.32522	0.5423	0.0514816	0.000372797
22.4	11.0405	0.147116	3	0.844251	22.081	0.294232	1.32522	0.549656	0.0508371	0.000362968
22.5	11.1409	0.147823	3	0.853046	22.2818	0.295646	1.32522	0.557047	0.0501926	0.000353399
22.6	11.24	0.148511	3	0.861838	22.4799	0.297022	1.32522	0.564472	0.0495482	0.000344081
22.7	11.3378	0.149181	3	0.870628	22.6756	0.298362	1.32522	0.571931	0.0489037	0.00033501
22.8	11.4343	0.149833	3	0.879416	22.8686	0.299667	1.32522	0.579423	0.0482593	0.000326177
22.9	11.5295	0.150469	3	0.888201	23.0591	0.300937	1.32522	0.586946	0.0476148	0.000317578
23	11.6235	0.151087	3	0.896984	23.2469	0.302174	1.32522	0.594501	0.0469703	0.000309205
23.1	11.7161	0.151689	3	0.905764	23.4322	0.303378	1.32522	0.602085	0.0463259	0.000301053
23.2	11.8075	0.152275	3	0.914543	23.615	0.304551	1.32522	0.609699	0.0456814	0.000293116
23.3	11.8976	0.152846	3	0.923319	23.7951	0.305692	1.32522	0.617341	0.045037	0.000285388
23.4	11.9863	0.153402	3	0.932093	23.9727	0.306804	1.32522	0.625011	0.0443925	0.000277864
23.5	12.0738	0.153943	3	0.940865	24.1477	0.307886	1.32522	0.632709	0.043748	0.000270538
23.6	12.16	0.15447	3	0.949635	24.3201	0.308939	1.32522	0.640432	0.0431036	0.000263406
23.7	12.245	0.154983	3	0.958403	24.4899	0.309965	1.32522	0.648181	0.0424591	0.000256461
23.8	12.3286	0.155482	3	0.967169	24.6572	0.310964	1.32522	0.655955	0.0418146	0.0002497
23.9	12.4109	0.155968	3	0.975933	24.8219	0.311937	1.32522	0.663754	0.0411702	0.000243117
24	12.492	0.156442	3	0.984696	24.984	0.312883	1.32522	0.671576	0.0405257	0.000236707
24.1	12.5717	0.156903	3	0.993457	25.1435	0.313805	1.32522	0.679421	0.0398813	0.000230466
24.2	12.6502	0.157351	3	1.00222	25.3004	0.314703	1.32522	0.687288	0.0392368	0.00022439
24.3	12.7274	0.157788	3	1.01097	25.4548	0.315577	1.32522	0.695178	0.0385923	0.000218475
24.4	12.8033	0.158214	3	1.01973	25.6066	0.316428	1.32522	0.703089	0.0379479	0.000212715
24.5	12.8779	0.158628	3	1.02848	25.7558	0.317256	1.32522	0.71102	0.0373034	0.000207107
24.6	12.9512	0.159031	3	1.03724	25.9025	0.318063	1.32522	0.718972	0.0366589	0.000201646
24.7	13.0233	0.159424	3	1.04599	26.0465	0.318848	1.32522	0.726943	0.0360145	0.00019633
24.8	13.094	0.159806	3	1.05474	26.188	0.319612	1.32522	0.734933	0.03537	0.000191154
24.9	13.1634	0.160178	3	1.06349	26.3269	0.320357	1.32522	0.742942	0.0347256	0.000186114
25	13.2316	0.160541	3	1.07223	26.4632	0.321082	1.32522	0.750969	0.0340811	0.000181208
25.1	13.2985	0.160894	3	1.08098	26.597	0.321788	1.32522	0.759014	0.0334366	0.00017643
25.2	13.3641	0.161237	3	1.08972	26.7281	0.322475	1.32522	0.767076	0.0327922	0.000171779
25.3	13.4284	0.161572	3	1.09847	26.8567	0.323144	1.32522	0.775154	0.0321477	0.00016725
25.4	13.4914	0.161897	3	1.10721	26.9827	0.323795	1.32522	0.783249	0.0315033	0.000162841
25.5	13.5531	0.162215	3	1.11595	27.1062	0.324429	1.32522	0.79136	0.0308588	0.000158548
25.6	13.6135	0.162523	3	1.12469	27.227	0.325047	1.32522	0.799486	0.0302143	0.000154368
25.7	13.6727	0.162824	3	1.13343	27.3453	0.325648	1.32522	0.807627	0.0295699	0.000150298
25.8	13.7305	0.163117	3	1.14216	27.461	0.326233	1.32522	0.815783	0.0289254	0.000146335
25.9	13.7871	0.163402	3	1.1509	27.5741	0.326803	1.32522	0.823953	0.0282809	0.000142477
26	13.8423	0.163679	3	1.15963	27.6847	0.327358	1.32522	0.832137	0.0276365	0.000138721
26.1	13.8963	0.163949	3	1.16837	27.7926	0.327898	1.32522	0.840334	0.026992	0.000135064
26.2	13.949	0.164212	3	1.1771	27.898	0.328424	1.32522	0.848545	0.0263476	0.000131503
26.3	14.0004	0.164468	3	1.18583	28.0008	0.328936	1.32522	0.856768	0.0257031	0.000128036
26.4	14.0505	0.164718	3	1.19456	28.1011	0.329435	1.32522	0.865004	0.0250586	0.000124661
26.5	14.0994	0.16496	3	1.20329	28.1987	0.329921	1.32522	0.873252	0.0244142	0.000121374
26.6	14.1469	0.165197	3	1.21202	28.2938	0.330393	1.32522	0.881512	0.0237697	0.000118174
26.7	14.1932	0.165427	3	1.22075	28.3863	0.330853	1.32522	0.889783	0.0231252	0.000115059
26.8	14.2381	0.165651	3	1.22948	28.4762	0.331302	1.32522	0.898066	0.0224808	0.000112025
26.9	14.2818	0.165869	3	1.23821	28.5636	0.331738	1.32522	0.906359	0.0218363	0.000109072
27	14.3242	0.166081	3	1.24693	28.6484	0.332163	1.32522	0.914664	0.0211919	0.000106196
27.1	14.3653	0.166288	3	1.25566	28.7305	0.332576	1.32522	0.922978	0.0205474	0.000103396
27.2	14.4051	0.166489	3	1.26438	28.8102	0.332979	1.32522	0.931302	0.0199029	0.00010067
27.3	14.4436	0.166685	3	1.27311	28.8872	0.333371	1.32522	0.939637	0.0192585	9.80164e-05
27.4	14.4808	0.166876	3	1.28183	28.9616	0.333753	1.32522	0.94798	0.018614	9.54324e-05
27.5	14.5168	0.167062	3	1.29055	29.0335	0.334124	1.32522	0.956334	0.0179696	9.29164e-05
27.6	14.5514	0.167243	3	1.29927	29.1028	0.334486	1.32522	0.964696	0.0173251	9.04668e-05
27.7	14.5848	0.167419	3	1.30799	29.1695	0.334839	1.32522	0.973067	0.0166806	8.80817e-05
27.8	14.6168	0.167591	3	1.31671	29.2337	0.335182	1.32522	0.981446	0.0160362	8.57596e-05
27.9	14.6476	0.167758	3	1.32543	29.2953	0.335516	1.32522	0.989834	0.0153917	8.34987e-05
28	14.6771	0.16792	3	1.33415	29.3542	0.335841	1.32522	0.99823	0.0147472	8.12974e-05
28.1	14.7053	0.168079	3	1.34287	29.4107	0.336157	1.32522	1.00663	0.0141028	7.91541e-05
28.2	14.7322	0.168233	3	1.35159	29.4645	0.336466	1.32522	1.01505	0.0134583	7.70674e-05
28.3	14.7579	0.168383	3	1.36031	29.5157	0.336766	1.32522	1.02346	0.0128139	7.50357e-05
28.4	14.7822	0.168529	3	1.36902	29.5644	0.337058	1.32522	1.03189	0.0121694	7.30575e-05
28.5	14.8053	0.168671	3	1.37774	29.6105	0.337343	1.32522	1.04032	0.0115249	7.11316e-05
28.6	14.827	0.16881	3	1.38645	29.654	0.33762	1.32522	1.04877	0.0108805	6.92565e-05
28.7	14.8475	0.168945	3	1.39517	29.695	0.337889	1.32522	1.05721	0.010236	6.74309e-05
28.8	14.8667	0.169076	3	1.40388	29.7334	0.338152	1.32522	1.06567	0.00959155	6.56534e-05
28.9	14.8846	0.169204	3	1.4126	29.7691	0.338408	1.32522	1.07413	0.00894708	6.3923e-05
29	14.9012	0.169328	3	1.42131	29.8024	0.338657	1.32522	1.08259	0.00830262	6.22383e-05
29.1	14.9165	0.169449	3	1.43003	29.833	0.338899	1.32522	1.09107	0.00765816	6.05984e-05
29.2	14.9305	0.169567	3	1.43874	29.861	0.339135	1.32522	1.09954	0.00701369	5.90021e-05
29.3	14.9433	0.169682	3	1.44745	29.8865	0.339365	1.32522	1.10803	0.00636923	5.74485e-05
29.4	14.9547	0.169794	3	1.45616	29.9094	0.339589	1.32522	1.11652	0.00572476	5.5937e-05
29.5	14.9649	0.169903	3	1.46487	29.9297	0.339806	1.32522	1.12501	0.00508029	5.44675e-05
29.6	14.9737	0.170009	3	1.47358	29.9475	0.340019	1.32522	1.13351	0.00443582	5.30408e-05
29.7	14.9813	0.170113	3	1.4823	29.9626	0.340225	1.32522	1.14202	0.00379133	5.16606e-05
29.8	14.9876	0.170213	3	1.49101	29.9752	0.340427	1.32522	1.15053	0.00314682	5.03384e-05
29.9	14.9926	0.170311	3	1.49972	29.9852	0.340623	1.32522	1.15905	0.00250223	4.91142e-05
30	14.9963	0.170408	3	1.50843	29.9927	0.340816	1.32522	1.16757	0.00185736	4.81693e-05
30.1	14.5736	0.151094	3	1.46765	29.1471	0.302187	1.32522	1.17512	-0.211387	-0.00965713
30.2	14.169	0.119736	3	1.4049	28.3381	0.239473	1.32522	1.18111	-0.202267	-0.0156786
30.3	13.7758	0.0865689	3	1.34199	27.5516	0.173138	1.32522	1.18544	-0.196619	-0.0165837
30.4	13.3915	0.0539309	3	1.27967	26.7831	0.107862	1.32522	1.18813	-0.192128	-0.016319
30.5	13.0149	0.023065	3	1.21998	26.0299	0.04613	1.32522	1.18929	-0.188305	-0.015433
30.6	12.6451	-0.00552622	3	1.16366	25.2901	-0.0110524	1.32522	1.18901	-0.184934	-0.0142956
30.7	12.2813	-0.0316929	3	1.11096	24.5625	-0.0633857	1.32522	1.18742	-0.181895	-0.0130833
30.8	11.923	-0.055471	3	1.06182	23.8461	-0.110942	1.32522	1.18465	-0.179112	-0.0118891
30.9	11.57	-0.0769899	3	1.01606	23.1399	-0.15398	1.32522	1.1808	-0.176536	-0.0107595
31	11.2217	-0.096421	3	0.973423	22.4434	-0.192842	1.32522	1.17598	-0.174131	-0.00971553
31.1	10.878	-0.113949	3	0.933621	21.7559	-0.227898	1.32522	1.17028	-0.17187	-0.00876405
31.2	10.5385	-0.129757	3	0.896377	21.077	-0.259514	1.32522	1.16379	-0.169734	-0.00790392
31.3	10.2031	-0.144017	3	0.861431	20.4062	-0.288034	1.32522	1.15659	-0.167705	-0.00712995
31.4	9.87155	-0.156887	3	0.828541	19.7431	-0.313774	1.32522	1.14875	-0.165772	-0.00643506
31.5	9.5437	-0.16851	3	0.797493	19.0874	-0.33702	1.32522	1.14032	-0.163923	-0.00581152
31.6	9.2194	-0.179013	3	0.768095	18.4388	-0.358027	1.32522	1.13137	-0.162151	-0.00525167
31.7	8.8985	-0.18851	3	0.74018	17.797	-0.37702	1.32522	1.12195	-0.160447	-0.00474831
31.8	8.58089	-0.1971	3	0.713599	17.1618	-0.394199	1.32522	1.11209	-0.158806	-0.00429486
31.9	8.26645	-0.204871	3	0.688223	16.5329	-0.409741	1.32522	1.10185	-0.157223	-0.00388544
32	7.95506	-0.2119	3	0.663939	15.9101	-0.423801	1.32522	1.09125	-0.155692	-0.00351486
32.1	7.64664	-0.218257	3	0.640648	15.2933	-0.436515	1.32522	1.08034	-0.15421	-0.00317855
32.2	7.3411	-0.224002	3	0.618264	14.6822	-0.448005	1.32522	1.06914	-0.152772	-0.00287255
32.3	7.03834	-0.229189	3	0.59671	14.0767	-0.458379	1.32522	1.05768	-0.151377	-0.00259341
32.4	6.7383	-0.233866	3	0.57592	13.4766	-0.467731	1.32522	1.04599	-0.150021	-0.00233815
32.5	6.4409	-0.238074	3	0.555833	12.8818	-0.476148	1.32522	1.03409	-0.148702	-0.00210416
32.6	6.14606	-0.241852	3	0.536399	12.2921	-0.483705	1.32522	1.02199	-0.147417	-0.0018892
32.7	5.85373	-0.245235	3	0.51757	11.7075	-0.49047	1.32522	1.00973	-0.146165	-0.0016913
32.8	5.56385	-0.248252	3	0.499305	11.1277	-0.496505	1.32522	0.997318	-0.144943	-0.00150877
32.9	5.27635	-0.250933	3	0.481566	10.5527	-0.501865	1.32522	0.984772	-0.14375	-0.00134012
33	4.99118	-0.253301	3	0.464321	9.98236	-0.506602	1.32522	0.972107	-0.142584	-0.00118405
33.1	4.70829	-0.25538	3	0.447539	9.41658	-0.510759	1.32522	0.959338	-0.141445	-0.0010394
33.2	4.42763	-0.25719	3	0.431193	8.85526	-0.51438	1.32522	0.946478	-0.14033	-0.000905172
33.3	4.14916	-0.258751	3	0.415258	8.29831	-0.517502	1.32522	0.933541	-0.139238	-0.000780467
33.4	3.87282	-0.26008	3	0.399712	7.74563	-0.52016	1.32522	0.920537	-0.138169	-0.000664493
33.5	3.59857	-0.261193	3	0.384534	7.19715	-0.522386	1.32522	0.907477	-0.137122	-0.000556542
33.6	3.32639	-0.262105	3	0.369706	6.65277	-0.52421	1.32522	0.894372	-0.136094	-0.000455983
33.7	3.05621	-0.262829	3	0.355209	6.11242	-0.525659	1.32522	0.88123	-0.135087	-0.000362248
33.8	2.78801	-0.263379	3	0.341028	5.57603	-0.526758	1.32522	0.868061	-0.134098	-0.000274825
33.9	2.52176	-0.263766	3	0.327149	5.04352	-0.527531	1.32522	0.854873	-0.133128	-0.000193253
34	2.25741	-0.264	3	0.313556	4.51482	-0.528	1.32522	0.841673	-0.132174	-0.000117113
34.1	1.99494	-0.264092	3	0.300239	3.98987	-0.528184	1.32522	0.828468	-0.131238	-4.60252e-05
34.2	1.7343	-0.264051	3	0.287184	3.4686	-0.528102	1.32522	0.815266	-0.130317	2.0357e-05
34.3	1.47548	-0.263886	3	0.274381	2.95096	-0.527773	1.32522	0.802071	-0.129412	8.23505e-05
34.4	1.21844	-0.263606	3	0.26182	2.43687	-0.527212	1.32522	0.788891	-0.128521	0.000140246
34.5	0.963144	-0.263217	3	0.24949	1.92629	-0.526435	1.32522	0.77573	-0.127646	0.000194309
34.6	0.709577	-0.262728	2.65307	0.237383	1.41915	-0.525455	1.3607	0.762594	-0.126784	0.000244787
34.7	0.508956	-0.261973	2.30375	0.225927	1.01791	-0.523946	1.38615	0.749495	-0.100311	0.000377427
34.8	0.361272	-0.260688	2.05291	0.215729	0.722544	-0.521375	1.40421	0.736461	-0.0738421	0.000642684
34.9	0.251619	-0.258753	1.86521	0.206983	0.503239	-0.517507	1.41679	0.723523	-0.0548262	0.000967007
35	0.170419	-0.256167	1.72555	0.199675	0.340839	-0.512334	1.42532	0.710715	-0.0406001	0.00129332
35.1	0.110384	-0.252979	1.62158	0.193703	0.220767	-0.505957	1.43083	0.698066	-0.0300179	0.00159407
35.2	0.066101	-0.249268	1.5442	0.188922	0.132202	-0.498536	1.43414	0.685603	-0.0221413	0.00185535
35.3	0.0335403	-0.245123	1.48662	0.185172	0.0670805	-0.490246	1.43582	0.673346	-0.0162804	0.00207238
35.4	0.00969939	-0.240632	1.44378	0.182296	0.0193988	-0.481264	1.4363	0.661315	-0.0119204	0.00224557
35.5	-0.00765734	-0.235876	1.41193	0.180148	-0.0153147	-0.471752	1.43592	0.649521	-0.00867836	0.00237815
35.6	-0.0201948	-0.230926	1.38825	0.178597	-0.0403896	-0.461853	1.43491	0.637975	-0.00626874	0.00247473
35.7	-0.0291529	-0.225846	1.37067	0.177531	-0.0583058	-0.451691	1.43345	0.626682	-0.00447903	0.00254031
35.8	-0.0354548	-0.220686	1.35762	0.176856	-0.0709095	-0.441372	1.43168	0.615648	-0.00315094	0.00257985
35.9	-0.0397878	-0.21549	1.34795	0.176491	-0.0795757	-0.430981	1.42969	0.604874	-0.00216654	0.00259788
36	-0.0426639	-0.210293	1.34079	0.176371	-0.0853278	-0.420587	1.42756	0.594359	-0.00143804	0.00259846
36.1	-0.0444639	-0.205123	1.3355	0.176442	-0.0889279	-0.410246	1.42533	0.584103	-0.000900008	0.00258509
36.2	-0.0454714	-0.200002	1.33161	0.17666	-0.0909428	-0.400003	1.42306	0.574103	-0.00050374	0.00256072
36.3	-0.0458973	-0.194946	1.32876	0.176991	-0.0917946	-0.389892	1.42076	0.564355	-0.000212948	0.00252782
36.4	-0.0458985	-0.189969	1.32667	0.177407	-0.0917971	-0.379938	1.41847	0.554857	-6.07768e-07	0.00248842
36.5	-0.0455917	-0.185081	1.32516	0.177885	-0.0911834	-0.370162	1.41619	0.545603	0.000153408	0.00244417
36.6	-0.0450635	-0.180288	1.32407	0.178409	-0.0901271	-0.360576	1.41394	0.536588	0.000264088	0.00239641
36.7	-0.0443783	-0.175596	1.3233	0.178964	-0.0887567	-0.351191	1.41172	0.527809	0.000342594	0.0023462
36.8	-0.0435839	-0.171007	1.32277	0.179539	-0.0871677	-0.342014	1.40954	0.519258	0.000397239	0.00229439
36.9	-0.0427155	-0.166524	1.32241	0.180127	-0.0854309	-0.333047	1.4074	0.510932	0.000434209	0.00224165
37	-0.0417992	-0.162147	1.32217	0.18072	-0.0835984	-0.324293	1.40531	0.502825	0.000458113	0.0021885
37.1	-0.0408545	-0.157876	1.32203	0.181315	-0.0817089	-0.315752	1.40327	0.494931	0.00047238	0.00213534
37.2	-0.0398953	-0.153711	1.32196	0.181906	-0.0797907	-0.307422	1.40128	0.487245	0.000479561	0.00208248
37.3	-0.0389322	-0.149651	1.32195	0.182492	-0.0778645	-0.299301	1.39933	0.479763	0.000481554	0.00203016
37.4	-0.0379727	-0.145694	1.32196	0.18307	-0.0759454	-0.291387	1.39743	0.472478	0.000479771	0.00197856
37.5	-0.0370222	-0.141838	1.32201	0.183638	-0.0740443	-0.283676	1.39558	0.465386	0.000475262	0.00192781
37.6	-0.0360846	-0.138082	1.32207	0.184196	-0.0721691	-0.276164	1.39377	0.458482	0.000468805	0.001878
37.7	-0.0351626	-0.134424	1.32215	0.184743	-0.0703252	-0.268847	1.39202	0.451761	0.000460979	0.0018292
37.8	-0.0342582	-0.130861	1.32224	0.185278	-0.0685164	-0.261721	1.3903	0.445218	0.000452212	0.00178145
37.9	-0.0333725	-0.127391	1.32233	0.185801	-0.0667451	-0.254782	1.38863	0.438849	0.000442822	0.00173478
38	-0.0325064	-0.124013	1.32243	0.186312	-0.0650129	-0.248025	1.38701	0.432648	0.000433043	0.00168921
38.1	-0.0316604	-0.120723	1.32253	0.18681	-0.0633207	-0.241446	1.38543	0.426612	0.000423046	0.00164474
38.2	-0.0308344	-0.11752	1.32263	0.187296	-0.0616689	-0.235041	1.38388	0.420736	0.00041296	0.00160136
38.3	-0.0300287	-0.114402	1.32273	0.18777	-0.0600574	-0.228805	1.38238	0.415016	0.000402876	0.00155907
38.4	-0.029243	-0.111367	1.32283	0.188232	-0.0584859	-0.222733	1.38092	0.409447	0.000392861	0.00151785
38.5	-0.028477	-0.108411	1.32293	0.188682	-0.0569541	-0.216822	1.3795	0.404027	0.000382963	0.00147768
38.6	-0.0277306	-0.105534	1.32302	0.18912	-0.0554612	-0.211068	1.37811	0.39875	0.000373217	0.00143856
38.7	-0.0270033	-0.102733	1.32312	0.189547	-0.0540066	-0.205466	1.37676	0.393613	0.000363646	0.00140044
38.8	-0.0262948	-0.100007	1.32321	0.189963	-0.0525896	-0.200013	1.37545	0.388613	0.000354266	0.00136333
38.9	-0.0256046	-0.0973522	1.3233	0.190368	-0.0512092	-0.194704	1.37417	0.383745	0.000345088	0.00132718
39	-0.0249324	-0.0947683	1.32339	0.190762	-0.0498647	-0.189537	1.37292	0.379007	0.000336118	0.00129198
39.1	-0.0242776	-0.0922528	1.32348	0.191146	-0.0485553	-0.184506	1.37171	0.374394	0.000327358	0.00125771
39.2	-0.02364	-0.0898041	1.32356	0.19152	-0.0472801	-0.179608	1.37052	0.369904	0.00031881	0.00122435
39.3	-0.0230191	-0.0874204	1.32364	0.191884	-0.0460382	-0.174841	1.36937	0.365533	0.000310473	0.00119186
39.4	-0.0224144	-0.0850999	1.32373	0.192238	-0.0448288	-0.1702	1.36825	0.361278	0.000302345	0.00116024
39.5	-0.0218255	-0.082841	1.3238	0.192583	-0.0436511	-0.165682	1.36716	0.357136	0.000294423	0.00112945
39.6	-0.0212521	-0.0806421	1.32388	0.192919	-0.0425043	-0.161284	1.3661	0.353104	0.000286703	0.00109947
39.7	-0.0206938	-0.0785015	1.32395	0.193246	-0.0413876	-0.157003	1.36506	0.349179	0.000279181	0.0010703
39.8	-0.0201501	-0.0764177	1.32403	0.193564	-0.0403001	-0.152835	1.36406	0.345358	0.000271855	0.00104189
39.9	-0.0196206	-0.0743892	1.3241	0.193874	-0.0392413	-0.148778	1.36307	0.341639	0.000264718	0.00101424
40	-0.0191051	-0.0724146	1.32417	0.194176	-0.0382102	-0.144829	1.36212	0.338018	0.000257767	0.000987316
40.1	-0.0186031	-0.0704924	1.32423	0.194469	-0.0372062	-0.140985	1.36119	0.334493	0.000250997	0.00096111
40.2	-0.0181143	-0.0686212	1.3243	0.194755	-0.0362286	-0.137242	1.36028	0.331062	0.000244405	0.0009356
40.3	-0.0176383	-0.0667997	1.32436	0.195034	-0.0352766	-0.133599	1.3594	0.327722	0.000237985	0.000910766
40.4	-0.0171749	-0.0650265	1.32442	0.195304	-0.0343497	-0.130053	1.35854	0.324471	0.000231733	0.000886591
40.5	-0.0167236	-0.0633004	1.32449	0.195568	-0.0334471	-0.126601	1.35771	0.321306	0.000225645	0.000863058
40.6	-0.0162841	-0.0616201	1.32454	0.195825	-0.0325683	-0.12324	1.35689	0.318225	0.000219716	0.00084015
40.7	-0.0158562	-0.0599844	1.3246	0.196075	-0.0317125	-0.119969	1.3561	0.315226	0.000213943	0.000817849
40.8	-0.0154396	-0.0583921	1.32466	0.196318	-0.0308792	-0.116784	1.35533	0.312306	0.000208322	0.00079614
40.9	-0.0150339	-0.0568421	1.32471	0.196555	-0.0300678	-0.113684	1.35458	0.309464	0.000202848	0.000775008
41	-0.0146389	-0.0553332	1.32476	0.196785	-0.0292777	-0.110666	1.35384	0.306697	0.000197519	0.000754436
41.1	-0.0142542	-0.0538644	1.32482	0.19701	-0.0285084	-0.107729	1.35313	0.304004	0.000192329	0.00073441
41.2	-0.0138797	-0.0524345	1.32487	0.197228	-0.0277593	-0.104869	1.35244	0.301382	0.000187275	0.000714916
41.3	-0.013515	-0.0510427	1.32491	0.197441	-0.0270299	-0.102085	1.35176	0.29883	0.000182354	0.00069594
41.4	-0.0131598	-0.0496877	1.32496	0.197648	-0.0263197	-0.0993755	1.3511	0.296346	0.000177562	0.000677467
41.5	-0.012814	-0.0483688	1.32501	0.197849	-0.0256281	-0.0967375	1.35046	0.293927	0.000172897	0.000659484
41.6	-0.0124773	-0.0470848	1.32505	0.198045	-0.0249547	-0.0941696	1.34984	0.291573	0.000168354	0.000641979
41.7	-0.0121495	-0.0458349	1.3251	0.198236	-0.0242989	-0.0916699	1.34923	0.289281	0.00016393	0.000624938
41.8	-0.0118302	-0.0446182	1.32514	0.198422	-0.0236605	-0.0892365	1.34864	0.28705	0.000159622	0.000608349
41.9	-0.0115194	-0.0434338	1.32518	0.198603	-0.0230387	-0.0868677	1.34806	0.284879	0.000155428	0.000592201
42	-0.0112167	-0.0422809	1.32522	0.198779	-0.0224334	-0.0845617	1.3475	0.282765	0.000151344	0.000576482
42.1	-0.0109219	-0.0411585	1.32526	0.198951	-0.0218439	-0.082317	1.34696	0.280707	0.000147367	0.00056118
42.2	-0.010635	-0.0400659	1.3253	0.199118	-0.0212699	-0.0801319	1.34643	0.278703	0.000143495	0.000546284
42.3	-0.0103555	-0.0390024	1.32534	0.19928	-0.020711	-0.0780048	1.34591	0.276753	0.000139724	0.000531783
42.4	-0.0100834	-0.037967	1.32537	0.199439	-0.0201668	-0.0759341	1.3454	0.274855	0.000136053	0.000517667
42.5	-0.00981845	-0.0369592	1.32541	0.199593	-0.0196369	-0.0739184	1.34491	0.273007	0.000132478	0.000503926
42.6	-0.00956046	-0.0359781	1.32544	0.199742	-0.0191209	-0.0719562	1.34443	0.271208	0.000128997	0.00049055
42.7	-0.00930924	-0.035023	1.32548	0.199888	-0.0186185	-0.0700461	1.34397	0.269457	0.000125607	0.000477529
42.8	-0.00906463	-0.0340933	1.32551	0.20003	-0.0181293	-0.0681866	1.34352	0.267752	0.000122307	0.000464853
42.9	-0.00882644	-0.0331883	1.32554	0.200169	-0.0176529	-0.0663766	1.34307	0.266093	0.000119093	0.000452514
43	-0.00859452	-0.0323073	1.32557	0.200303	-0.017189	-0.0646146	1.34264	0.264478	0.000115963	0.000440502
43.1	-0.00836868	-0.0314497	1.3256	0.200434	-0.0167374	-0.0628993	1.34223	0.262905	0.000112916	0.00042881
43.2	-0.00814879	-0.0306148	1.32563	0.200562	-0.0162976	-0.0612296	1.34182	0.261374	0.000109949	0.000417427
43.3	-0.00793467	-0.0298021	1.32566	0.200686	-0.0158693	-0.0596042	1.34142	0.259884	0.00010706	0.000406347
43.4	-0.00772617	-0.029011	1.32569	0.200807	-0.0154523	-0.058022	1.34104	0.258434	0.000104247	0.000395561
43.5	-0.00752316	-0.0282409	1.32571	0.200925	-0.0150463	-0.0564818	1.34066	0.257022	0.000101508	0.000385061
43.6	-0.00732548	-0.0274912	1.32574	0.201039	-0.014651	-0.0549824	1.34029	0.255647	9.88404e-05	0.000374839
43.7	-0.00713299	-0.0267614	1.32577	0.201151	-0.014266	-0.0535228	1.33994	0.254309	9.62433e-05	0.000364889
43.8	-0.00694556	-0.026051	1.32579	0.20126	-0.0138911	-0.052102	1.33959	0.253006	9.37143e-05	0.000355204
43.9	-0.00676306	-0.0253595	1.32582	0.201365	-0.0135261	-0.0507189	1.33925	0.251738	9.12518e-05	0.000345775
44	-0.00658535	-0.0246863	1.32584	0.201468	-0.0131707	-0.0493725	1.33892	0.250504	8.88541e-05	0.000336597
44.1	-0.00641231	-0.024031	1.32586	0.201568	-0.0128246	-0.0480619	1.3386	0.249303	8.65193e-05	0.000327662
44.2	-0.00624382	-0.023393	1.32589	0.201666	-0.0124876	-0.046786	1.33829	0.248133	8.42459e-05	0.000318964
44.3	-0.00607975	-0.022772	1.32591	0.201761	-0.0121595	-0.0455441	1.33799	0.246994	8.20322e-05	0.000310497
44.4	-0.00592	-0.0221675	1.32593	0.201853	-0.01184	-0.044335	1.33769	0.245886	7.98767e-05	0.000302255
44.5	-0.00576444	-0.0215791	1.32595	0.201943	-0.0115289	-0.0431581	1.3374	0.244807	7.77778e-05	0.000294232
44.6	-0.00561298	-0.0210062	1.32597	0.202031	-0.011226	-0.0420124	1.33712	0.243757	7.57341e-05	0.000286422
44.7	-0.00546549	-0.0204486	1.32599	0.202116	-0.010931	-0.0408971	1.33685	0.242734	7.37441e-05	0.000278819
44.8	-0.00532188	-0.0199057	1.32601	0.202199	-0.0106438	-0.0398115	1.33658	0.241739	7.18063e-05	0.000271418
44.9	-0.00518204	-0.0193773	1.32603	0.20228	-0.0103641	-0.0387546	1.33632	0.24077	6.99195e-05	0.000264213
45	-0.00504587	-0.0188629	1.32605	0.202358	-0.0100917	-0.0377258	1.33607	0.239827	6.80823e-05	0.000257199
45.1	-0.00491329	0.0115456	1.32606	0.2787	-0.00982657	0.0230912	1.33582	0.240404	6.62933e-05	0.0152043
45.2	-0.00478418	0.0417828	1.32608	0.341178	-0.00956836	0.0835656	1.33558	0.242493	6.45514e-05	0.0151186
45.3	-0.00465847	0.0718495	1.3261	0.404818	-0.00931694	0.143699	1.33535	0.246086	6.28552e-05	0.0150334
45.4	-0.00453606	0.101747	1.32611	0.469615	-0.00907213	0.203493	1.33512	0.251173	6.12036e-05	0.0149485
45.5	-0.00441687	0.131475	1.32613	0.53556	-0.00883375	0.262949	1.3349	0.257747	5.95954e-05	0.0148641
45.6	-0.00430082	0.161035	1.32615	0.602648	-0.00860163	0.32207	1.33469	0.265799	5.80294e-05	0.01478
45.7	-0.00418781	0.190428	1.32616	0.670872	-0.00837561	0.380855	1.33448	0.27532	5.65046e-05	0.0146964
45.8	-0.00407777	0.219654	1.32618	0.740224	-0.00815553	0.439308	1.33428	0.286303	5.50199e-05	0.0146132
45.9	-0.00397062	0.248715	1.32619	0.810698	-0.00794124	0.497429	1.33408	0.298738	5.35742e-05	0.0145304
46	-0.00386628	0.277611	1.3262	0.882288	-0.00773257	0.555221	1.33388	0.312619	5.21664e-05	0.014448
46.1	-0.00376469	0.306343	1.32622	0.954987	-0.00752939	0.612685	1.3337	0.327936	5.07957e-05	0.0143659
46.2	-0.00366577	0.334911	1.32623	1.02879	-0.00733154	0.669822	1.33351	0.344682	4.9461e-05	0.0142843
46.3	-0.00356945	0.363317	1.32624	1.10369	-0.0071389	0.726635	1.33333	0.362848	4.81613e-05	0.0142031
46.4	-0.00347566	0.391562	1.32626	1.17967	-0.00695131	0.783124	1.33316	0.382426	4.68958e-05	0.0141223
46.5	-0.00338433	0.419646	1.32627	1.25674	-0.00676866	0.839291	1.33299	0.403408	4.56636e-05	0.0140418
46.6	-0.0032954	0.447569	1.32628	1.33489	-0.00659081	0.895138	1.33283	0.425786	4.44637e-05	0.0139618
46.7	-0.00320881	0.475334	1.32629	1.4141	-0.00641762	0.950667	1.33267	0.449553	4.32954e-05	0.0138822
46.8	-0.0031245	0.502939	1.3263	1.49438	-0.00624899	1.00588	1.33251	0.4747	4.21577e-05	0.0138029
46.9	-0.0030424	0.530388	1.32631	1.57572	-0.00608479	1.06078	1.33236	0.501219	4.105e-05	0.0137241
47	-0.00296245	0.557679	1.32632	1.65811	-0.00592491	1.11536	1.33221	0.529103	3.99713e-05	0.0136456
47.1	-0.00288461	0.584814	1.32633	1.74154	-0.00576922	1.16963	1.33206	0.558344	3.8921e-05	0.0135675
47.2	-0.00280882	0.611793	1.32634	1.82601	-0.00561763	1.22359	1.33192	0.588934	3.78983e-05	0.0134898
47.3	-0.00273501	0.638619	1.32635	1.91151	-0.00547002	1.27724	1.33179	0.620865	3.69025e-05	0.0134125
47.4	-0.00266314	0.66529	1.32636	1.99804	-0.00532629	1.33058	1.33165	0.654129	3.59328e-05	0.0133356
47.5	-0.00259317	0.691808	1.32637	2.08559	-0.00518633	1.38362	1.33152	0.68872	3.49887e-05	0.0132591
47.6	-0.00252503	0.718174	1.32638	2.17416	-0.00505006	1.43635	1.3314	0.724628	3.40693e-05	0.0131829
47.7	-0.00245868	0.744388	1.32639	2.26373	-0.00491736	1.48878	1.33128	0.761848	3.31741e-05	0.0131071
47.8	-0.00239408	0.770451	1.3264	2.3543	-0.00478815	1.5409	1.33116	0.80037	3.23024e-05	0.0130317
47.9	-0.00233117	0.796365	1.32641	2.44587	-0.00466234	1.59273	1.33104	0.840188	3.14536e-05	0.0129567
48	-0.00226991	0.822129	1.32642	2.53844	-0.00453983	1.64426	1.33093	0.881295	3.06271e-05	0.0128821
48.1	-0.00221027	0.847745	1.32642	2.63198	-0.00442054	1.69549	1.33082	0.923682	2.98224e-05	0.0128078
48.2	-0.00215219	0.873213	1.32643	2.7265	-0.00430438	1.74643	1.33071	0.967343	2.90387e-05	0.0127339
48.3	-0.00209564	0.898533	1.32644	2.822	-0.00419128	1.79707	1.3306	1.01227	2.82757e-05	0.0126604
48.4	-0.00204057	0.923708	1.32645	2.91846	-0.00408115	1.84742	1.3305	1.05845	2.75327e-05	0.0125873
48.5	-0.00198696	0.948737	1.32645	2.96844	-0.00397391	1.89747	1.3304	1.05845	2.68093e-05	0.0125145
48.6	-0.00193475	0.973621	1.32646	3	-0.00386949	1.94724	1.3303	1.05845	2.61048e-05	0.0124421
48.7	-0.00188391	0.998361	1.32647	3	-0.00376782	1.99672	1.33021	1.05845	2.54189e-05	0.0123701
48.8	-0.00183441	1.02296	1.32648	3	-0.00366881	2.04592	1.33012	1.05845	2.4751e-05	0.0122984
48.9	-0.00178621	1.04741	1.32648	3	-0.00357241	2.09482	1.33003	1.05845	2.41006e-05	0.0122271
49	-0.00173927	1.07172	1.32649	3	-0.00347854	2.14345	1.32994	1.05845	2.34673e-05	0.0121562
49.1	-0.00169357	1.0959	1.32649	3	-0.00338714	2.19179	1.32986	1.05845	2.28507e-05	0.0120856
49.2	-0.00164907	1.11993	1.3265	3	-0.00329814	2.23985	1.32978	1.05845	2.22503e-05	0.0120154
49.3	-0.00160574	1.14382	1.32651	3	-0.00321148	2.28764	1.3297	1.05845	2.16656e-05	0.0119455
49.4	-0.00156355	1.16757	1.32651	3	-0.00312709	2.33514	1.32962	1.05845	2.10963e-05	0.011876
49.5	-0.00152246	1.19118	1.32652	3	-0.00304492	2.38237	1.32954	1.05845	2.0542e-05	0.0118069
49.6	-0.00148246	1.21466	1.32652	3	-0.00296491	2.42932	1.32947	1.05845	2.00022e-05	0.0117381
49.7	-0.0014435	1.238	1.32653	3	-0.00288701	2.476	1.32939	1.05845	1.94767e-05	0.0116697
49.8	-0.00140557	1.2612	1.32653	3	-0.00281115	2.5224	1.32932	1.05845	1.89649e-05	0.0116016
49.9	-0.00136864	1.28427	1.32654	3	-0.00273728	2.56854	1.32926	1.05845	1.84666e-05	0.0115339
50	-0.00133268	1.3072	1.32654	3	-0.00266536	2.61441	1.32919	1.05845	1.79813e-05	0.0114666
50.1	-0.00129766	1.33	1.32655	3	-0.00259532	2.66	1.32912	1.05845	1.75088e-05	0.0113995
50.2	-0.00126356	1.35267	1.32655	3	-0.00252713	2.70534	1.32906	1.05845	1.70488e-05	0.0113329
50.3	-0.00123036	1.3752	1.32656	3	-0.00246072	2.7504	1.329	1.05845	1.66008e-05	0.0112666
50.4	-0.00119803	1.3976	1.32656	3	-0.00239606	2.7952	1.32894	1.05845	1.61646e-05	0.0112006
50.5	-0.00116655	1.41987	1.32656	3	-0.0023331	2.83974	1.32888	1.05845	1.57398e-05	0.011135
50.6	-0.0011359	1.44201	1.32657	3	-0.0022718	2.88402	1.32882	1.05845	1.53263e-05	0.0110697
50.7	-0.00110605	1.46402	1.32657	3	-0.00221211	2.92804	1.32877	1.05845	1.49235e-05	0.0110047
50.8	-0.00107699	1.4859	1.32658	3	-0.00215398	2.9718	1.32872	1.05845	1.45314e-05	0.0109401
50.9	-0.00104869	1.50765	1.32658	3	-0.00209738	3.01531	1.32866	1.05845	1.41496e-05	0.0108759
51	-0.00102114	1.52928	1.32658	3	-0.00204227	3.05855	1.32861	1.05845	1.37778e-05	0.0108119
51.1	-0.000994304	1.55077	1.32659	3	-0.00198861	3.10155	1.32856	1.05845	1.34158e-05	0.0107483
51.2	-0.000968177	1.57214	1.32659	3	-0.00193635	3.14429	1.32851	1.05845	1.30632e-05	0.0106851
51.3	-0.000942737	1.59339	1.32659	3	-0.00188547	3.18678	1.32847	1.05845	1.272e-05	0.0106222
51.4	-0.000917966	1.61451	1.3266	3	-0.00183593	3.22901	1.32842	1.05845	1.23858e-05	0.0105596
51.5	-0.000893845	1.6355	1.3266	3	-0.00178769	3.271	1.32838	1.05845	1.20603e-05	0.0104973
51.6	-0.000870358	1.65637	1.3266	3	-0.00174072	3.31275	1.32833	1.05845	1.17434e-05	0.0104354
51.7	-0.000847489	1.67712	1.32661	3	-0.00169498	3.35424	1.32829	1.05845	1.14348e-05	0.0103738
51.8	-0.00082522	1.69775	1.32661	3	-0.00165044	3.39549	1.32825	1.05845	1.11344e-05	0.0103126
51.9	-0.000803536	1.71825	1.32661	3	-0.00160707	3.4365	1.32821	1.05845	1.08418e-05	0.0102516
52	-0.000782422	1.73863	1.32662	3	-0.00156484	3.47726	1.32817	1.05845	1.05569e-05	0.010191
52.1	-0.000761863	1.75889	1.32662	3	-0.00152373	3.51778	1.32813	1.05845	1.02795e-05	0.0101307
52.2	-0.000741844	1.77903	1.32662	3	-0.00148369	3.55807	1.32809	1.05845	1.00094e-05	0.0100707
52.3	-0.000722352	1.79906	1.32662	3	-0.0014447	3.59811	1.32806	1.05845	9.74641e-06	0.0100111
52.4	-0.000703371	1.81896	1.32663	3	-0.00140674	3.63792	1.32802	1.05845	9.49031e-06	0.00995175
52.5	-0.000684889	1.83874	1.32663	3	-0.00136978	3.67749	1.32799	1.05845	9.24094e-06	0.00989274
52.6	-0.000666893	1.85841	1.32663	3	-0.00133379	3.71683	1.32796	1.05845	8.99813e-06	0.00983404
52.7	-0.000649369	1.87796	1.32663	3	-0.00129874	3.75593	1.32792	1.05845	8.76169e-06	0.00977566
52.8	-0.000632307	1.8974	1.32664	3	-0.00126461	3.7948	1.32789	1.05845	8.53147e-06	0.00971759
52.9	-0.000615692	1.91672	1.32664	3	-0.00123138	3.83344	1.32786	1.05845	8.30729e-06	0.00965984
53	-0.000599514	1.93592	1.32664	3	-0.00119903	3.87185	1.32783	1.05845	8.08901e-06	0.0096024
53.1	-0.000583761	1.95501	1.32664	3	-0.00116752	3.91003	1.3278	1.05845	7.87646e-06	0.00954527
53.2	-0.000568422	1.97399	1.32664	3	-0.00113684	3.94798	1.32777	1.05845	7.6695e-06	0.00948844
53.3	-0.000553486	1.99286	1.32665	3	-0.00110697	3.98571	1.32775	1.05845	7.46797e-06	0.00943193
53.4	-0.000538943	2.01161	1.32665	3	-0.00107789	4.02321	1.32772	1.05845	7.27174e-06	0.00937572
53.5	-0.000524781	2.03025	1.32665	3	-0.00104956	4.06049	1.32769	1.05845	7.08067e-06	0.00931982
53.6	-0.000510992	2.04877	1.32665	3	-0.00102198	4.09755	1.32767	1.05845	6.89462e-06	0.00926422
53.7	-0.000497565	2.06719	1.32665	3	-0.00099513	4.13439	1.32764	1.05845	6.71345e-06	0.00920892
53.8	-0.000484491	2.0855	1.32666	3	-0.000968982	4.171	1.32762	1.05845	6.53705e-06	0.00915392
53.9	-0.00047176	2.1037	1.32666	3	-0.000943521	4.2074	1.32759	1.05845	6.36528e-06	0.00909922
54	-0.000459364	2.12179	1.32666	3	-0.000918729	4.24358	1.32757	1.05845	6.19802e-06	0.00904482
54.1	-0.000447294	2.13977	1.32666	3	-0.000894588	4.27954	1.32755	1.05845	6.03516e-06	0.00899072
54.2	-0.000435541	2.15764	1.32666	3	-0.000871082	4.31529	1.32753	1.05845	5.87658e-06	0.00893692
54.3	-0.000424097	2.17541	1.32666	3	-0.000848193	4.35082	1.32751	1.05845	5.72217e-06	0.0088834
54.4	-0.000412953	2.19307	1.32666	3	-0.000825906	4.38614	1.32749	1.05845	5.57181e-06	0.00883019
54.5	-0.000402102	2.21063	1.32667	3	-0.000804204	4.42125	1.32747	1.05845	5.42541e-06	0.00877726
54.6	-0.000391536	2.22807	1.32667	3	-0.000783073	4.45615	1.32745	1.05845	5.28285e-06	0.00872462
54.7	-0.000381248	2.24542	1.32667	3	-0.000762497	4.49084	1.32743	1.05845	5.14404e-06	0.00867228
54.8	-0.000371231	2.26266	1.32667	3	-0.000742461	4.52532	1.32741	1.05845	5.00887e-06	0.00862022
54.9	-0.000361476	2.2798	1.32667	3	-0.000722952	4.55959	1.32739	1.05845	4.87726e-06	0.00856845
55	-0.000351978	2.29683	1.32667	3	-0.000703956	4.59366	1.32737	1.05845	4.7491e-06	0.00851696
55.1	-0.000342729	2.31376	1.32667	3	-0.000685459	4.62752	1.32736	1.05845	4.62431e-06	0.00846576
55.2	-0.000333724	2.33059	1.32668	3	-0.000667447	4.66118	1.32734	1.05845	4.5028e-06	0.00841484
55.3	-0.000324955	2.34732	1.32668	3	-0.000649909	4.69464	1.32732	1.05845	4.38449e-06	0.0083642
55.4	-0.000316416	2.36395	1.32668	3	-0.000632832	4.7279	1.32731	1.05845	4.26928e-06	0.00831384
55.5	-0.000308102	2.38048	1.32668	3	-0.000616204	4.76095	1.32729	1.05845	4.1571e-06	0.00826377
55.6	-0.000300006	2.3969	1.32668	3	-0.000600012	4.79381	1.32728	1.05845	4.04787e-06	0.00821397
55.7	-0.000292123	2.41323	1.32668	3	-0.000584246	4.82646	1.32726	1.05845	3.9415e-06	0.00816444
55.8	-0.000284447	2.42946	1.32668	3	-0.000568895	4.85893	1.32725	1.05845	3.83794e-06	0.00811519
55.9	-0.000276973	2.4456	1.32668	3	-0.000553946	4.89119	1.32723	1.05845	3.73709e-06	0.00806622
56	-0.000269695	2.46163	1.32668	3	-0.000539391	4.92326	1.32722	1.05845	3.63889e-06	0.00801752
56.1	-0.000262609	2.47757	1.32669	3	-0.000525218	4.95514	1.32721	1.05845	3.54328e-06	0.00796909
56.2	-0.000255708	2.49341	1.32669	3	-0.000511417	4.98682	1.32719	1.05845	3.45017e-06	0.00792093
56.3	-0.000248989	2.50916	1.32669	3	-0.000497979	5.01831	1.32718	1.05845	3.35952e-06	0.00787303
56.4	-0.000242447	2.52481	1.32669	3	-0.000484894	5.04961	1.32717	1.05845	3.27124e-06	0.00782541
56.5	-0.000236076	2.54036	1.32669	3	-0.000472153	5.08073	1.32716	1.05845	3.18529e-06	0.00777805
56.6	-0.000229873	2.55582	1.32669	3	-0.000459746	5.11165	1.32715	1.05845	3.10159e-06	0.00773096
56.7	-0.000223833	2.57119	1.32669	3	-0.000447666	5.14239	1.32713	1.05845	3.02009e-06	0.00768414
56.8	-0.000217952	2.58647	1.32669	3	-0.000435903	5.17294	1.32712	1.05845	2.94073e-06	0.00763757
56.9	-0.000212225	2.60165	1.32669	3	-0.000424449	5.2033	1.32711	1.05845	2.86346e-06	0.00759127
57	-0.000206648	2.61674	1.32669	3	-0.000413296	5.23348	1.3271	1.05845	2.78822e-06	0.00754522
57.1	-0.000201218	2.63174	1.32669	3	-0.000402437	5.26348	1.32709	1.05845	2.71496e-06	0.00749944
57.2	-0.000195931	2.64665	1.32669	3	-0.000391862	5.2933	1.32708	1.05845	2.64362e-06	0.00745391
57.3	-0.000190783	2.66147	1.32669	3	-0.000381565	5.32293	1.32707	1.05845	2.57416e-06	0.00740864
57.4	-0.00018577	2.67619	1.3267	3	-0.000371539	5.35239	1.32706	1.05845	2.50652e-06	0.00736363
57.5	-0.000180888	2.69083	1.3267	3	-0.000361777	5.38166	1.32706	1.05845	2.44066e-06	0.00731887
57.6	-0.000176135	2.70538	1.3267	3	-0.000352271	5.41076	1.32705	1.05845	2.37652e-06	0.00727436
57.7	-0.000171507	2.71984	1.3267	3	-0.000343014	5.43968	1.32704	1.05845	2.31408e-06	0.00723011
57.8	-0.000167001	2.73421	1.3267	3	-0.000334001	5.46842	1.32703	1.05845	2.25327e-06	0.0071861
57.9	-0.000162612	2.7485	1.3267	3	-0.000325225	5.49699	1.32702	1.05845	2.19407e-06	0.00714235
58	-0.00015834	2.76269	1.3267	3	-0.000316679	5.52539	1.32701	1.05845	2.13641e-06	0.00709884
58.1	-0.000154179	2.77681	1.3267	3	-0.000308358	5.55361	1.32701	1.05845	2.08028e-06	0.00705558
58.2	-0.000150128	2.79083	1.3267	3	-0.000300256	5.58166	1.327	1.05845	2.02562e-06	0.00701257
58.3	-0.000146183	2.80477	1.3267	3	-0.000292366	5.60954	1.32699	1.05845	1.97239e-06	0.0069698
58.4	-0.000142342	2.81862	1.3267	3	-0.000284684	5.63725	1.32698	1.05845	1.92056e-06	0.00692727
58.5	-0.000138602	2.83239	1.3267	3	-0.000277204	5.66479	1.32698	1.05845	1.8701e-06	0.00688499
58.6	-0.00013496	2.84608	1.3267	3	-0.00026992	5.69216	1.32697	1.05845	1.82096e-06	0.00684295
58.7	-0.000131414	2.85968	1.3267	3	-0.000262827	5.71937	1.32696	1.05845	1.77311e-06	0.00680114
58.8	-0.000127961	2.8732	1.3267	3	-0.000255921	5.7464	1.32696	1.05845	1.72652e-06	0.00675958
58.9	-0.000124598	2.88664	1.3267	3	-0.000249197	5.77328	1.32695	1.05845	1.68116e-06	0.00671825
59	-0.000121324	2.89999	1.3267	3	-0.000242649	5.79999	1.32694	1.05845	1.63698e-06	0.00667716
59.1	-0.000118136	2.91327	1.3267	3	-0.000236273	5.82653	1.32694	1.05845	1.59397e-06	0.00663631
59.2	-0.000115032	2.92646	1.3267	3	-0.000230064	5.85291	1.32693	1.05845	1.55208e-06	0.00659569
59.3	-0.00011201	2.93957	1.32671	3	-0.000224019	5.87913	1.32693	1.05845	1.5113e-06	0.0065553
59.4	-0.000109066	2.9526	1.32671	3	-0.000218133	5.90519	1.32692	1.05845	1.47159e-06	0.00651514
59.5	-0.000106201	2.96555	1.32671	3	-0.000212401	5.9311	1.32692	1.05845	1.43292e-06	0.00647521
59.6	-0.00010341	2.97842	1.32671	3	-0.00020682	5.95684	1.32691	1.05845	1.39527e-06	0.00643552
59.7	-0.000100693	2.99121	1.32671	3	-0.000201386	5.98242	1.32691	1.05845	1.35861e-06	0.00639605
59.8	-9.8047e-05	3.00392	1.32671	3	-0.000196094	6.00785	1.3269	1.05845	1.32291e-06	0.00635681
59.9	-9.54707e-05	3.01656	1.32671	3	-0.000190941	6.03312	1.3269	1.05845	1.28815e-06	0.00631779
60	-9.29621e-05	3.02912	1.32671	3	-0.000185924	6.05824	1.32689	1.05845	1.2543e-06	0.006279
60.1	-9.05194e-05	2.59831	1.32671	3	-0.000181039	5.19663	1.32689	1.05845	1.22134e-06	-0.215403
60.2	-8.81409e-05	2.17012	1.32671	3	-0.000176282	4.34024	1.32688	1.05845	1.18925e-06	-0.214096
60.3	-8.58249e-05	1.7445	1.32671	3	-0.00017165	3.48899	1.32688	1.05845	1.158e-06	-0.212812
60.4	-8.35698e-05	1.32139	1.32671	3	-0.00016714	2.64279	1.32688	1.05845	1.12757e-06	-0.211552
60.5	-8.13739e-05	0.900769	1.32671	2.69472	-0.000162748	1.80154	1.32687	1.10349	1.09795e-06	-0.210313
60.6	-7.92357e-05	0.527697	1.32671	1.99874	-0.000158471	1.05539	1.32687	1.12988	1.0691e-06	-0.186536
60.7	-7.71537e-05	0.259627	1.32671	1.52808	-0.000154307	0.519255	1.32686	1.14286	1.041e-06	-0.134035
60.8	-7.51264e-05	0.0626454	1.32671	1.17279	-0.000150253	0.125291	1.32686	1.14599	1.01365e-06	-0.098491
60.9	-7.31523e-05	-0.0807095	1.32671	0.90886	-0.000146305	-0.161419	1.32686	1.14196	9.87016e-07	-0.0716774
61	-7.12302e-05	-0.184246	1.32671	0.712484	-0.00014246	-0.368492	1.32685	1.13274	9.61081e-07	-0.0517683
61.1	-6.93585e-05	-0.258175	1.32671	0.566521	-0.000138717	-0.51635	1.32685	1.11984	9.35827e-07	-0.0369645
61.2	-6.7536e-05	-0.310115	1.32671	0.45813	-0.000135072	-0.62023	1.32685	1.10433	9.11237e-07	-0.02597
61.3	-6.57615e-05	-0.345743	1.32671	0.377742	-0.000131523	-0.691486	1.32684	1.08704	8.87293e-07	-0.017814
61.4	-6.40335e-05	-0.36929	1.32671	0.318225	-0.000128067	-0.73858	1.32684	1.06858	8.63979e-07	-0.0117734
61.5	-6.23509e-05	-0.383908	1.32671	0.274258	-0.000124702	-0.767816	1.32684	1.04938	8.41277e-07	-0.00730903
61.6	-6.07126e-05	-0.391946	1.32671	0.241875	-0.000121425	-0.783891	1.32683	1.02979	8.19171e-07	-0.00401887
61.7	-5.91173e-05	-0.395152	1.32671	0.21812	-0.000118235	-0.790304	1.32683	1.01003	7.97646e-07	-0.00160326
61.8	-5.75639e-05	-0.39483	1.32671	0.200788	-0.000115128	-0.789659	1.32683	0.990286	7.76687e-07	0.000161232
61.9	-5.60514e-05	-0.391947	1.32671	0.188235	-0.000112103	-0.783895	1.32682	0.970689	7.56279e-07	0.00144117
62	-5.45786e-05	-0.387226	1.32671	0.179236	-0.000109157	-0.774452	1.32682	0.951327	7.36407e-07	0.00236075
62.1	-5.31444e-05	-0.381201	1.32671	0.172878	-0.000106289	-0.762402	1.32682	0.932267	7.17057e-07	0.00301252
62.2	-5.1748e-05	-0.37427	1.32671	0.16848	-0.000103496	-0.74854	1.32682	0.913554	6.98216e-07	0.0034655
62.3	-5.03883e-05	-0.366728	1.32671	0.165533	-0.000100777	-0.733455	1.32681	0.895217	6.79869e-07	0.00377112
62.4	-4.90643e-05	-0.358792	1.32671	0.163661	-9.81285e-05	-0.717584	1.32681	0.877278	6.62005e-07	0.0039677
62.5	-4.7775e-05	-0.350625	1.32671	0.162581	-9.55501e-05	-0.701249	1.32681	0.859747	6.4461e-07	0.0040838
62.6	-4.65197e-05	-0.342343	1.32671	0.162084	-9.30394e-05	-0.684686	1.32681	0.842629	6.27672e-07	0.0041407
62.7	-4.52973e-05	-0.334035	1.32671	0.162013	-9.05947e-05	-0.668069	1.3268	0.825928	6.11179e-07	0.00415422
62.8	-4.41071e-05	-0.325762	1.32671	0.162251	-8.82142e-05	-0.651525	1.3268	0.80964	5.9512e-07	0.00413618
62.9	-4.29481e-05	-0.317572	1.32671	0.162713	-8.58963e-05	-0.635143	1.3268	0.793761	5.79482e-07	0.00409533
63	-4.18196e-05	-0.309495	1.32671	0.163334	-8.36393e-05	-0.618991	1.3268	0.778286	5.64256e-07	0.0040382
63.1	-4.07208e-05	-0.301556	1.32671	0.164066	-8.14415e-05	-0.603112	1.3268	0.763208	5.49429e-07	0.00396963
63.2	-3.96508e-05	-0.29377	1.32671	0.164874	-7.93016e-05	-0.587539	1.32679	0.74852	5.34992e-07	0.00389323
63.3	-3.86089e-05	-0.286146	1.32672	0.165732	-7.72178e-05	-0.572293	1.32679	0.734213	5.20935e-07	0.00381164
63.4	-3.75944e-05	-0.278693	1.32672	0.16662	-7.51888e-05	-0.557385	1.32679	0.720278	5.07247e-07	0.00372684
63.5	-3.66066e-05	-0.271412	1.32672	0.167524	-7.32132e-05	-0.542824	1.32679	0.706707	4.93918e-07	0.00364028
63.6	-3.56447e-05	-0.264306	1.32672	0.168433	-7.12894e-05	-0.528612	1.32679	0.693492	4.8094e-07	0.00355301
63.7	-3.47081e-05	-0.257374	1.32672	0.16934	-6.94162e-05	-0.514749	1.32678	0.680623	4.68303e-07	0.00346582
63.8	-3.37961e-05	-0.250616	1.32672	0.17024	-6.75922e-05	-0.501232	1.32678	0.668093	4.55998e-07	0.00337928
63.9	-3.29081e-05	-0.244028	1.32672	0.171128	-6.58162e-05	-0.488057	1.32678	0.655891	4.44016e-07	0.00329378
64	-3.20434e-05	-0.237609	1.32672	0.172002	-6.40868e-05	-0.475218	1.32678	0.644011	4.32349e-07	0.00320961
64.1	-3.12014e-05	-0.231355	1.32672	0.17286	-6.24028e-05	-0.46271	1.32678	0.632443	4.20988e-07	0.00312698
64.2	-3.03816e-05	-0.225263	1.32672	0.1737	-6.07631e-05	-0.450526	1.32678	0.62118	4.09926e-07	0.00304601
64.3	-2.95832e-05	-0.21933	1.32672	0.174521	-5.91665e-05	-0.438659	1.32677	0.610213	3.99155e-07	0.0029668
64.4	-2.88059e-05	-0.213551	1.32672	0.175324	-5.76118e-05	-0.427101	1.32677	0.599536	3.88667e-07	0.00288939
64.5	-2.8049e-05	-0.207923	1.32672	0.176107	-5.6098e-05	-0.415846	1.32677	0.58914	3.78454e-07	0.00281381
64.6	-2.7312e-05	-0.202443	1.32672	0.176872	-5.4624e-05	-0.404886	1.32677	0.579018	3.6851e-07	0.00274007
64.7	-2.65943e-05	-0.197107	1.32672	0.177617	-5.31887e-05	-0.394213	1.32677	0.569162	3.58827e-07	0.00266815
64.8	-2.58955e-05	-0.191911	1.32672	0.178344	-5.17911e-05	-0.383821	1.32677	0.559567	3.49398e-07	0.00259804
64.9	-2.52151e-05	-0.186851	1.32672	0.179052	-5.04302e-05	-0.373702	1.32677	0.550224	3.40217e-07	0.00252972
65	-2.45525e-05	-0.181925	1.32672	0.179741	-4.91051e-05	-0.36385	1.32677	0.541128	3.31278e-07	0.00246315
65.1	-2.39074e-05	-0.177128	1.32672	0.180413	-4.78148e-05	-0.354257	1.32676	0.532271	3.22573e-07	0.0023983
65.2	-2.32792e-05	-0.172458	1.32672	0.181068	-4.65584e-05	-0.344916	1.32676	0.523649	3.14097e-07	0.00233513
65.3	-2.26675e-05	-0.167911	1.32672	0.181705	-4.5335e-05	-0.335822	1.32676	0.515253	3.05844e-07	0.00227361
65.4	-2.20719e-05	-0.163483	1.32672	0.182326	-4.41438e-05	-0.326967	1.32676	0.507079	2.97807e-07	0.00221369
65.5	-2.14919e-05	-0.159173	1.32672	0.18293	-4.29839e-05	-0.318345	1.32676	0.49912	2.89982e-07	0.00215535
65.6	-2.09272e-05	-0.154976	1.32672	0.183519	-4.18544e-05	-0.309951	1.32676	0.491371	2.82363e-07	0.00209853
65.7	-2.03773e-05	-0.150889	1.32672	0.184092	-4.07546e-05	-0.301778	1.32676	0.483827	2.74943e-07	0.00204321
65.8	-1.98419e-05	-0.146911	1.32672	0.18465	-3.96838e-05	-0.293821	1.32676	0.476481	2.67719e-07	0.00198934
65.9	-1.93205e-05	-0.143037	1.32672	0.185193	-3.8641e-05	-0.286074	1.32676	0.46933	2.60684e-07	0.00193689
66	-1.88128e-05	-0.139265	1.32672	0.185722	-3.76257e-05	-0.27853	1.32676	0.462366	2.53834e-07	0.00188582
66.1	-1.83185e-05	-0.135593	1.32672	0.186237	-3.6637e-05	-0.271186	1.32675	0.455587	2.47165e-07	0.00183609
66.2	-1.78372e-05	-0.132018	1.32672	0.186738	-3.56744e-05	-0.264035	1.32675	0.448986	2.4067e-07	0.00178768
66.3	-1.73685e-05	-0.128537	1.32672	0.187227	-3.4737e-05	-0.257073	1.32675	0.442559	2.34346e-07	0.00174054
66.4	-1.69121e-05	-0.125147	1.32672	0.187702	-3.38242e-05	-0.250294	1.32675	0.436302	2.28188e-07	0.00169464
66.5	-1.64677e-05	-0.121847	1.32672	0.188165	-3.29354e-05	-0.243695	1.32675	0.430209	2.22192e-07	0.00164996
66.6	-1.6035e-05	-0.118634	1.32672	0.188615	-3.207e-05	-0.237269	1.32675	0.424278	2.16354e-07	0.00160645
66.7	-1.56137e-05	-0.115506	1.32672	0.189054	-3.12274e-05	-0.231012	1.32675	0.418502	2.10669e-07	0.00156409
66.8	-1.52034e-05	-0.112461	1.32672	0.189481	-3.04068e-05	-0.224921	1.32675	0.412879	2.05134e-07	0.00152284
66.9	-1.48039e-05	-0.109495	1.32672	0.189897	-2.96078e-05	-0.21899	1.32675	0.407404	1.99743e-07	0.00148269
67	-1.44149e-05	-0.106608	1.32672	0.190302	-2.88299e-05	-0.213216	1.32675	0.402074	1.94495e-07	0.00144359
67.1	-1.40362e-05	-0.103797	1.32672	0.190696	-2.80723e-05	-0.207594	1.32675	0.396884	1.89384e-07	0.00140552
67.2	-1.36673e-05	-0.10106	1.32672	0.19108	-2.73347e-05	-0.20212	1.32675	0.391831	1.84408e-07	0.00136846
67.3	-1.33082e-05	-0.0983953	1.32672	0.191453	-2.66164e-05	-0.196791	1.32674	0.386911	1.79563e-07	0.00133237
67.4	-1.29585e-05	-0.0958008	1.32672	0.191817	-2.59171e-05	-0.191602	1.32674	0.382121	1.74844e-07	0.00129724
67.5	-1.2618e-05	-0.0932747	1.32672	0.192171	-2.52361e-05	-0.186549	1.32674	0.377458	1.7025e-07	0.00126303
67.6	-1.22865e-05	-0.0908153	1.32672	0.192516	-2.4573e-05	-0.181631	1.32674	0.372917	1.65777e-07	0.00122973
67.7	-1.19636e-05	-0.0884207	1.32672	0.192852	-2.39273e-05	-0.176841	1.32674	0.368496	1.61421e-07	0.0011973
67.8	-1.16493e-05	-0.0860892	1.32672	0.193179	-2.32986e-05	-0.172178	1.32674	0.364191	1.57179e-07	0.00116573
67.9	-1.13432e-05	-0.0838193	1.32672	0.193497	-2.26864e-05	-0.167639	1.32674	0.36	1.53049e-07	0.00113499
68	-1.10451e-05	-0.0816091	1.32672	0.193807	-2.20903e-05	-0.163218	1.32674	0.35592	1.49028e-07	0.00110506
68.1	-1.07549e-05	-0.0794573	1.32672	0.194108	-2.15098e-05	-0.158915	1.32674	0.351947	1.45112e-07	0.00107592
68.2	-1.04723e-05	-0.0773622	1.32672	0.194402	-2.09446e-05	-0.154724	1.32674	0.348079	1.41299e-07	0.00104755
68.3	-1.01971e-05	-0.0753223	1.32672	0.194688	-2.03943e-05	-0.150645	1.32674	0.344313	1.37586e-07	0.00101993
68.4	-9.92919e-06	-0.0733363	1.32672	0.194967	-1.98584e-05	-0.146673	1.32674	0.340646	1.33971e-07	0.000993033
68.5	-9.66829e-06	-0.0714026	1.32672	0.195238	-1.93366e-05	-0.142805	1.32674	0.337076	1.3045e-07	0.000966848
68.6	-9.41425e-06	-0.0695199	1.32672	0.195502	-1.88285e-05	-0.13904	1.32674	0.3336	1.27023e-07	0.000941354
68.7	-9.16688e-06	-0.0676868	1.32672	0.195759	-1.83338e-05	-0.135374	1.32674	0.330216	1.23685e-07	0.000916531
68.8	-8.92601e-06	-0.0659021	1.32672	0.196009	-1.7852e-05	-0.131804	1.32674	0.326921	1.20435e-07	0.000892364
68.9	-8.69147e-06	-0.0641644	1.32672	0.196252	-1.73829e-05	-0.128329	1.32674	0.323712	1.17271e-07	0.000868833
69	-8.46309e-06	-0.0624726	1.32672	0.196489	-1.69262e-05	-0.124945	1.32674	0.320589	1.14189e-07	0.000845924
69.1	-8.24071e-06	-0.0608253	1.32672	0.19672	-1.64814e-05	-0.121651	1.32674	0.317547	1.11189e-07	0.000823618
69.2	-8.02418e-06	-0.0592215	1.32672	0.196945	-1.60484e-05	-0.118443	1.32674	0.314586	1.08267e-07	0.000801901
69.3	-7.81333e-06	-0.05766	1.32672	0.197164	-1.56267e-05	-0.11532	1.32673	0.311703	1.05422e-07	0.000780756
69.4	-7.60803e-06	-0.0561397	1.32672	0.197377	-1.52161e-05	-0.112279	1.32673	0.308896	1.02652e-07	0.000760169
69.5	-7.40812e-06	-0.0546594	1.32672	0.197585	-1.48162e-05	-0.109319	1.32673	0.306163	9.99548e-08	0.000740125
69.6	-7.21346e-06	-0.0532182	1.32672	0.197787	-1.44269e-05	-0.106436	1.32673	0.303502	9.73284e-08	0.000720609
69.7	-7.02392e-06	-0.051815	1.32672	0.197983	-1.40478e-05	-0.10363	1.32673	0.300912	9.4771e-08	0.000701608
69.8	-6.83936e-06	-0.0504488	1.32672	0.198175	-1.36787e-05	-0.100898	1.32673	0.298389	9.22808e-08	0.000683108
69.9	-6.65965e-06	-0.0491186	1.32672	0.198361	-1.33193e-05	-0.0982372	1.32673	0.295933	8.9856e-08	0.000665096
70	-6.48466e-06	-0.0478235	1.32672	0.198543	-1.29693e-05	-0.0956469	1.32673	0.293542	8.74949e-08	0.000647558
70.1	-6.31426e-06	-0.0465625	1.32672	0.19872	-1.26285e-05	-0.093125	1.32673	0.291214	8.51959e-08	0.000630484
70.2	-6.14835e-06	-0.0453348	1.32672	0.198892	-1.22967e-05	-0.0906696	1.32673	0.288947	8.29573e-08	0.000613859
70.3	-5.9868e-06	-0.0441394	1.32672	0.199059	-1.19736e-05	-0.0882789	1.32673	0.28674	8.07775e-08	0.000597673
70.4	-5.82949e-06	-0.0429756	1.32672	0.199222	-1.1659e-05	-0.0859512	1.32673	0.284592	7.86549e-08	0.000581914
70.5	-5.67631e-06	-0.0418425	1.32672	0.199381	-1.13526e-05	-0.0836849	1.32673	0.282499	7.65882e-08	0.00056657
70.6	-5.52716e-06	-0.0407392	1.32672	0.199536	-1.10543e-05	-0.0814784	1.32673	0.280462	7.45758e-08	0.000551631
70.7	-5.38193e-06	-0.039665	1.32672	0.199686	-1.07639e-05	-0.0793301	1.32673	0.278479	7.26162e-08	0.000537086
70.8	-5.24051e-06	-0.0386192	1.32672	0.199833	-1.0481e-05	-0.0772384	1.32673	0.276548	7.07081e-08	0.000522924
70.9	-5.10281e-06	-0.0376009	1.32672	0.199975	-1.02056e-05	-0.0752018	1.32673	0.274668	6.88502e-08	0.000509136
71	-4.96873e-06	-0.0366095	1.32672	0.200114	-9.93745e-06	-0.073219	1.32673	0.272838	6.70411e-08	0.000495711
71.1	-4.83817e-06	-0.0356442	1.32672	0.20025	-9.67634e-06	-0.0712884	1.32673	0.271056	6.52795e-08	0.00048264
71.2	-4.71104e-06	-0.0347044	1.32672	0.200381	-9.42208e-06	-0.0694088	1.32673	0.26932	6.35642e-08	0.000469914
71.3	-4.58725e-06	-0.0337893	1.32672	0.20051	-9.1745e-06	-0.0675787	1.32673	0.267631	6.1894e-08	0.000457524
71.4	-4.46672e-06	-0.0328984	1.32672	0.200635	-8.93343e-06	-0.0657968	1.32673	0.265986	6.02676e-08	0.00044546
71.5	-4.34935e-06	-0.032031	1.32672	0.200756	-8.6987e-06	-0.064062	1.32673	0.264384	5.8684e-08	0.000433714
71.6	-4.23506e-06	-0.0311864	1.32672	0.200874	-8.47013e-06	-0.0623729	1.32673	0.262825	5.7142e-08	0.000422279
71.7	-4.12378e-06	-0.0303642	1.32672	0.20099	-8.24757e-06	-0.0607283	1.32673	0.261307	5.56406e-08	0.000411144
71.8	-4.01543e-06	-0.0295635	1.32672	0.201102	-8.03085e-06	-0.0591271	1.32673	0.259829	5.41785e-08	0.000400303
71.9	-3.90992e-06	-0.028784	1.32672	0.201211	-7.81983e-06	-0.0575681	1.32673	0.258389	5.27549e-08	0.000389748
72	-3.80718e-06	-0.0280251	1.32672	0.201317	-7.61436e-06	-0.0560502	1.32673	0.256988	5.13688e-08	0.000379472
72.1	-3.70714e-06	-0.0272862	1.32672	0.201421	-7.41428e-06	-0.0545723	1.32673	0.255624	5.0019e-08	0.000369466
72.2	-3.60973e-06	-0.0265667	1.32672	0.201522	-7.21946e-06	-0.0531334	1.32673	0.254296	4.87047e-08	0.000359724
72.3	-3.51488e-06	-0.0258662	1.32672	0.20162	-7.02976e-06	-0.0517325	1.32673	0.253002	4.74249e-08	0.000350239
72.4	-3.42252e-06	-0.0251842	1.32672	0.201716	-6.84505e-06	-0.0503685	1.32673	0.251743	4.61788e-08	0.000341005
72.5	-3.33259e-06	-0.0245202	1.32672	0.201809	-6.66519e-06	-0.0490404	1.32673	0.250517	4.49654e-08	0.000332013
72.6	-3.24503e-06	-0.0238737	1.32672	0.201899	-6.49005e-06	-0.0477474	1.32673	0.249323	4.37838e-08	0.000323259
72.7	-3.15976e-06	-0.0232442	1.32672	0.201987	-6.31952e-06	-0.0464884	1.32673	0.248161	4.26334e-08	0.000314736
72.8	-3.07673e-06	-0.0226313	1.32672	0.202073	-6.15346e-06	-0.0452627	1.32673	0.24703	4.15131e-08	0.000306437
72.9	-2.99589e-06	-0.0220346	1.32672	0.202157	-5.99178e-06	-0.0440693	1.32673	0.245928	4.04223e-08	0.000298357
73	-2.91717e-06	-0.0214536	1.32672	0.202238	-5.83433e-06	-0.0429073	1.32673	0.244855	3.93602e-08	0.00029049
73.1	-2.84052e-06	-0.020888	1.32672	0.202318	-5.68103e-06	-0.041776	1.32673	0.243811	3.83259e-08	0.000282831
73.2	-2.76588e-06	-0.0203372	1.32672	0.202395	-5.53175e-06	-0.0406745	1.32673	0.242794	3.73189e-08	0.000275374
73.3	-2.6932e-06	-0.019801	1.32672	0.20247	-5.3864e-06	-0.039602	1.32673	0.241804	3.63383e-08	0.000268113
73.4	-2.62243e-06	-0.0192789	1.32672	0.202543	-5.24487e-06	-0.0385579	1.32673	0.24084	3.53835e-08	0.000261043
73.5	-2.55353e-06	-0.0187706	1.32672	0.202614	-5.10705e-06	-0.0375412	1.32672	0.239901	3.44537e-08	0.000254161
73.6	-2.48643e-06	-0.0182757	1.32672	0.202684	-4.97286e-06	-0.0365514	1.32672	0.238988	3.35484e-08	0.000247459
73.7	-2.4211e-06	-0.0177938	1.32672	0.202751	-4.84219e-06	-0.0355876	1.32672	0.238098	3.26669e-08	0.000240934
73.8	-2.35748e-06	-0.0173247	1.32672	0.202817	-4.71496e-06	-0.0346493	1.32672	0.237232	3.18085e-08	0.000234582
73.9	-2.29553e-06	-0.0168679	1.32672	0.202881	-4.59107e-06	-0.0337357	1.32672	0.236388	3.09727e-08	0.000228396
74	-2.23522e-06	-0.0164231	1.32672	0.202943	-4.47043e-06	-0.0328462	1.32672	0.235567	3.01589e-08	0.000222374
74.1	-2.17648e-06	-0.0159901	1.32672	0.203004	-4.35297e-06	-0.0319802	1.32672	0.234768	2.93664e-08	0.000216511
74.2	-2.11929e-06	-0.0155685	1.32672	0.203063	-4.23859e-06	-0.031137	1.32672	0.233989	2.85948e-08	0.000210802
74.3	-2.06361e-06	-0.015158	1.32672	0.203121	-4.12721e-06	-0.030316	1.32672	0.233231	2.78434e-08	0.000205244
74.4	-2.00938e-06	-0.0147583	1.32672	0.203177	-4.01877e-06	-0.0295167	1.32672	0.232493	2.71118e-08	0.000199832
74.5	-1.95658e-06	-0.0143692	1.32672	0.203231	-3.91317e-06	-0.0287384	1.32672	0.231775	2.63994e-08	0.000194564
74.6	-1.90517e-06	-0.0139903	1.32672	0.203284	-3.81034e-06	-0.0279807	1.32672	0.231075	2.57057e-08	0.000189433
74.7	-1.85511e-06	-0.0136215	1.32672	0.203336	-3.71022e-06	-0.0272429	1.32672	0.230394	2.50303e-08	0.000184439
74.8	-1.80637e-06	-0.0132623	1.32672	0.203386	-3.61273e-06	-0.0265246	1.32672	0.229731	2.43726e-08	0.000179576
74.9	-1.7589e-06	-0.0129126	1.32672	0.203435	-3.5178e-06	-0.0258253	1.32672	0.229086	2.37322e-08	0.000174841
75	-1.71269e-06	-0.0125722	1.32672	0.203483	-3.42537e-06	-0.0251443	1.32672	0.228457	2.31086e-08	0.000170231
75.1	0.195995	0.0184765	1.82651	0.281858	0.39199	0.036953	1.33652	0.229381	0.0979983	0.0155243
75.2	0.390703	0.0506347	2.23482	0.349261	0.781405	0.101269	1.35606	0.231912	0.0973538	0.0160791
75.3	0.584121	0.0838958	2.65022	0.420529	1.16824	0.167792	1.38526	0.236107	0.0967094	0.0166306
75.4	0.776251	0.118254	3	0.495706	1.5525	0.236507	1.38526	0.24202	0.0960649	0.0171789
75.5	0.967092	0.153701	3	0.574832	1.93418	0.307403	1.38526	0.249705	0.0954205	0.017724
75.6	1.15664	0.190233	3	0.657949	2.31329	0.380466	1.38526	0.259217	0.094776	0.0182659
75.7	1.34491	0.227842	3	0.745098	2.68981	0.455685	1.38526	0.270609	0.0941315	0.0188046
75.8	1.53188	0.266523	3	0.836321	3.06376	0.533046	1.38526	0.283935	0.0934871	0.0193402
75.9	1.71757	0.306268	3	0.931657	3.43513	0.612536	1.38526	0.299248	0.0928426	0.0198726
76	1.90196	0.347072	3	1.03115	3.80393	0.694144	1.38526	0.316602	0.0921982	0.0204019
76.1	2.08507	0.388928	3	1.13483	4.17014	0.777856	1.38526	0.336048	0.0915537	0.020928
76.2	2.26689	0.43183	3	1.24275	4.53378	0.86366	1.38526	0.35764	0.0909092	0.021451
76.3	2.44742	0.475771	3	1.35494	4.89484	0.951543	1.38526	0.381428	0.0902648	0.0219708
76.4	2.62666	0.520747	3	1.47145	5.25332	1.04149	1.38526	0.407466	0.0896203	0.0224876
76.5	2.80461	0.566749	3	1.5923	5.60922	1.1335	1.38526	0.435803	0.0889758	0.0230012
76.6	2.98127	0.613773	3	1.71755	5.96255	1.22755	1.38526	0.466492	0.0883314	0.0235118
76.7	3.15665	0.661811	3	1.84722	6.31329	1.32362	1.38526	0.499582	0.0876869	0.0240192
76.8	3.33073	0.710858	3	1.98137	6.66146	1.42172	1.38526	0.535125	0.0870425	0.0245235
76.9	3.50353	0.760908	3	2.12001	7.00706	1.52182	1.38526	0.573171	0.086398	0.0250248
77	3.67504	0.811954	3	2.2632	7.35007	1.62391	1.38526	0.613768	0.0857535	0.025523
77.1	3.84525	0.86399	3	2.41097	7.69051	1.72798	1.38526	0.656968	0.0851091	0.0260181
77.2	4.01418	0.91701	3	2.56335	8.02836	1.83402	1.38526	0.702818	0.0844646	0.0265101
77.3	4.18182	0.971008	3	2.72038	8.36365	1.94202	1.38526	0.751369	0.0838201	0.0269991
77.4	4.34817	1.02598	3	2.88211	8.69635	2.05196	1.38526	0.802668	0.0831757	0.027485
77.5	4.51324	1.08191	3	2.99446	9.02647	2.16383	1.38526	0.802668	0.0825312	0.0279679
77.6	4.67701	1.13881	3	3	9.35402	2.27762	1.38526	0.802668	0.0818868	0.0284477
77.7	4.83949	1.19666	3	3	9.67899	2.39332	1.38526	0.802668	0.0812423	0.0289245
77.8	5.00069	1.25546	3	3	10.0014	2.51091	1.38526	0.802668	0.0805978	0.0293982
77.9	5.1606	1.31519	3	3	10.3212	2.63039	1.38526	0.802668	0.0799534	0.0298689
78	5.31921	1.37587	3	3	10.6384	2.75173	1.38526	0.802668	0.0793089	0.0303366
78.1	5.47654	1.43747	3	3	10.9531	2.87494	1.38526	0.802668	0.0786645	0.0308012
78.2	5.63258	1.49999	3	3	11.2652	2.99999	1.38526	0.802668	0.07802	0.0312629
78.3	5.78733	1.56344	3	3	11.5747	3.12687	1.38526	0.802668	0.0773755	0.0317214
78.4	5.9408	1.62779	3	3	11.8816	3.25558	1.38526	0.802668	0.0767311	0.032177
78.5	6.09297	1.69305	3	3	12.1859	3.3861	1.38526	0.802668	0.0760866	0.0326296
78.6	6.24385	1.75921	3	3	12.4877	3.51842	1.38526	0.802668	0.0754421	0.0330791
78.7	6.39345	1.82626	3	3	12.7869	3.65252	1.38526	0.802668	0.0747977	0.0335256
78.8	6.54176	1.8942	3	3	13.0835	3.7884	1.38526	0.802668	0.0741532	0.0339691
78.9	6.68877	1.96302	3	3	13.3775	3.92603	1.38526	0.802668	0.0735088	0.0344096
79	6.8345	2.03271	3	3	13.669	4.06542	1.38526	0.802668	0.0728643	0.034847
79.1	6.97894	2.10327	3	3	13.9579	4.20655	1.38526	0.802668	0.0722198	0.0352815
79.2	7.12209	2.1747	3	3	14.2442	4.3494	1.38526	0.802668	0.0715754	0.0357129
79.3	7.26395	2.24698	3	3	14.5279	4.49397	1.38526	0.802668	0.0709309	0.0361414
79.4	7.40453	2.32012	3	3	14.8091	4.64023	1.38526	0.802668	0.0702864	0.0365668
79.5	7.54381	2.39409	3	3	15.0876	4.78819	1.38526	0.802668	0.069642	0.0369892
79.6	7.68181	2.46891	3	3	15.3636	4.93782	1.38526	0.802668	0.0689975	0.0374086
79.7	7.81851	2.54456	3	3	15.637	5.08912	1.38526	0.802668	0.0683531	0.037825
79.8	7.95393	2.62104	3	3	15.9079	5.24208	1.38526	0.802668	0.0677086	0.0382384
79.9	8.08806	2.69834	3	3	16.1761	5.39667	1.38526	0.802668	0.0670641	0.0386487
80	8.2209	2.77645	3	3	16.4418	5.5529	1.38526	0.802668	0.0664197	0.0390561
80.1	8.35245	2.85537	3	3	16.7049	5.71074	1.38526	0.802668	0.0657752	0.0394604
80.2	8.48271	2.93509	3	3	16.9654	5.87019	1.38526	0.802668	0.0651308	0.0398617
80.3	8.61168	3.01561	3	3	17.2234	6.03122	1.38526	0.802668	0.0644863	0.0402599
80.4	8.73937	3.09692	3	3	17.4787	6.19385	1.38526	0.802668	0.0638418	0.0406552
80.5	8.86576	3.17902	3	3	17.7315	6.35804	1.38526	0.802668	0.0631974	0.0410474
80.6	8.99087	3.26189	3	3	17.9817	6.52378	1.38526	0.802668	0.0625529	0.0414366
80.7	9.11468	3.34554	3	3	18.2294	6.69107	1.38526	0.802668	0.0619084	0.0418227
80.8	9.23721	3.42995	3	3	18.4744	6.8599	1.38526	0.802668	0.061264	0.0422058
80.9	9.35845	3.51512	3	3	18.7169	7.03024	1.38526	0.802668	0.0606195	0.0425859
81	9.4784	3.60105	3	3	18.9568	7.20209	1.38526	0.802668	0.0599751	0.0429629
81.1	9.59706	3.68772	3	3	19.1941	7.37544	1.38526	0.802668	0.0593306	0.0433368
81.2	9.71443	3.77513	3	3	19.4289	7.55027	1.38526	0.802668	0.0586861	0.0437077
81.3	9.83052	3.86329	3	3	19.661	7.72657	1.38526	0.802668	0.0580417	0.0440756
81.4	9.94531	3.95217	3	3	19.8906	7.90433	1.38526	0.802668	0.0573972	0.0444403
81.5	10.0588	4.04177	3	3	20.1176	8.08354	1.38526	0.802668	0.0567528	0.044802
81.6	10.171	4.13209	3	3	20.3421	8.26418	1.38526	0.802668	0.0561083	0.0451606
81.7	10.282	4.22312	3	3	20.5639	8.44625	1.38526	0.802668	0.0554638	0.0455162
81.8	10.3916	4.31486	3	3	20.7832	8.62972	1.38526	0.802668	0.0548194	0.0458686
81.9	10.4999	4.4073	3	3	20.9999	8.81459	1.38526	0.802668	0.0541749	0.0462179
82	10.607	4.50043	3	3	21.214	9.00085	1.38526	0.802668	0.0535304	0.0465641
82.1	10.7128	4.59424	3	3	21.4256	9.18848	1.38526	0.802668	0.052886	0.0469072
82.2	10.8173	4.68873	3	3	21.6345	9.37747	1.38526	0.802668	0.0522415	0.0472472
82.3	10.9205	4.7839	3	3	21.8409	9.5678	1.38526	0.802668	0.0515971	0.047584
82.4	11.0224	4.87974	3	3	22.0447	9.75948	1.38526	0.802668	0.0509526	0.0479177
82.5	11.123	4.97623	3	3	22.246	9.95247	1.38526	0.802668	0.0503081	0.0482483
82.6	11.2223	5.07339	3	3	22.4446	10.1468	1.38526	0.802668	0.0496637	0.0485757
82.7	11.3203	5.17119	3	3	22.6407	10.3424	1.38526	0.802668	0.0490192	0.0488999
82.8	11.4171	5.26963	3	3	22.8342	10.5393	1.38526	0.802668	0.0483747	0.0492209
82.9	11.5126	5.3687	3	3	23.0251	10.7374	1.38526	0.802668	0.0477303	0.0495387
83	11.6067	5.46841	3	3	23.2135	10.9368	1.38526	0.802668	0.0470858	0.0498534
83.1	11.6996	5.56874	3	3	23.3992	11.1375	1.38526	0.802668	0.0464414	0.0501648
83.2	11.7912	5.66969	3	3	23.5824	11.3394	1.38526	0.802668	0.0457969	0.050473
83.3	11.8815	5.77124	3	3	23.763	11.5425	1.38526	0.802668	0.0451524	0.0507779
83.4	11.9705	5.8734	3	3	23.9411	11.7468	1.38526	0.802668	0.044508	0.0510796
83.5	12.0583	5.97616	3	3	24.1165	11.9523	1.38526	0.802668	0.0438635	0.0513781
83.6	12.1447	6.0795	3	3	24.2894	12.159	1.38526	0.802668	0.0432191	0.0516733
83.7	12.2298	6.18343	3	3	24.4597	12.3669	1.38526	0.802668	0.0425746	0.0519651
83.8	12.3137	6.28794	3	3	24.6274	12.5759	1.38526	0.802668	0.0419301	0.0522537
83.9	12.3963	6.39302	3	3	24.7925	12.786	1.38526	0.802668	0.0412857	0.0525389
84	12.4776	6.49866	3	3	24.9551	12.9973	1.38526	0.802668	0.0406412	0.0528209
84.1	12.5575	6.60486	3	3	25.1151	13.2097	1.38526	0.802668	0.0399967	0.0530994
84.2	12.6363	6.71161	3	3	25.2725	13.4232	1.38526	0.802668	0.0393523	0.0533746
84.3	12.7137	6.8189	3	3	25.4273	13.6378	1.38526	0.802668	0.0387078	0.0536464
84.4	12.7898	6.92673	3	3	25.5796	13.8535	1.38526	0.802668	0.0380634	0.0539148
84.5	12.8646	7.03509	3	3	25.7293	14.0702	1.38526	0.802668	0.0374189	0.0541798
84.6	12.9382	7.14397	3	3	25.8764	14.2879	1.38526	0.802668	0.0367744	0.0544413
84.7	13.0104	7.25337	3	3	26.0209	14.5067	1.38526	0.802668	0.03613	0.0546994
84.8	13.0814	7.36328	3	3	26.1628	14.7266	1.38526	0.802668	0.0354855	0.054954
84.9	13.1511	7.47369	3	3	26.3022	14.9474	1.38526	0.802668	0.034841	0.0552052
85	13.2195	7.5846	3	3	26.439	15.1692	1.38526	0.802668	0.0341966	0.0554527
85.1	13.2866	7.69599	3	3	26.5732	15.392	1.38526	0.802668	0.0335521	0.0556968
85.2	13.3524	7.80787	3	3	26.7048	15.6157	1.38526	0.802668	0.0329077	0.0559373
85.3	13.4169	7.92021	3	3	26.8339	15.8404	1.38526	0.802668	0.0322632	0.0561742
85.4	13.4802	8.03303	3	3	26.9603	16.0661	1.38526	0.802668	0.0316187	0.0564075
85.5	13.5421	8.1463	3	3	27.0842	16.2926	1.38526	0.802668	0.0309743	0.0566372
85.6	13.6028	8.26003	3	3	27.2056	16.5201	1.38526	0.802668	0.0303298	0.0568632
85.7	13.6622	8.3742	3	3	27.3243	16.7484	1.38526	0.802668	0.0296854	0.0570855
85.8	13.7202	8.48881	3	3	27.4405	16.9776	1.38526	0.802668	0.0290409	0.0573041
85.9	13.777	8.60385	3	3	27.554	17.2077	1.38526	0.802668	0.0283964	0.057519
86	13.8325	8.71931	3	3	27.6651	17.4386	1.38526	0.802668	0.027752	0.0577301
86.1	13.8867	8.83518	3	3	27.7735	17.6704	1.38526	0.802668	0.0271075	0.0579374
86.2	13.9397	8.95146	3	3	27.8793	17.9029	1.38526	0.802668	0.026463	0.0581409
86.3	13.9913	9.06815	3	3	27.9826	18.1363	1.38526	0.802668	0.0258186	0.0583406
86.4	14.0417	9.18522	3	3	28.0833	18.3704	1.38526	0.802668	0.0251741	0.0585363
86.5	14.0907	9.30267	3	3	28.1814	18.6053	1.38526	0.802668	0.0245297	0.0587282
86.6	14.1385	9.42051	3	3	28.277	18.841	1.38526	0.802668	0.0238852	0.0589161
86.7	14.185	9.53871	3	3	28.3699	19.0774	1.38526	0.802668	0.0232407	0.0591
86.8	14.2302	9.65727	3	3	28.4603	19.3145	1.38526	0.802668	0.0225963	0.0592799
86.9	14.2741	9.77618	3	3	28.5481	19.5524	1.38526	0.802668	0.0219518	0.0594557
87	14.3167	9.89543	3	3	28.6334	19.7909	1.38526	0.802668	0.0213074	0.0596274
87.1	14.358	10.015	3	3	28.716	20.03	1.38526	0.802668	0.0206629	0.059795
87.2	14.398	10.1349	3	3	28.7961	20.2699	1.38526	0.802668	0.0200184	0.0599584
87.3	14.4368	10.2552	3	3	28.8736	20.5103	1.38526	0.802668	0.019374	0.0601176
87.4	14.4742	10.3757	3	3	28.9485	20.7514	1.38526	0.802668	0.0187295	0.0602725
87.5	14.5104	10.4966	3	3	29.0208	20.9931	1.38526	0.802668	0.018085	0.0604232
87.6	14.5453	10.6177	3	3	29.0906	21.2354	1.38526	0.802668	0.0174406	0.0605694
87.7	14.5789	10.7391	3	3	29.1578	21.4783	1.38526	0.802668	0.0167961	0.0607113
87.8	14.6112	10.8608	3	3	29.2224	21.7216	1.38526	0.802668	0.0161517	0.0608487
87.9	14.6422	10.9828	3	3	29.2844	21.9656	1.38526	0.802668	0.0155072	0.0609816
88	14.6719	11.105	3	3	29.3439	22.21	1.38526	0.802668	0.0148627	0.06111
88.1	14.7004	11.2275	3	3	29.4007	22.455	1.38526	0.802668	0.0142183	0.0612338
88.2	14.7275	11.3502	3	3	29.455	22.7004	1.38526	0.802668	0.0135738	0.0613529
88.3	14.7534	11.4731	3	3	29.5068	22.9462	1.38526	0.802668	0.0129293	0.0614672
88.4	14.7779	11.5963	3	3	29.5559	23.1925	1.38526	0.802668	0.0122849	0.0615768
88.5	14.8012	11.7196	3	3	29.6025	23.4393	1.38526	0.802668	0.0116404	0.0616816
88.6	14.8232	11.8432	3	3	29.6464	23.6864	1.38526	0.802668	0.010996	0.0617814
88.7	14.8439	11.9669	3	3	29.6878	23.9339	1.38526	0.802668	0.0103515	0.0618763
88.8	14.8633	12.0909	3	3	29.7267	24.1818	1.38526	0.802668	0.00970704	0.0619661
88.9	14.8815	12.215	3	3	29.7629	24.43	1.38526	0.802668	0.00906257	0.0620508
89	14.8983	12.3392	3	3	29.7966	24.6785	1.38526	0.802668	0.00841811	0.0621304
89.1	14.9138	12.4637	3	3	29.8277	24.9273	1.38526	0.802668	0.00777365	0.0622046
89.2	14.9281	12.5882	3	3	29.8562	25.1764	1.38526	0.802668	0.00712918	0.0622735
89.3	14.9411	12.7129	3	3	29.8821	25.4257	1.38526	0.802668	0.00648472	0.062337
89.4	14.9528	12.8377	3	3	29.9055	25.6753	1.38526	0.802668	0.00584025	0.0623949
89.5	14.9631	12.9626	3	3	29.9263	25.9251	1.38526	0.802668	0.00519578	0.0624473
89.6	14.9722	13.0875	3	3	29.9445	26.1751	1.38526	0.802668	0.00455131	0.0624939
89.7	14.9801	13.2126	3	3	29.9601	26.4252	1.38526	0.802668	0.00390682	0.0625348
89.8	14.9866	13.3378	3	3	29.9732	26.6755	1.38526	0.802668	0.00326232	0.0625697
89.9	14.9918	13.463	3	3	29.9836	26.9259	1.38526	0.802668	0.00261775	0.0625988
90	14.9958	13.5882	3	3	29.9915	27.1764	1.38526	0.802668	0.00197296	0.0626219
90.1	14.5731	13.2518	3	3	29.1461	26.5037	1.38526	0.802668	-0.211357	-0.168184
90.2	14.1685	12.9006	3	3	28.3371	25.8013	1.38526	0.802668	-0.202259	-0.175595
90.3	13.7753	12.5415	3	3	27.5506	25.0831	1.38526	0.802668	-0.196613	-0.179548
90.4	13.3911	12.1768	3	3	26.7821	24.3537	1.38526	0.802668	-0.192123	-0.182356
90.5	13.0145	11.8078	3	3	26.0289	23.6156	1.38526	0.802668	-0.188301	-0.184512
90.6	12.6446	11.4353	3	3	25.2892	22.8707	1.38526	0.802668	-0.18493	-0.186238
90.7	12.2808	11.06	3	3	24.5616	22.12	1.38526	0.802668	-0.181891	-0.187655
90.8	11.9226	10.6823	3	3	23.8452	21.3647	1.38526	0.802668	-0.179109	-0.188839
90.9	11.5695	10.3027	3	3	23.1391	20.6053	1.38526	0.802668	-0.176533	-0.18984
91	11.2213	9.92127	3	3	22.4426	19.8425	1.38526	0.802668	-0.174128	-0.190694
91.1	10.8775	9.53842	3	3	21.7551	19.0768	1.38526	0.802668	-0.171868	-0.191426
91.2	10.5381	9.1543	3	3	21.0762	18.3086	1.38526	0.802668	-0.169731	-0.192058
91.3	10.2027	8.7691	3	3	20.4054	17.5382	1.38526	0.802668	-0.167702	-0.192604
91.4	9.87114	8.38294	3	3	19.7423	16.7659	1.38526	0.802668	-0.165769	-0.193076
91.5	9.5433	7.99597	3	3	19.0866	15.9919	1.38526	0.802668	-0.163921	-0.193485
91.6	9.219	7.6083	3	3	18.438	15.2166	1.38526	0.802668	-0.162149	-0.193838
91.7	8.89811	7.22001	3	3	17.7962	14.44	1.38526	0.802668	-0.160445	-0.194142
91.8	8.5805	6.83121	3	3	17.161	13.6624	1.38526	0.802668	-0.158804	-0.194403
91.9	8.26606	6.44196	3	3	16.5321	12.8839	1.38526	0.802668	-0.157221	-0.194626
92	7.95468	6.05233	3	3	15.9094	12.1047	1.38526	0.802668	-0.15569	-0.194814
92.1	7.64626	5.66238	3	3	15.2925	11.3248	1.38526	0.802668	-0.154208	-0.194971
92.2	7.34072	5.27218	3	3	14.6814	10.5444	1.38526	0.802668	-0.152771	-0.195101
92.3	7.03797	4.88177	3	3	14.0759	9.76355	1.38526	0.802668	-0.151376	-0.195205
92.4	6.73793	4.4912	3	3	13.4759	8.9824	1.38526	0.802668	-0.15002	-0.195286
92.5	6.44053	4.10051	3	3	12.8811	8.20102	1.38526	0.802668	-0.1487	-0.195346
92.6	6.1457	3.70973	3	3	12.2914	7.41947	1.38526	0.802668	-0.147416	-0.195387
92.7	5.85337	3.31891	3	3	11.7067	6.63783	1.38526	0.802668	-0.146163	-0.195411
92.8	5.56349	2.92808	3	3	11.127	5.85615	1.38526	0.802668	-0.144941	-0.195418
92.9	5.27599	2.53726	3	3	10.552	5.07451	1.38526	0.802668	-0.143748	-0.19541
93	4.99083	2.14648	3	3	9.98166	4.29296	1.38526	0.802668	-0.142583	-0.195389
93.1	4.70794	1.75577	3	3	9.41588	3.51154	1.38526	0.802668	-0.141443	-0.195354
93.2	4.42729	1.36515	3	3	8.85457	2.73031	1.38526	0.802668	-0.140328	-0.195308
93.3	4.14881	0.974652	3	2.60545	8.29762	1.9493	1.38526	0.8514	-0.139237	-0.195251
93.4	3.87248	0.642594	3	2.00269	7.74495	1.28519	1.38526	0.88353	-0.138168	-0.166029
93.5	3.59824	0.39944	3	1.58081	7.19647	0.79888	1.38526	0.903502	-0.13712	-0.121577
93.6	3.32605	0.21798	3	1.25963	6.6521	0.43596	1.38526	0.914401	-0.136093	-0.0907301
93.7	3.05588	0.0830111	3	1.01709	6.11175	0.166022	1.38526	0.918552	-0.135086	-0.0674843
93.8	2.78768	-0.0173172	3	0.832887	5.57537	-0.0346343	1.38526	0.917686	-0.134097	-0.0501641
93.9	2.52143	-0.0917891	3	0.692282	5.04286	-0.183578	1.38526	0.913096	-0.133126	-0.0372359
94	2.25708	-0.146961	3	0.584241	4.51417	-0.293921	1.38526	0.905748	-0.132173	-0.0275857
94.1	1.99461	-0.187721	3	0.500541	3.98922	-0.375441	1.38526	0.896362	-0.131236	-0.0203801
94.2	1.73398	-0.217716	3	0.435046	3.46796	-0.435433	1.38526	0.885476	-0.130316	-0.0149979
94.3	1.47516	-0.239668	3	0.38318	2.95032	-0.479337	1.38526	0.873493	-0.129411	-0.010976
94.4	1.21812	-0.255607	3	0.34153	2.43624	-0.511213	1.38526	0.860713	-0.12852	-0.00796915
94.5	0.962829	-0.267046	3	0.307548	1.92566	-0.534093	1.38526	0.84736	-0.127644	-0.00571982
94.6	0.709264	-0.275118	2.71247	0.279332	1.41853	-0.550236	1.42073	0.833604	-0.126783	-0.00403595
94.7	0.49987	-0.280525	2.34076	0.255825	0.99974	-0.56105	1.44572	0.819578	-0.104697	-0.00270342
94.8	0.346778	-0.283632	2.08007	0.236578	0.693557	-0.567265	1.46306	0.805397	-0.0765459	-0.00155369
94.9	0.23321	-0.28476	1.88436	0.221076	0.46642	-0.569519	1.47472	0.791159	-0.0567842	-0.000563568
95	0.149302	-0.28424	1.73884	0.208727	0.298604	-0.568479	1.48219	0.776947	-0.041954	0.000259964
95.1	0.0874427	-0.282376	1.63051	0.199007	0.174885	-0.564752	1.48656	0.762828	-0.0309297	0.000931685
95.2	0.0419912	-0.279438	1.54991	0.191448	0.0839824	-0.558877	1.48866	0.748856	-0.0227258	0.00146893
95.3	0.0087441	-0.275657	1.48996	0.185649	0.0174882	-0.551315	1.48909	0.735073	-0.0166235	0.00189052
95.4	-0.0154285	-0.271228	1.44538	0.18127	-0.030857	-0.542456	1.48832	0.721512	-0.0120863	0.00221462
95.5	-0.0328575	-0.266312	1.41225	0.178029	-0.065715	-0.532625	1.48668	0.708196	-0.00871449	0.00245783
95.6	-0.0452785	-0.261043	1.38765	0.175693	-0.090557	-0.522086	1.48442	0.695144	-0.00621051	0.00263481
95.7	-0.053984	-0.255526	1.3694	0.174073	-0.107968	-0.511053	1.48172	0.682367	-0.00435274	0.00275816
95.8	-0.0599362	-0.24985	1.35587	0.173014	-0.119872	-0.499699	1.47872	0.669875	-0.00297612	0.00283849
95.9	-0.0638516	-0.24408	1.34587	0.172395	-0.127703	-0.488161	1.47553	0.657671	-0.0019577	0.00288463
96	-0.0662635	-0.238273	1.33848	0.172116	-0.132527	-0.476545	1.47221	0.645757	-0.00120591	0.00290386
96.1	-0.0675686	-0.232468	1.33305	0.172099	-0.135137	-0.464937	1.46884	0.634134	-0.000652546	0.00290208
96.2	-0.0680622	-0.2267	1.32906	0.172282	-0.136124	-0.453401	1.46543	0.622799	-0.000246811	0.00288406
96.3	-0.0679639	-0.220993	1.32616	0.172617	-0.135928	-0.441986	1.46203	0.611749	4.91262e-05	0.00285365
96.4	-0.067437	-0.215365	1.32405	0.173065	-0.134874	-0.43073	1.45866	0.600981	0.000263443	0.00281388
96.5	-0.0666028	-0.209831	1.32254	0.173595	-0.133206	-0.419662	1.45533	0.590489	0.000417123	0.00276719
96.6	-0.0655512	-0.2044	1.32148	0.174185	-0.131102	-0.4088	1.45206	0.580269	0.000525791	0.00271548
96.7	-0.064349	-0.199079	1.32074	0.174817	-0.128698	-0.398159	1.44884	0.570316	0.000601085	0.00266024
96.8	-0.0630457	-0.193874	1.32025	0.175476	-0.126091	-0.387748	1.44569	0.560622	0.000651666	0.00260266
96.9	-0.0616777	-0.188787	1.31993	0.176152	-0.123355	-0.377574	1.4426	0.551182	0.000683984	0.00254363
97	-0.0602721	-0.183819	1.31975	0.176837	-0.120544	-0.367638	1.43959	0.541992	0.000702839	0.00248385
97.1	-0.0588485	-0.178971	1.31966	0.177524	-0.117697	-0.357943	1.43665	0.533043	0.000711803	0.00242387
97.2	-0.0574214	-0.174243	1.31965	0.178209	-0.114843	-0.348486	1.43377	0.524331	0.000713532	0.0023641
97.3	-0.0560014	-0.169633	1.31968	0.178887	-0.112003	-0.339267	1.43097	0.515849	0.000710003	0.00230484
97.4	-0.054596	-0.165141	1.31976	0.179557	-0.109192	-0.330282	1.42824	0.507592	0.000702683	0.00224632
97.5	-0.0532107	-0.160763	1.31986	0.180216	-0.106421	-0.321527	1.42558	0.499554	0.000692663	0.00218872
97.6	-0.0518492	-0.156499	1.31997	0.180863	-0.103698	-0.312998	1.42299	0.491729	0.000680752	0.00213215
97.7	-0.0505141	-0.152346	1.32011	0.181497	-0.101028	-0.304691	1.42047	0.484112	0.000667549	0.00207671
97.8	-0.0492071	-0.148301	1.32024	0.182118	-0.0984142	-0.296602	1.41801	0.476697	0.000653497	0.00202245
97.9	-0.0479293	-0.144362	1.32039	0.182724	-0.0958585	-0.288724	1.41561	0.469479	0.000638924	0.00196941
98	-0.0466811	-0.140527	1.32054	0.183316	-0.0933622	-0.281054	1.41327	0.462452	0.000624071	0.0019176
98.1	-0.0454629	-0.136793	1.32069	0.183894	-0.0909258	-0.273585	1.411	0.455613	0.000609114	0.00186704
98.2	-0.0442745	-0.133157	1.32083	0.184458	-0.088549	-0.266314	1.40879	0.448955	0.000594182	0.00181772
98.3	-0.0431158	-0.129618	1.32098	0.185007	-0.0862316	-0.259236	1.40663	0.442474	0.000579369	0.00176964
98.4	-0.0419863	-0.126172	1.32113	0.185543	-0.0839726	-0.252345	1.40453	0.436165	0.00056474	0.00172278
98.5	-0.0408856	-0.122818	1.32127	0.186065	-0.0817712	-0.245636	1.40249	0.430024	0.000550344	0.00167711
98.6	-0.0398132	-0.119553	1.32141	0.186573	-0.0796264	-0.239106	1.4005	0.424047	0.000536213	0.00163263
98.7	-0.0387685	-0.116374	1.32155	0.187069	-0.0775369	-0.232749	1.39856	0.418228	0.000522368	0.0015893
98.8	-0.0377508	-0.11328	1.32168	0.187551	-0.0755016	-0.22656	1.39667	0.412564	0.000508825	0.0015471
98.9	-0.0367596	-0.110268	1.32181	0.18802	-0.0735192	-0.220536	1.39483	0.40705	0.000495591	0.00150601
99	-0.0357943	-0.107336	1.32194	0.188478	-0.0715886	-0.214672	1.39304	0.401684	0.00048267	0.00146601
99.1	-0.0348542	-0.104482	1.32206	0.188923	-0.0697083	-0.208964	1.3913	0.39646	0.000470062	0.00142705
99.2	-0.0339386	-0.101704	1.32219	0.189356	-0.0678772	-0.203407	1.3896	0.391374	0.000457766	0.00138913
99.3	-0.0330471	-0.0989993	1.3223	0.189778	-0.0660941	-0.197999	1.38795	0.386424	0.000445779	0.00135221
99.4	-0.0321789	-0.0963668	1.32242	0.190189	-0.0643577	-0.192734	1.38634	0.381606	0.000434096	0.00131626
99.5	-0.0313334	-0.0938042	1.32253	0.190589	-0.0626669	-0.187608	1.38478	0.376916	0.000422713	0.00128127
99.6	-0.0305102	-0.0913098	1.32264	0.190978	-0.0610204	-0.18262	1.38325	0.37235	0.000411622	0.00124721
99.7	-0.0297086	-0.0888817	1.32275	0.191357	-0.0594171	-0.177763	1.38177	0.367906	0.000400819	0.00121405
99.8	-0.028928	-0.0865182	1.32285	0.191726	-0.0578559	-0.173036	1.38032	0.36358	0.000390296	0.00118177
99.9	-0.0281679	-0.0842175	1.32296	0.192085	-0.0563358	-0.168435	1.37891	0.35937	0.000380047	0.00115035
100	-0.0274277	-0.0819779	1.32305	0.192434	-0.0548555	-0.163956	1.37754	0.355271	0.000370066	0.00111976
100.1	-0.0267071	-0.079798	1.32315	0.192775	-0.0534141	-0.159596	1.3762	0.351281	0.000360345	0.00108999
100.2	-0.0260053	-0.0776759	1.32324	0.193106	-0.0520106	-0.155352	1.3749	0.347397	0.000350879	0.00106101
100.3	-0.025322	-0.0756104	1.32334	0.193428	-0.050644	-0.151221	1.37364	0.343616	0.000341661	0.0010328
100.4	-0.0246566	-0.0735997	1.32342	0.193742	-0.0493132	-0.147199	1.37241	0.339936	0.000332685	0.00100533
100.5	-0.0240087	-0.0716425	1.32351	0.194048	-0.0480174	-0.143285	1.3712	0.336354	0.000323944	0.000978602
100.6	-0.0233779	-0.0697373	1.3236	0.194345	-0.0467557	-0.139475	1.37004	0.332867	0.000315433	0.000952581
100.7	-0.0227636	-0.0678828	1.32368	0.194635	-0.0455271	-0.135766	1.3689	0.329473	0.000307145	0.000927251
100.8	-0.0221654	-0.0660776	1.32376	0.194917	-0.0443308	-0.132155	1.36779	0.326169	0.000299074	0.000902595
100.9	-0.021583	-0.0643204	1.32384	0.195191	-0.043166	-0.128641	1.36671	0.322953	0.000291216	0.000878594
101	-0.0210159	-0.06261	1.32391	0.195458	-0.0420317	-0.12522	1.36566	0.319823	0.000283564	0.000855232
101.1	-0.0204636	-0.060945	1.32399	0.195718	-0.0409273	-0.12189	1.36464	0.316776	0.000276113	0.00083249
101.2	-0.0199259	-0.0593243	1.32406	0.195971	-0.0398518	-0.118649	1.36364	0.313809	0.000268857	0.000810353
101.3	-0.0194023	-0.0577467	1.32413	0.196218	-0.0388047	-0.115493	1.36267	0.310922	0.000261793	0.000788805
101.4	-0.0188925	-0.056211	1.3242	0.196457	-0.037785	-0.112422	1.36173	0.308112	0.000254914	0.00076783
101.5	-0.0183961	-0.0547162	1.32426	0.196691	-0.0367922	-0.109432	1.36081	0.305376	0.000248215	0.000747413
101.6	-0.0179127	-0.0532611	1.32433	0.196918	-0.0358254	-0.106522	1.35991	0.302713	0.000241693	0.000727538
101.7	-0.017442	-0.0518447	1.32439	0.197139	-0.034884	-0.103689	1.35904	0.30012	0.000235342	0.000708192
101.8	-0.0169837	-0.050466	1.32445	0.197354	-0.0339674	-0.100932	1.35819	0.297597	0.000229158	0.000689361
101.9	-0.0165374	-0.049124	1.32451	0.197564	-0.0330748	-0.0982479	1.35736	0.295141	0.000223136	0.00067103
102	-0.0161029	-0.0478176	1.32457	0.197768	-0.0322057	-0.0956352	1.35656	0.29275	0.000217273	0.000653186
102.1	-0.0156797	-0.0465459	1.32462	0.197967	-0.0313595	-0.0930919	1.35577	0.290423	0.000211564	0.000635817
102.2	-0.0152677	-0.0453081	1.32468	0.19816	-0.0305355	-0.0906163	1.35501	0.288157	0.000206005	0.00061891
102.3	-0.0148666	-0.0441032	1.32473	0.198348	-0.0297331	-0.0882065	1.35427	0.285952	0.000200591	0.000602452
102.4	-0.0144759	-0.0429304	1.32479	0.198531	-0.0289518	-0.0858607	1.35354	0.283806	0.00019532	0.000586432
102.5	-0.0140955	-0.0417887	1.32484	0.19871	-0.0281911	-0.0835774	1.35284	0.281716	0.000190188	0.000570838
102.6	-0.0137252	-0.0406774	1.32489	0.198883	-0.0274503	-0.0813547	1.35215	0.279682	0.000185191	0.000555658
102.7	-0.0133645	-0.0395956	1.32493	0.199052	-0.026729	-0.0791912	1.35148	0.277703	0.000180324	0.000540883
102.8	-0.0130133	-0.0385426	1.32498	0.199217	-0.0260267	-0.0770852	1.35083	0.275775	0.000175586	0.0005265
102.9	-0.0126714	-0.0375176	1.32503	0.199377	-0.0253428	-0.0750352	1.3502	0.2739	0.000170972	0.000512499
103	-0.0123384	-0.0365199	1.32507	0.199533	-0.0246769	-0.0730397	1.34958	0.272074	0.00016648	0.000498871
103.1	-0.0120142	-0.0355487	1.32511	0.199684	-0.0240284	-0.0710973	1.34898	0.270296	0.000162105	0.000485605
103.2	-0.0116985	-0.0346033	1.32516	0.199832	-0.0233971	-0.0692065	1.3484	0.268566	0.000157845	0.000472692
103.3	-0.0113911	-0.033683	1.3252	0.199976	-0.0227823	-0.0673661	1.34783	0.266882	0.000153698	0.000460122
103.4	-0.0110918	-0.0327873	1.32524	0.200116	-0.0221836	-0.0655745	1.34727	0.265242	0.000149659	0.000447887
103.5	-0.0108004	-0.0319153	1.32528	0.200252	-0.0216007	-0.0638306	1.34673	0.263647	0.000145727	0.000435977
103.6	-0.0105166	-0.0310665	1.32531	0.200385	-0.0210331	-0.0621331	1.34621	0.262093	0.000141897	0.000424383
103.7	-0.0102402	-0.0302403	1.32535	0.200514	-0.0204805	-0.0604807	1.34569	0.260581	0.000138169	0.000413098
103.8	-0.00997115	-0.0294361	1.32539	0.200639	-0.0199423	-0.0588722	1.3452	0.25911	0.000134538	0.000402113
103.9	-0.00970915	-0.0286533	1.32542	0.200762	-0.0194183	-0.0573065	1.34471	0.257677	0.000131003	0.00039142
104	-0.00945403	-0.0278913	1.32546	0.200881	-0.0189081	-0.0557825	1.34424	0.256282	0.000127561	0.000381011
104.1	-0.00920561	-0.0271495	1.32549	0.200997	-0.0184112	-0.054299	1.34378	0.254925	0.000124209	0.000370879
104.2	-0.00896372	-0.0264275	1.32552	0.20111	-0.0179274	-0.0528549	1.34333	0.253603	0.000120945	0.000361017
104.3	-0.00872818	-0.0257246	1.32555	0.201219	-0.0174564	-0.0514493	1.34289	0.252317	0.000117767	0.000351416
104.4	-0.00849884	-0.0250405	1.32558	0.201326	-0.0169977	-0.050081	1.34247	0.251065	0.000114672	0.000342071
104.5	-0.00827552	-0.0243745	1.32561	0.20143	-0.016551	-0.0487491	1.34205	0.249847	0.000111659	0.000332975
104.6	-0.00805807	-0.0237263	1.32564	0.201532	-0.0161161	-0.0474526	1.34165	0.24866	0.000108725	0.00032412
104.7	-0.00784633	-0.0230953	1.32567	0.20163	-0.0156927	-0.0461906	1.34126	0.247505	0.000105868	0.000315501
104.8	-0.00764016	-0.0224811	1.3257	0.201726	-0.0152803	-0.0449621	1.34088	0.246381	0.000103086	0.000307111
104.9	-0.00743941	-0.0218832	1.32573	0.20182	-0.0148788	-0.0437664	1.3405	0.245287	0.000100378	0.000298944
