0	15	20	0	0
0.1	15	20	0.423413	0.444284
0.2	15	20	0.828044	0.88771
0.3	15	20	1.22135	1.33031
0.4	15	20	1.60567	1.77211
0.5	15	20	1.98233	2.21311
0.6	15	20	2.35225	2.65332
0.7	15	20	2.71608	3.09274
0.8	15	20	3.07435	3.53139
0.9	15	20	3.42745	3.96926
1	15	20	3.77575	4.40637
1.1	15	20	4.11952	4.84272
1.2	15	20	4.45902	5.27831
1.3	15	20	4.79446	5.71314
1.4	15	20	5.12603	6.14723
1.5	15	20	5.4539	6.58058
1.6	15	20	5.77823	7.01319
1.7	15	20	6.09915	7.44505
1.8	15	20	6.41679	7.87619
1.9	15	20	6.73125	8.3066
2	15	20	7.04266	8.73628
2.1	15	20	7.3511	9.16524
2.2	15	20	7.65667	9.59347
2.3	15	20	7.95944	10.021
2.4	15	20	8.2595	10.4478
2.5	15	20	8.55693	10.8739
2.6	15	20	8.85178	11.2993
2.7	15	20	9.14413	11.724
2.8	15	20	9.43403	12.148
2.9	15	20	9.72155	12.5712
3	15	20	10.0067	12.9938
3.1	15	20	10.2896	13.4157
3.2	15	20	10.5703	13.8369
3.3	15	20	10.8488	14.2574
3.4	15	20	11.1252	14.6773
3.5	15	20	11.3994	15.0964
3.6	15	20	11.6716	15.5149
3.7	15	20	11.9418	15.9326
3.8	15	20	12.21	16.3497
3.9	15	20	12.4763	16.7662
4	15	20	12.7407	17.1819
4.1	15	20	13.0031	17.597
4.2	15	20	13.2638	18.0114
4.3	15	20	13.5226	18.4252
4.4	15	20	13.7648	18.8297
4.5	15	20	13.9441	19.1231
4.6	15	20	14.0817	19.3439
4.7	15	20	14.1876	19.5092
4.8	15	20	14.2698	19.633
4.9	15	20	14.3343	19.7258
5	15	20	14.3856	19.7953
5.1	15	20	14.4268	19.8474
5.2	15	20	14.4606	19.8865
5.3	15	20	14.4887	19.9158
5.4	15	20	14.5126	19.9378
5.5	15	20	14.5331	19.9544
5.6	15	20	14.5511	19.9668
5.7	15	20	14.5672	19.9761
5.8	15	20	14.5818	19.9831
5.9	15	20	14.5951	19.9884
6	15	20	14.6075	19.9925
6.1	15	20	14.6192	19.9955
6.2	15	20	14.6302	19.9978
6.3	15	20	14.6406	19.9995
6.4	15	20	14.6506	20.0009
6.5	15	20	14.6602	20.0019
6.6	15	20	14.6694	20.0027
6.7	15	20	14.6783	20.0033
6.8	15	20	14.6869	20.0037
6.9	15	20	14.6953	20.0041
7	15	20	14.7034	20.0044
7.1	15	20	14.7112	20.0046
7.2	15	20	14.7189	20.0048
7.3	15	20	14.7263	20.0049
7.4	15	20	14.7335	20.0051
7.5	15	20	14.7405	20.0051
7.6	15	20	14.7474	20.0052
7.7	15	20	14.754	20.0053
7.8	15	20	14.7605	20.0053
7.9	15	20	14.7668	20.0054
8	15	20	14.7729	20.0054
8.1	15	20	14.7789	20.0054
8.2	15	20	14.7847	20.0054
8.3	15	20	14.7904	20.0054
8.4	15	20	14.7959	20.0054
8.5	15	20	14.8012	20.0054
8.6	15	20	14.8065	20.0054
8.7	15	20	14.8115	20.0054
8.8	15	20	14.8165	20.0054
8.9	15	20	14.8213	20.0054
9	15	20	14.826	20.0054
9.1	15	20	14.8306	20.0053
9.2	15	20	14.835	20.0053
9.3	15	20	14.8394	20.0053
9.4	15	20	14.8436	20.0052
9.5	15	20	14.8477	20.0052
9.6	15	20	14.8517	20.0052
9.7	15	20	14.8556	20.0051
9.8	15	20	14.8594	20.0051
9.9	15	20	14.8631	20.0051
10	15	20	14.8667	20.005
10.1	15	20	14.8702	20.005
10.2	15	20	14.8736	20.0049
10.3	15	20	14.8769	20.0049
10.4	15	20	14.8801	20.0049
10.5	15	20	14.8833	20.0048
10.6	15	20	14.8864	20.0048
10.7	15	20	14.8893	20.0047
10.8	15	20	14.8923	20.0047
10.9	15	20	14.8951	20.0046
11	15	20	14.8978	20.0046
11.1	15	20	14.9005	20.0045
11.2	15	20	14.9031	20.0045
11.3	15	20	14.9057	20.0044
11.4	15	20	14.9082	20.0044
11.5	15	20	14.9106	20.0043
11.6	15	20	14.9129	20.0042
11.7	15	20	14.9152	20.0042
11.8	15	20	14.9174	20.0041
11.9	15	20	14.9196	20.0041
12	15	20	14.9217	20.004
12.1	15	20	14.9238	20.004
12.2	15	20	14.9258	20.0039
12.3	15	20	14.9277	20.0039
12.4	15	20	14.9296	20.0038
12.5	15	20	14.9315	20.0038
12.6	15	20	14.9333	20.0037
12.7	15	20	14.935	20.0037
12.8	15	20	14.9367	20.0036
12.9	15	20	14.9384	20.0036
13	15	20	14.94	20.0035
13.1	15	20	14.9416	20.0034
13.2	15	20	14.9431	20.0034
13.3	15	20	14.9446	20.0033
13.4	15	20	14.9461	20.0033
13.5	15	20	14.9475	20.0032
13.6	15	20	14.9489	20.0032
13.7	15	20	14.9502	20.0031
13.8	15	20	14.9515	20.0031
13.9	15	20	14.9528	20.003
14	15	20	14.954	20.003
14.1	15	20	14.9552	20.003
14.2	15	20	14.9564	20.0029
14.3	15	20	14.9576	20.0029
14.4	15	20	14.9587	20.0028
14.5	15	20	14.9598	20.0028
14.6	15	20	14.9608	20.0027
14.7	15	20	14.9619	20.0027
14.8	15	20	14.9629	20.0026
14.9	15	20	14.9638	20.0026
15	15	20	14.9648	20.0025
15.1	15	20	14.769	20.0018
15.2	15	20	14.5745	20.0001
15.3	15	20	14.3814	19.9977
15.4	15	20	14.1895	19.9948
15.5	15	20	13.9988	19.9915
15.6	15	20	13.8095	19.9881
15.7	15	20	13.6215	19.9845
15.8	15	20	13.4347	19.9808
15.9	15	20	13.2493	19.9771
16	15	20	13.0651	19.9734
16.1	15	20	12.8823	19.9697
16.2	15	20	12.7007	19.9661
16.3	15	20	12.5204	19.9625
16.4	15	20	12.3414	19.959
16.5	15	20	12.1636	19.9556
16.6	15	20	11.9872	19.9522
16.7	15	20	11.8121	19.9489
16.8	15	20	11.6382	19.9457
16.9	15	20	11.4656	19.9426
17	15	20	11.2944	19.9395
17.1	15	20	11.1244	19.9365
17.2	15	20	10.9557	19.9336
17.3	15	20	10.7883	19.9308
17.4	15	20	10.6222	19.928
17.5	15	20	10.4573	19.9253
17.6	15	20	10.2938	19.9227
17.7	15	20	10.1315	19.9202
17.8	15	20	9.97056	19.9177
17.9	15	20	9.81088	19.9153
18	15	20	9.6525	19.9129
18.1	15	20	9.4954	19.9106
18.2	15	20	9.33959	19.9084
18.3	15	20	9.18507	19.9062
18.4	15	20	9.03184	19.9041
18.5	15	20	8.8799	19.9021
18.6	15	20	8.72924	19.9001
18.7	15	20	8.57988	19.8981
18.8	15	20	8.4318	19.8962
18.9	15	20	8.28502	19.8944
19	15	20	8.13952	19.8926
19.1	15	20	7.99531	19.8908
19.2	15	20	7.85239	19.8891
19.3	15	20	7.71076	19.8874
19.4	15	20	7.57042	19.8858
19.5	15	20	7.43136	19.8843
19.6	15	20	7.2936	19.8827
19.7	15	20	7.15713	19.8812
19.8	15	20	7.02194	19.8798
19.9	15	20	6.88804	19.8784
20	15	20	6.75543	19.877
20.1	15	20	6.62411	19.8756
20.2	15	20	6.49408	19.8743
20.3	15	20	6.36534	19.8731
20.4	15	20	6.23789	19.8718
20.5	15	20	6.11173	19.8706
20.6	15	20	5.98685	19.8694
20.7	15	20	5.86326	19.8683
20.8	15	20	5.74097	19.8672
20.9	15	20	5.61996	19.8661
21	15	20	5.50024	19.865
21.1	15	20	5.38181	19.864
21.2	15	20	5.26467	19.863
21.3	15	20	5.14882	19.862
21.4	15	20	5.03425	19.8611
21.5	15	20	4.92098	19.8602
21.6	15	20	4.80899	19.8593
21.7	15	20	4.6983	19.8584
21.8	15	20	4.58889	19.8575
21.9	15	20	4.48077	19.8567
22	15	20	4.37394	19.8559
22.1	15	20	4.2684	19.8551
22.2	15	20	4.16415	19.8544
22.3	15	20	4.06118	19.8536
22.4	15	20	3.95951	19.8529
22.5	15	20	3.85912	19.8522
22.6	15	20	3.76003	19.8515
22.7	15	20	3.66222	19.8508
22.8	15	20	3.5657	19.8502
22.9	15	20	3.47047	19.8495
23	15	20	3.37653	19.8489
23.1	15	20	3.28388	19.8483
23.2	15	20	3.19252	19.8477
23.3	15	20	3.10244	19.8472
23.4	15	20	3.01366	19.8466
23.5	15	20	2.92616	19.8461
23.6	15	20	2.83996	19.8455
23.7	15	20	2.75504	19.845
23.8	15	20	2.67141	19.8445
23.9	15	20	2.58907	19.844
24	15	20	2.50802	19.8436
24.1	15	20	2.42825	19.8431
24.2	15	20	2.34978	19.8426
24.3	15	20	2.27259	19.8422
24.4	15	20	2.1967	19.8418
24.5	15	20	2.12209	19.8414
24.6	15	20	2.04877	19.841
24.7	15	20	1.97675	19.8406
24.8	15	20	1.90601	19.8402
24.9	15	20	1.83655	19.8398
25	15	20	1.76839	19.8395
25.1	15	20	1.70152	19.8391
25.2	15	20	1.63593	19.8388
25.3	15	20	1.57164	19.8384
25.4	15	20	1.50863	19.8381
25.5	15	20	1.44692	19.8378
25.6	15	20	1.38649	19.8375
25.7	15	20	1.32735	19.8372
25.8	15	20	1.2695	19.8369
25.9	15	20	1.21293	19.8366
26	15	20	1.15766	19.8363
26.1	15	20	1.10368	19.8361
26.2	15	20	1.05098	19.8358
26.3	15	20	0.999576	19.8355
26.4	15	20	0.949458	19.8353
26.5	15	20	0.90063	19.835
26.6	15	20	0.853091	19.8348
26.7	15	20	0.80684	19.8346
26.8	15	20	0.761879	19.8343
26.9	15	20	0.718206	19.8341
27	15	20	0.675822	19.8339
27.1	15	20	0.634727	19.8337
27.2	15	20	0.594921	19.8335
27.3	15	20	0.556405	19.8333
27.4	15	20	0.519176	19.8331
27.5	15	20	0.483237	19.8329
27.6	15	20	0.448587	19.8328
27.7	15	20	0.415226	19.8326
27.8	15	20	0.383154	19.8324
27.9	15	20	0.35237	19.8322
28	15	20	0.322876	19.8321
28.1	15	20	0.29467	19.8319
28.2	15	20	0.267753	19.8318
28.3	15	20	0.242126	19.8316
28.4	15	20	0.217787	19.8315
28.5	15	20	0.194737	19.8313
28.6	15	20	0.172976	19.8312
28.7	15	20	0.152504	19.8311
28.8	15	20	0.133321	19.8309
28.9	15	20	0.115427	19.8308
29	15	20	0.0988216	19.8307
29.1	15	20	0.0835053	19.8306
29.2	15	20	0.0694779	19.8304
29.3	15	20	0.0567395	19.8303
29.4	15	20	0.04529	19.8302
29.5	15	20	0.0351294	19.8301
29.6	15	20	0.0262577	19.83
29.7	15	20	0.0186751	19.8299
29.8	15	20	0.0123814	19.8298
29.9	15	20	0.007377	19.8297
30	15	20	0.00366228	19.8296
30.1	15	20	0.426436	19.8489
30.2	15	20	0.83097	19.8803
30.3	15	20	1.22421	19.9134
30.4	15	20	1.60846	19.9461
30.5	15	20	1.98507	19.9769
30.6	15	20	2.35494	20.0055
30.7	15	20	2.71873	20.0317
30.8	15	20	3.07696	20.0555
30.9	15	20	3.43003	20.077
31	15	20	3.77829	20.0964
31.1	15	20	4.12203	20.1139
31.2	15	20	4.4615	20.1298
31.3	15	20	4.79691	20.144
31.4	15	20	5.12845	20.1569
31.5	15	20	5.4563	20.1685
31.6	15	20	5.7806	20.179
31.7	15	20	6.1015	20.1885
31.8	15	20	6.41911	20.1971
31.9	15	20	6.73355	20.2049
32	15	20	7.04494	20.2119
32.1	15	20	7.35336	20.2183
32.2	15	20	7.6589	20.224
32.3	15	20	7.96166	20.2292
32.4	15	20	8.2617	20.2339
32.5	15	20	8.5591	20.2381
32.6	15	20	8.85394	20.2419
32.7	15	20	9.14627	20.2452
32.8	15	20	9.43615	20.2483
32.9	15	20	9.72365	20.2509
33	15	20	10.0088	20.2533
33.1	15	20	10.2917	20.2554
33.2	15	20	10.5724	20.2572
33.3	15	20	10.8508	20.2588
33.4	15	20	11.1272	20.2601
33.5	15	20	11.4014	20.2612
33.6	15	20	11.6736	20.2621
33.7	15	20	11.9438	20.2628
33.8	15	20	12.212	20.2634
33.9	15	20	12.4782	20.2638
34	15	20	12.7426	20.264
34.1	15	20	13.0051	20.2641
34.2	15	20	13.2657	20.2641
34.3	15	20	13.5245	20.2639
34.4	15	20	13.7816	20.2636
34.5	15	20	14.0369	20.2632
34.6	15	20	14.2904	20.2627
34.7	15	20	14.491	20.262
34.8	15	20	14.6387	20.2607
34.9	15	20	14.7484	20.2588
35	15	20	14.8296	20.2562
35.1	15	20	14.8896	20.253
35.2	15	20	14.9339	20.2493
35.3	15	20	14.9665	20.2451
35.4	15	20	14.9903	20.2406
35.5	15	20	15.0077	20.2359
35.6	15	20	15.0202	20.2309
35.7	15	20	15.0292	20.2258
35.8	15	20	15.0355	20.2207
35.9	15	20	15.0398	20.2155
36	15	20	15.0427	20.2103
36.1	15	20	15.0445	20.2051
36.2	15	20	15.0455	20.2
36.3	15	20	15.0459	20.1949
36.4	15	20	15.0459	20.19
36.5	15	20	15.0456	20.1851
36.6	15	20	15.0451	20.1803
36.7	15	20	15.0444	20.1756
36.8	15	20	15.0436	20.171
36.9	15	20	15.0427	20.1665
37	15	20	15.0418	20.1621
37.1	15	20	15.0409	20.1579
37.2	15	20	15.0399	20.1537
37.3	15	20	15.0389	20.1497
37.4	15	20	15.038	20.1457
37.5	15	20	15.037	20.1418
37.6	15	20	15.0361	20.1381
37.7	15	20	15.0352	20.1344
37.8	15	20	15.0343	20.1309
37.9	15	20	15.0334	20.1274
38	15	20	15.0325	20.124
38.1	15	20	15.0317	20.1207
38.2	15	20	15.0308	20.1175
38.3	15	20	15.03	20.1144
38.4	15	20	15.0292	20.1114
38.5	15	20	15.0285	20.1084
38.6	15	20	15.0277	20.1055
38.7	15	20	15.027	20.1027
38.8	15	20	15.0263	20.1
38.9	15	20	15.0256	20.0974
39	15	20	15.0249	20.0948
39.1	15	20	15.0243	20.0923
39.2	15	20	15.0236	20.0898
39.3	15	20	15.023	20.0874
39.4	15	20	15.0224	20.0851
39.5	15	20	15.0218	20.0828
39.6	15	20	15.0213	20.0806
39.7	15	20	15.0207	20.0785
39.8	15	20	15.0202	20.0764
39.9	15	20	15.0196	20.0744
40	15	20	15.0191	20.0724
40.1	15	20	15.0186	20.0705
40.2	15	20	15.0181	20.0686
40.3	15	20	15.0176	20.0668
40.4	15	20	15.0172	20.065
40.5	15	20	15.0167	20.0633
40.6	15	20	15.0163	20.0616
40.7	15	20	15.0159	20.06
40.8	15	20	15.0154	20.0584
40.9	15	20	15.015	20.0568
41	15	20	15.0146	20.0553
41.1	15	20	15.0143	20.0539
41.2	15	20	15.0139	20.0524
41.3	15	20	15.0135	20.051
41.4	15	20	15.0132	20.0497
41.5	15	20	15.0128	20.0484
41.6	15	20	15.0125	20.0471
41.7	15	20	15.0121	20.0458
41.8	15	20	15.0118	20.0446
41.9	15	20	15.0115	20.0434
42	15	20	15.0112	20.0423
42.1	15	20	15.0109	20.0412
42.2	15	20	15.0106	20.0401
42.3	15	20	15.0104	20.039
42.4	15	20	15.0101	20.038
42.5	15	20	15.0098	20.037
42.6	15	20	15.0096	20.036
42.7	15	20	15.0093	20.035
42.8	15	20	15.0091	20.0341
42.9	15	20	15.0088	20.0332
43	15	20	15.0086	20.0323
43.1	15	20	15.0084	20.0314
43.2	15	20	15.0081	20.0306
43.3	15	20	15.0079	20.0298
43.4	15	20	15.0077	20.029
43.5	15	20	15.0075	20.0282
43.6	15	20	15.0073	20.0275
43.7	15	20	15.0071	20.0268
43.8	15	20	15.0069	20.0261
43.9	15	20	15.0068	20.0254
44	15	20	15.0066	20.0247
44.1	15	20	15.0064	20.024
44.2	15	20	15.0062	20.0234
44.3	15	20	15.0061	20.0228
44.4	15	20	15.0059	20.0222
44.5	15	20	15.0058	20.0216
44.6	15	20	15.0056	20.021
44.7	15	20	15.0055	20.0204
44.8	15	20	15.0053	20.0199
44.9	15	20	15.0052	20.0194
45	15	20	15.005	20.0189
45.1	15	20	15.0049	19.9885
45.2	15	20	15.0048	19.9582
45.3	15	20	15.0047	19.9282
45.4	15	20	15.0045	19.8983
45.5	15	20	15.0044	19.8685
45.6	15	20	15.0043	19.839
45.7	15	20	15.0042	19.8096
45.8	15	20	15.0041	19.7803
45.9	15	20	15.004	19.7513
46	15	20	15.0039	19.7224
46.1	15	20	15.0038	19.6937
46.2	15	20	15.0037	19.6651
46.3	15	20	15.0036	19.6367
46.4	15	20	15.0035	19.6084
46.5	15	20	15.0034	19.5804
46.6	15	20	15.0033	19.5524
46.7	15	20	15.0032	19.5247
46.8	15	20	15.0031	19.4971
46.9	15	20	15.003	19.4696
47	15	20	15.003	19.4423
47.1	15	20	15.0029	19.4152
47.2	15	20	15.0028	19.3882
47.3	15	20	15.0027	19.3614
47.4	15	20	15.0027	19.3347
47.5	15	20	15.0026	19.3082
47.6	15	20	15.0025	19.2818
47.7	15	20	15.0025	19.2556
47.8	15	20	15.0024	19.2295
47.9	15	20	15.0023	19.2036
48	15	20	15.0023	19.1779
48.1	15	20	15.0022	19.1523
48.2	15	20	15.0022	19.1268
48.3	15	20	15.0021	19.1015
48.4	15	20	15.002	19.0763
48.5	15	20	15.002	19.0513
48.6	15	20	15.0019	19.0264
48.7	15	20	15.0019	19.0016
48.8	15	20	15.0018	18.977
48.9	15	20	15.0018	18.9526
49	15	20	15.0017	18.9283
49.1	15	20	15.0017	18.9041
49.2	15	20	15.0016	18.8801
49.3	15	20	15.0016	18.8562
49.4	15	20	15.0016	18.8324
49.5	15	20	15.0015	18.8088
49.6	15	20	15.0015	18.7853
49.7	15	20	15.0014	18.762
49.8	15	20	15.0014	18.7388
49.9	15	20	15.0014	18.7157
50	15	20	15.0013	18.6928
50.1	15	20	15.0013	18.67
50.2	15	20	15.0013	18.6473
50.3	15	20	15.0012	18.6248
50.4	15	20	15.0012	18.6024
50.5	15	20	15.0012	18.5801
50.6	15	20	15.0011	18.558
50.7	15	20	15.0011	18.536
50.8	15	20	15.0011	18.5141
50.9	15	20	15.001	18.4923
51	15	20	15.001	18.4707
51.1	15	20	15.001	18.4492
51.2	15	20	15.001	18.4279
51.3	15	20	15.0009	18.4066
51.4	15	20	15.0009	18.3855
51.5	15	20	15.0009	18.3645
51.6	15	20	15.0009	18.3436
51.7	15	20	15.0008	18.3229
51.8	15	20	15.0008	18.3023
51.9	15	20	15.0008	18.2818
52	15	20	15.0008	18.2614
52.1	15	20	15.0008	18.2411
52.2	15	20	15.0007	18.221
52.3	15	20	15.0007	18.2009
52.4	15	20	15.0007	18.181
52.5	15	20	15.0007	18.1613
52.6	15	20	15.0007	18.1416
52.7	15	20	15.0006	18.122
52.8	15	20	15.0006	18.1026
52.9	15	20	15.0006	18.0833
53	15	20	15.0006	18.0641
53.1	15	20	15.0006	18.045
53.2	15	20	15.0006	18.026
53.3	15	20	15.0006	18.0071
53.4	15	20	15.0005	17.9884
53.5	15	20	15.0005	17.9698
53.6	15	20	15.0005	17.9512
53.7	15	20	15.0005	17.9328
53.8	15	20	15.0005	17.9145
53.9	15	20	15.0005	17.8963
54	15	20	15.0005	17.8782
54.1	15	20	15.0004	17.8602
54.2	15	20	15.0004	17.8424
54.3	15	20	15.0004	17.8246
54.4	15	20	15.0004	17.8069
54.5	15	20	15.0004	17.7894
54.6	15	20	15.0004	17.7719
54.7	15	20	15.0004	17.7546
54.8	15	20	15.0004	17.7373
54.9	15	20	15.0004	17.7202
55	15	20	15.0004	17.7032
55.1	15	20	15.0003	17.6862
55.2	15	20	15.0003	17.6694
55.3	15	20	15.0003	17.6527
55.4	15	20	15.0003	17.6361
55.5	15	20	15.0003	17.6195
55.6	15	20	15.0003	17.6031
55.7	15	20	15.0003	17.5868
55.8	15	20	15.0003	17.5705
55.9	15	20	15.0003	17.5544
56	15	20	15.0003	17.5384
56.1	15	20	15.0003	17.5224
56.2	15	20	15.0003	17.5066
56.3	15	20	15.0002	17.4908
56.4	15	20	15.0002	17.4752
56.5	15	20	15.0002	17.4596
56.6	15	20	15.0002	17.4442
56.7	15	20	15.0002	17.4288
56.8	15	20	15.0002	17.4135
56.9	15	20	15.0002	17.3983
57	15	20	15.0002	17.3833
57.1	15	20	15.0002	17.3683
57.2	15	20	15.0002	17.3534
57.3	15	20	15.0002	17.3385
57.4	15	20	15.0002	17.3238
57.5	15	20	15.0002	17.3092
57.6	15	20	15.0002	17.2946
57.7	15	20	15.0002	17.2802
57.8	15	20	15.0002	17.2658
57.9	15	20	15.0002	17.2515
58	15	20	15.0002	17.2373
58.1	15	20	15.0002	17.2232
58.2	15	20	15.0002	17.2092
58.3	15	20	15.0001	17.1952
58.4	15	20	15.0001	17.1814
58.5	15	20	15.0001	17.1676
58.6	15	20	15.0001	17.1539
58.7	15	20	15.0001	17.1403
58.8	15	20	15.0001	17.1268
58.9	15	20	15.0001	17.1134
59	15	20	15.0001	17.1
59.1	15	20	15.0001	17.0867
59.2	15	20	15.0001	17.0735
59.3	15	20	15.0001	17.0604
59.4	15	20	15.0001	17.0474
59.5	15	20	15.0001	17.0345
59.6	15	20	15.0001	17.0216
59.7	15	20	15.0001	17.0088
59.8	15	20	15.0001	16.9961
59.9	15	20	15.0001	16.9834
60	15	20	15.0001	16.9709
60.1	15	20	15.0001	17.4017
60.2	15	20	15.0001	17.8299
60.3	15	20	15.0001	18.2555
60.4	15	20	15.0001	18.6786
60.5	15	20	15.0001	19.0992
60.6	15	20	15.0001	19.4723
60.7	15	20	15.0001	19.7404
60.8	15	20	15.0001	19.9374
60.9	15	20	15.0001	20.0807
61	15	20	15.0001	20.1842
61.1	15	20	15.0001	20.2582
61.2	15	20	15.0001	20.3101
61.3	15	20	15.0001	20.3457
61.4	15	20	15.0001	20.3693
61.5	15	20	15.0001	20.3839
61.6	15	20	15.0001	20.3919
61.7	15	20	15.0001	20.3952
61.8	15	20	15.0001	20.3948
61.9	15	20	15.0001	20.3919
62	15	20	15.0001	20.3872
62.1	15	20	15.0001	20.3812
62.2	15	20	15.0001	20.3743
62.3	15	20	15.0001	20.3667
62.4	15	20	15	20.3588
62.5	15	20	15	20.3506
62.6	15	20	15	20.3423
62.7	15	20	15	20.334
62.8	15	20	15	20.3258
62.9	15	20	15	20.3176
63	15	20	15	20.3095
63.1	15	20	15	20.3016
63.2	15	20	15	20.2938
63.3	15	20	15	20.2861
63.4	15	20	15	20.2787
63.5	15	20	15	20.2714
63.6	15	20	15	20.2643
63.7	15	20	15	20.2574
63.8	15	20	15	20.2506
63.9	15	20	15	20.244
64	15	20	15	20.2376
64.1	15	20	15	20.2314
64.2	15	20	15	20.2253
64.3	15	20	15	20.2193
64.4	15	20	15	20.2136
64.5	15	20	15	20.2079
64.6	15	20	15	20.2024
64.7	15	20	15	20.1971
64.8	15	20	15	20.1919
64.9	15	20	15	20.1869
65	15	20	15	20.1819
65.1	15	20	15	20.1771
65.2	15	20	15	20.1725
65.3	15	20	15	20.1679
65.4	15	20	15	20.1635
65.5	15	20	15	20.1592
65.6	15	20	15	20.155
65.7	15	20	15	20.1509
65.8	15	20	15	20.1469
65.9	15	20	15	20.143
66	15	20	15	20.1393
66.1	15	20	15	20.1356
66.2	15	20	15	20.132
66.3	15	20	15	20.1285
66.4	15	20	15	20.1251
66.5	15	20	15	20.1218
66.6	15	20	15	20.1186
66.7	15	20	15	20.1155
66.8	15	20	15	20.1125
66.9	15	20	15	20.1095
67	15	20	15	20.1066
67.1	15	20	15	20.1038
67.2	15	20	15	20.1011
67.3	15	20	15	20.0984
67.4	15	20	15	20.0958
67.5	15	20	15	20.0933
67.6	15	20	15	20.0908
67.7	15	20	15	20.0884
67.8	15	20	15	20.0861
67.9	15	20	15	20.0838
68	15	20	15	20.0816
68.1	15	20	15	20.0795
68.2	15	20	15	20.0774
68.3	15	20	15	20.0753
68.4	15	20	15	20.0733
68.5	15	20	15	20.0714
68.6	15	20	15	20.0695
68.7	15	20	15	20.0677
68.8	15	20	15	20.0659
68.9	15	20	15	20.0642
69	15	20	15	20.0625
69.1	15	20	15	20.0608
69.2	15	20	15	20.0592
69.3	15	20	15	20.0577
69.4	15	20	15	20.0561
69.5	15	20	15	20.0547
69.6	15	20	15	20.0532
69.7	15	20	15	20.0518
69.8	15	20	15	20.0504
69.9	15	20	15	20.0491
70	15	20	15	20.0478
70.1	15	20	15	20.0466
70.2	15	20	15	20.0453
70.3	15	20	15	20.0441
70.4	15	20	15	20.043
70.5	15	20	15	20.0418
70.6	15	20	15	20.0407
70.7	15	20	15	20.0397
70.8	15	20	15	20.0386
70.9	15	20	15	20.0376
71	15	20	15	20.0366
71.1	15	20	15	20.0356
71.2	15	20	15	20.0347
71.3	15	20	15	20.0338
71.4	15	20	15	20.0329
71.5	15	20	15	20.032
71.6	15	20	15	20.0312
71.7	15	20	15	20.0304
71.8	15	20	15	20.0296
71.9	15	20	15	20.0288
72	15	20	15	20.028
72.1	15	20	15	20.0273
72.2	15	20	15	20.0266
72.3	15	20	15	20.0259
72.4	15	20	15	20.0252
72.5	15	20	15	20.0245
72.6	15	20	15	20.0239
72.7	15	20	15	20.0232
72.8	15	20	15	20.0226
72.9	15	20	15	20.022
73	15	20	15	20.0215
73.1	15	20	15	20.0209
73.2	15	20	15	20.0203
73.3	15	20	15	20.0198
73.4	15	20	15	20.0193
73.5	15	20	15	20.0188
73.6	15	20	15	20.0183
73.7	15	20	15	20.0178
73.8	15	20	15	20.0173
73.9	15	20	15	20.0169
74	15	20	15	20.0164
74.1	15	20	15	20.016
74.2	15	20	15	20.0156
74.3	15	20	15	20.0152
74.4	15	20	15	20.0148
74.5	15	20	15	20.0144
74.6	15	20	15	20.014
74.7	15	20	15	20.0136
74.8	15	20	15	20.0133
74.9	15	20	15	20.0129
75	15	20	15	20.0126
75.1	15	20	14.804	19.9815
75.2	15	20	14.6093	19.9494
75.3	15	20	14.4159	19.9161
75.4	15	20	14.2237	19.8817
75.5	15	20	14.0329	19.8463
75.6	15	20	13.8434	19.8098
75.7	15	20	13.6551	19.7722
75.8	15	20	13.4681	19.7335
75.9	15	20	13.2824	19.6937
76	15	20	13.098	19.6529
76.1	15	20	12.9149	19.6111
76.2	15	20	12.7331	19.5682
76.3	15	20	12.5526	19.5242
76.4	15	20	12.3733	19.4793
76.5	15	20	12.1954	19.4333
76.6	15	20	12.0187	19.3862
76.7	15	20	11.8434	19.3382
76.8	15	20	11.6693	19.2891
76.9	15	20	11.4965	19.2391
77	15	20	11.325	19.188
77.1	15	20	11.1547	19.136
77.2	15	20	10.9858	19.083
77.3	15	20	10.8182	19.029
77.4	15	20	10.6518	18.974
77.5	15	20	10.4868	18.9181
77.6	15	20	10.323	18.8612
77.7	15	20	10.1605	18.8033
77.8	15	20	9.99931	18.7445
77.9	15	20	9.8394	18.6848
78	15	20	9.68079	18.6241
78.1	15	20	9.52346	18.5625
78.2	15	20	9.36742	18.5
78.3	15	20	9.21267	18.4366
78.4	15	20	9.0592	18.3722
78.5	15	20	8.90703	18.3069
78.6	15	20	8.75615	18.2408
78.7	15	20	8.60655	18.1737
78.8	15	20	8.45824	18.1058
78.9	15	20	8.31123	18.037
79	15	20	8.1655	17.9673
79.1	15	20	8.02106	17.8967
79.2	15	20	7.87791	17.8253
79.3	15	20	7.73605	17.753
79.4	15	20	7.59547	17.6799
79.5	15	20	7.45619	17.6059
79.6	15	20	7.31819	17.5311
79.7	15	20	7.18149	17.4554
79.8	15	20	7.04607	17.379
79.9	15	20	6.91194	17.3017
80	15	20	6.7791	17.2236
80.1	15	20	6.64755	17.1446
80.2	15	20	6.51729	17.0649
80.3	15	20	6.38832	16.9844
80.4	15	20	6.26063	16.9031
80.5	15	20	6.13424	16.821
80.6	15	20	6.00913	16.7381
80.7	15	20	5.88532	16.6545
80.8	15	20	5.76279	16.5701
80.9	15	20	5.64155	16.4849
81	15	20	5.5216	16.399
81.1	15	20	5.40294	16.3123
81.2	15	20	5.28557	16.2249
81.3	15	20	5.16948	16.1367
81.4	15	20	5.05469	16.0478
81.5	15	20	4.94118	15.9582
81.6	15	20	4.82897	15.8679
81.7	15	20	4.71804	15.7769
81.8	15	20	4.6084	15.6851
81.9	15	20	4.50005	15.5927
82	15	20	4.39299	15.4996
82.1	15	20	4.28722	15.4058
82.2	15	20	4.18273	15.3113
82.3	15	20	4.07954	15.2161
82.4	15	20	3.97763	15.1203
82.5	15	20	3.87702	15.0238
82.6	15	20	3.77769	14.9266
82.7	15	20	3.67965	14.8288
82.8	15	20	3.5829	14.7304
82.9	15	20	3.48744	14.6313
83	15	20	3.39327	14.5316
83.1	15	20	3.30039	14.4313
83.2	15	20	3.20879	14.3303
83.3	15	20	3.11849	14.2288
83.4	15	20	3.02947	14.1266
83.5	15	20	2.94175	14.0238
83.6	15	20	2.85531	13.9205
83.7	15	20	2.77016	13.8166
83.8	15	20	2.6863	13.7121
83.9	15	20	2.60373	13.607
84	15	20	2.52245	13.5013
84.1	15	20	2.44245	13.3951
84.2	15	20	2.36375	13.2884
84.3	15	20	2.28633	13.1811
84.4	15	20	2.21021	13.0733
84.5	15	20	2.13537	12.9649
84.6	15	20	2.06182	12.856
84.7	15	20	1.98956	12.7466
84.8	15	20	1.91859	12.6367
84.9	15	20	1.84891	12.5263
85	15	20	1.78051	12.4154
85.1	15	20	1.71341	12.304
85.2	15	20	1.64759	12.1921
85.3	15	20	1.58307	12.0798
85.4	15	20	1.51983	11.967
85.5	15	20	1.45788	11.8537
85.6	15	20	1.39722	11.74
85.7	15	20	1.33785	11.6258
85.8	15	20	1.27977	11.5112
85.9	15	20	1.22298	11.3962
86	15	20	1.16747	11.2807
86.1	15	20	1.11326	11.1648
86.2	15	20	1.06033	11.0485
86.3	15	20	1.00869	10.9319
86.4	15	20	0.958345	10.8148
86.5	15	20	0.909285	10.6973
86.6	15	20	0.861515	10.5795
86.7	15	20	0.815033	10.4613
86.8	15	20	0.769841	10.3427
86.9	15	20	0.725937	10.2238
87	15	20	0.683323	10.1046
87.1	15	20	0.641997	9.98498
87.2	15	20	0.60196	9.86506
87.3	15	20	0.563212	9.74483
87.4	15	20	0.525753	9.62428
87.5	15	20	0.489583	9.50343
87.6	15	20	0.454702	9.3823
87.7	15	20	0.42111	9.26087
87.8	15	20	0.388806	9.13918
87.9	15	20	0.357792	9.01721
88	15	20	0.328066	8.89499
88.1	15	20	0.29963	8.77252
88.2	15	20	0.272482	8.64982
88.3	15	20	0.246623	8.52688
88.4	15	20	0.222054	8.40373
88.5	15	20	0.198773	8.28037
88.6	15	20	0.176781	8.1568
88.7	15	20	0.156078	8.03305
88.8	15	20	0.136664	7.90912
88.9	15	20	0.118539	7.78502
89	15	20	0.101703	7.66076
89.1	15	20	0.0861552	7.53635
89.2	15	20	0.0718969	7.4118
89.3	15	20	0.0589274	7.28713
89.4	15	20	0.0472469	7.16234
89.5	15	20	0.0368554	7.03744
89.6	15	20	0.0277527	6.91245
89.7	15	20	0.0199391	6.78739
89.8	15	20	0.0134145	6.66225
89.9	15	20	0.00817897	6.53705
90	15	20	0.00423305	6.4118
90.1	15	20	0.426947	6.74817
90.2	15	20	0.831465	7.09936
90.3	15	20	1.22469	7.45846
90.4	15	20	1.60894	7.82317
90.5	15	20	1.98554	8.1922
90.6	15	20	2.3554	8.56467
90.7	15	20	2.71918	8.93998
90.8	15	20	3.0774	9.31766
90.9	15	20	3.43047	9.69734
91	15	20	3.77872	10.0787
91.1	15	20	4.12246	10.4616
91.2	15	20	4.46192	10.8457
91.3	15	20	4.79732	11.2309
91.4	15	20	5.12886	11.6171
91.5	15	20	5.4567	12.004
91.6	15	20	5.781	12.3917
91.7	15	20	6.10189	12.78
91.8	15	20	6.4195	13.1688
91.9	15	20	6.73394	13.558
92	15	20	7.04532	13.9477
92.1	15	20	7.35374	14.3376
92.2	15	20	7.65928	14.7278
92.3	15	20	7.96203	15.1182
92.4	15	20	8.26207	15.5088
92.5	15	20	8.55947	15.8995
92.6	15	20	8.8543	16.2903
92.7	15	20	9.14663	16.6811
92.8	15	20	9.43651	17.0719
92.9	15	20	9.72401	17.4627
93	15	20	10.0092	17.8535
93.1	15	20	10.2921	18.2442
93.2	15	20	10.5727	18.6348
93.3	15	20	10.8512	19.0253
93.4	15	20	11.1275	19.3574
93.5	15	20	11.4018	19.6006
93.6	15	20	11.674	19.782
93.7	15	20	11.9441	19.917
93.8	15	20	12.2123	20.0173
93.9	15	20	12.4786	20.0918
94	15	20	12.7429	20.147
94.1	15	20	13.0054	20.1877
94.2	15	20	13.266	20.2177
94.3	15	20	13.5248	20.2397
94.4	15	20	13.7819	20.2556
94.5	15	20	14.0372	20.267
94.6	15	20	14.2907	20.2751
94.7	15	20	14.5001	20.2805
94.8	15	20	14.6532	20.2836
94.9	15	20	14.7668	20.2848
95	15	20	14.8507	20.2842
95.1	15	20	14.9126	20.2824
95.2	15	20	14.958	20.2794
95.3	15	20	14.9913	20.2757
95.4	15	20	15.0154	20.2712
95.5	15	20	15.0329	20.2663
95.6	15	20	15.0453	20.261
95.7	15	20	15.054	20.2555
95.8	15	20	15.0599	20.2498
95.9	15	20	15.0639	20.2441
96	15	20	15.0663	20.2383
96.1	15	20	15.0676	20.2325
96.2	15	20	15.0681	20.2267
96.3	15	20	15.068	20.221
96.4	15	20	15.0674	20.2154
96.5	15	20	15.0666	20.2098
96.6	15	20	15.0656	20.2044
96.7	15	20	15.0643	20.1991
96.8	15	20	15.063	20.1939
96.9	15	20	15.0617	20.1888
97	15	20	15.0603	20.1838
97.1	15	20	15.0588	20.179
97.2	15	20	15.0574	20.1742
97.3	15	20	15.056	20.1696
97.4	15	20	15.0546	20.1651
97.5	15	20	15.0532	20.1608
97.6	15	20	15.0518	20.1565
97.7	15	20	15.0505	20.1523
97.8	15	20	15.0492	20.1483
97.9	15	20	15.0479	20.1444
98	15	20	15.0467	20.1405
98.1	15	20	15.0455	20.1368
98.2	15	20	15.0443	20.1332
98.3	15	20	15.0431	20.1296
98.4	15	20	15.042	20.1262
98.5	15	20	15.0409	20.1228
98.6	15	20	15.0398	20.1196
98.7	15	20	15.0388	20.1164
98.8	15	20	15.0378	20.1133
98.9	15	20	15.0368	20.1103
99	15	20	15.0358	20.1073
99.1	15	20	15.0349	20.1045
99.2	15	20	15.0339	20.1017
99.3	15	20	15.033	20.099
99.4	15	20	15.0322	20.0964
99.5	15	20	15.0313	20.0938
99.6	15	20	15.0305	20.0913
99.7	15	20	15.0297	20.0889
99.8	15	20	15.0289	20.0865
99.9	15	20	15.0282	20.0842
100	15	20	15.0274	20.082
100.1	15	20	15.0267	20.0798
100.2	15	20	15.026	20.0777
100.3	15	20	15.0253	20.0756
100.4	15	20	15.0247	20.0736
100.5	15	20	15.024	20.0716
100.6	15	20	15.0234	20.0697
100.7	15	20	15.0228	20.0679
100.8	15	20	15.0222	20.0661
100.9	15	20	15.0216	20.0643
101	15	20	15.021	20.0626
101.1	15	20	15.0205	20.0609
101.2	15	20	15.0199	20.0593
101.3	15	20	15.0194	20.0577
101.4	15	20	15.0189	20.0562
101.5	15	20	15.0184	20.0547
101.6	15	20	15.0179	20.0533
101.7	15	20	15.0174	20.0518
101.8	15	20	15.017	20.0505
101.9	15	20	15.0165	20.0491
102	15	20	15.0161	20.0478
102.1	15	20	15.0157	20.0465
102.2	15	20	15.0153	20.0453
102.3	15	20	15.0149	20.0441
102.4	15	20	15.0145	20.0429
102.5	15	20	15.0141	20.0418
102.6	15	20	15.0137	20.0407
102.7	15	20	15.0134	20.0396
102.8	15	20	15.013	20.0385
102.9	15	20	15.0127	20.0375
103	15	20	15.0123	20.0365
103.1	15	20	15.012	20.0355
103.2	15	20	15.0117	20.0346
103.3	15	20	15.0114	20.0337
103.4	15	20	15.0111	20.0328
103.5	15	20	15.0108	20.0319
103.6	15	20	15.0105	20.0311
103.7	15	20	15.0102	20.0302
103.8	15	20	15.01	20.0294
103.9	15	20	15.0097	20.0287
104	15	20	15.0095	20.0279
104.1	15	20	15.0092	20.0271
104.2	15	20	15.009	20.0264
104.3	15	20	15.0087	20.0257
104.4	15	20	15.0085	20.025
104.5	15	20	15.0083	20.0244
104.6	15	20	15.0081	20.0237
104.7	15	20	15.0078	20.0231
104.8	15	20	15.0076	20.0225
104.9	15	20	15.0074	20.0219
